Gene Name,Gene Id,P‑Value SKATO,P‑Value Burden,P‑Value SKAT,BETA Burden,Burden Set,Chrom : Position,Chrom,Position,Details
TUBB1,ENSG00000101162,2.0197e-320,0,2.0197e-320,0.0171458984077495,missense|LC,20059019424,20,59019424,
DENND2C,ENSG00000175984,3.93519244423505e-78,4.39938616376411e-34,1.99862197073692e-74,-0.00314879134267411,missense|LC,1114581224,1,114581224,
DOCK8,ENSG00000107099,2.22107992876134e-51,9.56523412397618e-15,1.05610060586702e-49,0.00172618741521466,missense|LC,9000214865,9,214865,
SLFN14,ENSG00000236320,3.17823440134774e-50,0.308087128301801,4.54033485906821e-51,0.000371896834677835,missense|LC,17035548159,17,35548159,
GP9,ENSG00000169704,7.49069879401868e-31,8.27641635837805e-26,5.80817544224488e-28,0.00751637754030684,missense|LC,3129061679,3,129061679,
PLEK,ENSG00000115956,3.71842574765623e-26,3.46921041972975e-15,5.31203678236604e-27,0.00344251820341897,missense|LC,2068365290,2,68365290,
NELFCD,ENSG00000101158,4.83350398398336e-26,5.38422406659578e-8,6.90500569140479e-27,0.00374337275037543,missense|LC,20058981217,20,58981217,
GFI1B,ENSG00000165702,6.70324791174633e-23,9.57606844535191e-24,7.5912588470754e-12,0.0061046594515625,missense|LC,9132986657,9,132986657,
MYOC,ENSG00000034971,1.10769984196416e-22,2.02508323179654e-18,5.6887516128728e-22,0.00367019399439391,missense|LC,1171635836,1,171635836,
PRRC2C,ENSG00000117523,2.25541254832725e-18,0.0584128987633082,3.22201792618178e-19,0.000385735765459072,missense|LC,1171512070,1,171512070,
CD36,ENSG00000135218,5.24302260093166e-18,1.65825084908362e-15,0.00000416771001388039,0.00484519548275973,missense|LC,7080646654,7,80646654,
PRELID3B,ENSG00000101166,2.04358854099307e-16,5.91331822397123e-8,2.91941220141867e-17,0.0033127213222494,missense|LC,20059030193,20,59030193,
FMO4,ENSG00000076258,3.71286370747533e-16,7.79123960789921e-10,1.72716844049487e-16,0.00223335495921691,missense|LC,1171319750,1,171319750,
SERPIND1,ENSG00000099937,7.30493458705159e-14,0.0001672502261435,1.04356208386451e-14,-0.00157008574547306,missense|LC,22020779120,22,20779120,
SNAP29,ENSG00000099940,2.91688195174349e-13,2.56161712515971e-11,5.06854273659034e-14,-0.00383471784436607,missense|LC,22020858500,22,20858500,
TUBA8,ENSG00000183785,5.20243691258801e-13,0.00000231957039997788,6.65430732763968e-13,0.00323726739687936,missense|LC,22018110724,22,18110724,
AC069368.1,ENSG00000249240,6.56709625984117e-12,1.103433963678e-11,1.50141494164582e-9,0.00473828569378971,missense|LC,15064841897,15,64841897,
FAM186B,ENSG00000135436,7.32932383207052e-12,0.00506847248284958,1.04704626172436e-12,0.000700246901526108,missense|LC,12049587495,12,49587495,
PLEC,ENSG00000178209,1.25216723102087e-11,0.000470465515177265,4.38878577561079e-12,-0.000351537522971158,missense|LC,8143916118,8,143916118,
PLEKHO2,ENSG00000241839,2.3951708870769e-11,1.06251755127328e-9,6.80891730775457e-8,0.00360235973626534,missense|LC,15064841897,15,64841897,
NPC1,ENSG00000141458,6.05703490448798e-11,8.6529070064114e-12,0.000590888619810492,0.0022885483325368,missense|LC,18023526527,18,23526527,
FBXW9,ENSG00000132004,8.12133173652344e-11,1.14624259938919e-9,5.2049319482457e-10,-0.00413229875363447,missense|LC,19012689183,19,12689183,
IQGAP2,ENSG00000145703,8.1409213630331e-11,0.000213694896983863,1.19235762969056e-11,0.00124007520234906,missense|LC,5076403469,5,76403469,
NOTCH4,ENSG00000204301,8.49040152120706e-11,0.00142609769020607,1.32714127768357e-11,0.00072100413146477,missense|LC,6032189847,6,32189847,
JAK2,ENSG00000096968,9.9808635781396e-11,0.0259245157547032,1.42583765401994e-11,-0.000687120071065327,missense|LC,9005021944,9,5021944,
GRTP1,ENSG00000139835,1.78308736679849e-10,3.35449339416982e-8,4.97355597817162e-8,-0.00289019976878111,missense|LC,13113320246,13,113320246,
PILRA,ENSG00000085514,2.13591810904745e-10,0.00000652984150395497,9.06128476606505e-11,-0.00172467232305877,missense|LC,7100373564,7,100373564,
MOB3C,ENSG00000142961,2.15209960963136e-10,7.80722594740447e-11,0.000010713265679696,0.00397138088540176,missense|LC,1046609552,1,46609552,
OR2L5,ENSG00000197454,2.24872898080264e-10,0.000171682980039667,7.33516490495177e-11,0.00185933789277649,missense|LC,1248021894,1,248021894,
EIF2AK4,ENSG00000128829,2.5233304334904e-10,1.20856141538894e-7,2.96269275779082e-8,-0.00286786651848993,missense|LC,15039934076,15,39934076,
GSE1,ENSG00000131149,6.42299102793231e-10,0.0000100209211371105,2.72046688886554e-9,-0.000911815267771849,missense|LC,16085611389,16,85611389,
FMNL3,ENSG00000161791,6.4471561422863e-10,0.00459352455855866,6.43809253119772e-10,0.00116925240021312,missense|LC,12049631500,12,49631500,
NKX2-3,ENSG00000119919,1.78038221026975e-9,0.0734445615655649,5.93460736756585e-10,0.000612715180346042,missense|LC,10099533077,10,99533077,
AL669918.1,ENSG00000250264,1.89651688537619e-9,0.0426411894650169,6.32172295125398e-10,0.000608157932972007,missense|LC,6032813154,6,32813154,
RIPOR3,ENSG00000042062,1.92337701321321e-9,5.29322073949956e-8,4.20854607607879e-7,-0.00103832998233518,missense|LC,20050581113,20,50581113,
ZNF831,ENSG00000124203,3.55318345802961e-9,0.00011169566538205,7.19768745527555e-10,-0.0010489211313036,missense|LC,20059190908,20,59190908,
HEATR9,ENSG00000270379,5.88488274247204e-9,0.0307864253529104,8.40697534638863e-10,-0.00067357066678271,missense|LC,17035855011,17,35855011,
OR2T12,ENSG00000177201,6.42548170226576e-9,0.00000562837328377253,6.9902726205131e-9,0.00112682573918111,missense|LC,1248294502,1,248294502,
TAP2,ENSG00000204267,8.7406640987359e-9,0.00972904945166531,1.24866629981941e-9,0.00081887487107607,missense|LC,6032825913,6,32825913,
HEATR6,ENSG00000068097,1.25519458442856e-8,3.25640690220942e-8,0.0000060339666969611,-0.00257622038678674,missense|LC,17060043514,17,60043514,
GCSAML-AS1,ENSG00000284824,1.36847179144084e-8,0.00500754723524954,1.41057083791196e-8,0.00155921632695424,missense|LC,1247531464,1,247531464,
OR2C3,ENSG00000196242,2.91533444052305e-8,0.000310669802055408,4.22048915815765e-8,0.0021027283184798,missense|LC,1247531464,1,247531464,
TSBP1,ENSG00000204296,3.43179733042364e-8,0.00723714998579617,2.11814723538595e-8,0.000743148964185268,missense|LC,6032292959,6,32292959,
CFB,ENSG00000243649,6.37064655473196e-8,0.0000010958394818239,9.57759845876538e-8,-0.00202314172131242,missense|LC,6031942854,6,31942854,
TNFRSF13B,ENSG00000240505,7.0680154728997e-8,0.0000085285584007222,3.7342585579303e-8,0.00142243448095965,missense|LC,17016939443,17,16939443,
AL645922.1,ENSG00000244255,7.42004253595496e-8,0.00000891835306338074,6.62348905722254e-8,-0.00160877655832436,missense|LC,6031927426,6,31927426,
SVEP1,ENSG00000165124,9.93993451992026e-8,0.178222066703041,1.99796036381983e-8,0.000214227551389741,missense|LC,9110366439,9,110366439,
ACTN4,ENSG00000130402,1.20767040812098e-7,0.00000912687061149775,1.55542771218542e-7,-0.00178672237614993,missense|LC,19038647600,19,38647600,
WAS,ENSG00000015285,1.23822902153847e-7,0.126618833407179,3.51046336411253e-8,-0.000496965094692822,missense|LC,23048683726,X,48683726,
PRRC2A,ENSG00000204469,1.89511589865354e-7,0.0000294021546909384,3.02212703973126e-7,-0.000854935403669525,missense|LC,6031615716,6,31615716,
KLHL20,ENSG00000076321,1.92509835295063e-7,0.00000272336573381438,4.04166145440144e-7,0.00375783015135986,missense|LC,1173715969,1,173715969,
CRLF3,ENSG00000176390,2.82757331548922e-7,0.00000278459441827028,5.03446818789222e-7,-0.00396749573953926,missense|LC,17030784119,17,30784119,
IQCC,ENSG00000160051,3.01538530478318e-7,0.0000550122759218619,7.95061785519025e-7,0.001256820081678,missense|LC,1032201850,1,32201850,
GP1BB,ENSG00000203618,3.59687853834778e-7,0.00000223693040679596,5.71698000717547e-7,0.00243588500631771,missense|LC,22019718541,22,19718541,
MEPCE,ENSG00000146834,4.0314037796918e-7,0.0526912337270833,3.7758080762007e-7,-0.000825206960906222,missense|LC,7100429934,7,100429934,
CUL4A,ENSG00000139842,4.07123383561192e-7,0.0000316752437540258,3.12077919284448e-7,-0.00178589101822758,missense|LC,13113207970,13,113207970,
MTMR2,ENSG00000087053,4.29274087276887e-7,0.00779389168402156,2.26989038898395e-7,0.00125419563426926,missense|LC,11095827883,11,95827883,
GNB1,ENSG00000078369,5.1728326433409e-7,0.000896883177963326,4.01268072325323e-7,0.00718139432926847,missense|LC,1001787326,1,1787326,
NLRP3,ENSG00000162711,5.99438909509864e-7,0.0000175462565475959,7.44049294398863e-7,0.00180165901474078,missense|LC,1247418709,1,247418709,
GPSM3,ENSG00000213654,6.19521212552598e-7,0.0000117709235125663,5.97809129976312e-7,-0.002426469863597,missense|LC,6032186341,6,32186341,
ZNF672,ENSG00000171161,6.65167322555504e-7,0.0000706987553258376,6.29355712544744e-7,0.00203352858243358,missense|LC,1248847146,1,248847146,
EP300,ENSG00000100393,9.92299436730626e-7,0.000954052772304759,4.71067569396411e-7,-0.000795330404562314,missense|LC,22041092915,22,41092915,
CIB3,ENSG00000141977,0.00000101089548576461,0.0000746407656369019,9.34096900162551e-7,0.00363976115944497,missense|LC,19016157142,19,16157142,
DPP9,ENSG00000142002,0.00000104457442318129,0.00000168294682190151,0.0000128120230471485,0.00155193459905166,missense|LC,19004670228,19,4670228,
PEAR1,ENSG00000187800,0.00000108312616731165,0.332470432867571,5.93909557311534e-7,-0.000356653609148939,missense|LC,1156903913,1,156903913,
CDSN,ENSG00000204539,0.00000118514321845176,0.00000470265127650027,0.00000407975309180131,-0.00141503739721408,missense|LC,6031111304,6,31111304,
GPATCH3,ENSG00000198746,0.00000126534096900333,0.00000125765873437711,0.0014727475484152,-0.00212290503118237,missense|LC,1026885925,1,26885925,
CLIP1,ENSG00000130779,0.00000183652113106003,0.00185130199528483,0.00000135947157220428,0.00105661686761251,missense|LC,12122266436,12,122266436,
TEC,ENSG00000135605,0.00000257631121913793,0.00000104846551685078,0.00298807436526882,0.00380380158834489,missense|LC,4048134065,4,48134065,
GNAS,ENSG00000087460,0.00000281348022368455,0.000596179312911005,0.00000187061362721952,-0.00110929602028862,missense|LC,20058852950,20,58852950,
ADCY6,ENSG00000174233,0.00000282535954299057,0.0280749499316721,9.04488153041783e-7,0.000774724175084124,missense|LC,12048768470,12,48768470,
RDH16,ENSG00000139547,0.00000297271206972649,0.00000123975996335624,0.000425461287617224,-0.00259930912476417,missense|LC,12056951963,12,56951963,
LY6G6F,ENSG00000204424,0.00000322845586597786,0.00000607503178395863,0.00000884647733290223,-0.00222018435511382,missense|LC,6031701983,6,31701983,
LY6G6F-LY6G6D,ENSG00000250641,0.00000343589017404167,0.0000114829972135411,0.00000877037035540429,-0.00203877043794348,missense|LC,6031701983,6,31701983,
RPS6,ENSG00000137154,0.00000367263399381201,0.0000539045847022246,0.00000534374565708262,0.00429433926575523,missense|LC,9019371758,9,19371758,
LRCH1,ENSG00000136141,0.00000383967690376075,0.00189763253747643,0.00000245232896145531,-0.00122593651478465,missense|LC,13046553330,13,46553330,
WNT10B,ENSG00000169884,0.00000509180827434896,0.0449646714363066,0.00000362681626708827,0.00132591410891675,missense|LC,12048965988,12,48965988,
TPRA1,ENSG00000163870,0.00000515479618123926,0.27442266044148,0.00000181973807411584,0.000534770293598593,missense|LC,3127573393,3,127573393,
TXLNA,ENSG00000084652,0.00000575261033364249,0.0346642383361512,0.00000474581319287459,0.00112767280206704,missense|LC,1032180213,1,32180213,
CAPZA1,ENSG00000116489,0.00000641331769868358,0.0000203291044802434,0.00000905332000344927,0.00234255843008022,missense|LC,1112616768,1,112616768,
BCDIN3D,ENSG00000186666,0.00000688003582949293,0.00024921956672519,0.00000688567952666919,0.00178206163946967,missense|LC,12049838283,12,49838283,
XDH,ENSG00000158125,0.00000734410178582223,0.196500409636202,0.00000246099494782825,0.000321167424201691,missense|LC,2031335874,2,31335874,
CD226,ENSG00000150637,0.0000075009582873875,0.00734011681622104,0.00000282031209442035,-0.00141640841186317,missense|LC,18069864239,18,69864239,
ITGA2B,ENSG00000005961,0.00000954392733776288,0.00242987465715383,0.00000709729560988137,0.00121227887765866,missense|LC,17044372282,17,44372282,
PLXNA3,ENSG00000130827,0.0000100569990326704,0.907634888643241,0.00000356777068155623,0.0000193334946841156,missense|LC,23154460169,X,154460169,
ZNF655,ENSG00000197343,0.0000102163482964546,0.000188531512216317,0.00000946433885129494,-0.00161417645707928,missense|LC,7099560447,7,99560447,
GPNMB,ENSG00000136235,0.0000111794167670931,0.00000592308051738932,0.00030551918629218,0.00123072559586608,missense|LC,7023246826,7,23246826,
TRAPPC6A,ENSG00000007255,0.0000116174169948469,0.000210369127958243,0.0000106518084371787,0.00228106783825569,missense|LC,19045158512,19,45158512,
ZNF467,ENSG00000181444,0.0000124033537420853,0.00000815087189875996,0.000232484904129082,0.00136796534114584,missense|LC,7149764562,7,149764562,
HFE,ENSG00000010704,0.0000126942577216571,0.00000511043626882923,0.0267973669422727,0.0025969362248796,missense|LC,6026087374,6,26087374,
RAB44,ENSG00000255587,0.000013366569657669,0.837375549672369,0.00000492374406291241,-0.0000467947509858898,missense|LC,6036704160,6,36704160,
ARHGAP12,ENSG00000165322,0.000013394112877485,0.630830339109183,0.0000034301339449927,-0.000314133028093864,missense|LC,10031807572,10,31807572,
DENND4B,ENSG00000198837,0.0000143603043361029,0.00104371047111074,0.0000185341786997917,-0.00155043667648661,missense|LC,1153930173,1,153930173,
AGER,ENSG00000204305,0.0000143804842385187,0.00174027360377926,0.0000100277401599014,-0.00135521793688727,missense|LC,6032175969,6,32175969,
TUBA4A,ENSG00000127824,0.0000147822584032342,0.0000224378278824711,0.000663532755685536,0.00662175515610949,missense|LC,2219245941,2,219245941,
BRAT1,ENSG00000106009,0.0000171692129464773,0.00000768432395803487,0.00121522958971532,-0.000963931195506363,missense|LC,7002537908,7,2537908,
LPL,ENSG00000175445,0.0000189000919244009,0.0000110596802219698,0.00261851947838787,0.00318157699641796,missense|LC,8019939364,8,19939364,
PTPN6,ENSG00000111679,0.0000190773963690827,0.0000400793329300431,0.000091337776158662,0.00201264348758899,missense|LC,12006946666,12,6946666,
ATF6B,ENSG00000213676,0.0000190821426918619,0.0000100506743458961,0.000407455673974821,-0.00141937331258413,missense|LC,6032115669,6,32115669,
CRNN,ENSG00000143536,0.0000206932868401788,0.000035692549026245,0.000130806401703709,0.00223120419664848,missense|LC,1152409436,1,152409436,
OR2L8,ENSG00000279263,0.0000210293049859311,0.079190542872264,0.0000102919370603693,0.000796948765831836,missense|LC,1247948794,1,247948794,
CTDSP1,ENSG00000144579,0.0000213921316581933,0.0000970033395160108,0.0000165626371269045,0.00246283190172703,missense|LC,2218394755,2,218394755,
FBXO24,ENSG00000106336,0.0000218512465776088,0.0073276284050896,0.0000169181395195395,-0.00110497202199024,missense|LC,7100585773,7,100585773,
GP6,ENSG00000088053,0.0000221813577223617,0.000088057298242683,0.0000691387097160323,-0.00168795258465001,missense|LC,19055014296,19,55014296,
DOCK10,ENSG00000135905,0.0000271508919634789,0.724913809896444,0.0000105842942967893,0.000104199365212194,missense|LC,2224765687,2,224765687,
MAL,ENSG00000172005,0.0000274862143215815,0.00297078270556717,0.0000281611071865084,0.00151294691370138,missense|LC,2095025739,2,95025739,
OPN5,ENSG00000124818,0.0000278027275786297,0.0000583506523830213,0.000133262493591357,-0.00322886431808428,missense|LC,6047782002,6,47782002,
PSORS1C2,ENSG00000204538,0.0000281391968129929,0.36085834479023,0.0000112550671887979,-0.000424770093637416,missense|LC,6031137934,6,31137934,
ADPRHL1,ENSG00000153531,0.0000319601684523052,0.0499344690370511,0.0000125648265218992,-0.000728329518454621,missense|LC,13113422715,13,113422715,
TANGO2,ENSG00000183597,0.000033385905655714,0.000124255022850406,0.0000336380655006074,-0.00197069326735949,missense|LC,22020036698,22,20036698,
RAB22A,ENSG00000124209,0.0000335047916668607,0.0000131114311643366,0.0304505362597016,0.00920856937390641,missense|LC,20058309863,20,58309863,
C6orf15,ENSG00000204542,0.0000342647489509629,0.0000199012717974067,0.000159610061580939,-0.00170093400025596,missense|LC,6031111304,6,31111304,
TRIM64C,ENSG00000214891,0.0000361653948661722,0.000402455383029299,0.0000566522809197778,0.00208703728337595,missense|LC,11049053570,11,49053570,
NOP14,ENSG00000087269,0.0000370922884364022,0.00140314028125976,0.0000269910363192016,0.000958816236147174,missense|LC,4002933027,4,2933027,
VAMP8,ENSG00000118640,0.0000375520141353558,0.00090954641371721,0.0000322132030339262,-0.00318801349926043,missense|LC,2085577527,2,85577527,
CDCA2,ENSG00000184661,0.0000410810947031326,0.0830542092564971,0.0000266789410997559,0.000361673168385545,missense|LC,8025457289,8,25457289,
INKA1,ENSG00000185614,0.0000412088267016664,0.0266785306144485,0.0000219707214900167,0.00159302241552002,missense|LC,3049798747,3,49798747,
C7orf26,ENSG00000146576,0.0000417298741155481,0.000448463126026866,0.0000417713107583317,-0.00196211588593479,missense|LC,7006585022,7,6585022,
FBXL22,ENSG00000197361,0.0000426262249284548,0.000840293143788418,0.0000213596424094575,0.00104799468143822,missense|LC,15063597329,15,63597329,
CPEB3,ENSG00000107864,0.0000428774917926589,0.0670347656519678,0.0000247219613166427,-0.000887599902862792,missense|LC,10092052177,10,92052177,
ZNF701,ENSG00000167562,0.0000429758251812018,0.0000403250048039983,0.000779745258302156,0.00158716519994112,missense|LC,19052572312,19,52572312,
PPP4R1,ENSG00000154845,0.0000430247932821093,0.000871777698952414,0.0000271745119231337,0.00100140981052089,missense|LC,18009547688,18,9547688,
MICALL1,ENSG00000100139,0.0000431926439444785,0.0000206901942246818,0.00832042893129192,0.00200712094754277,missense|LC,22037906313,22,37906313,
SLC34A1,ENSG00000131183,0.0000532243067206117,0.000993252832987901,0.0000305692080732056,-0.00122471057627291,missense|LC,5177385702,5,177385702,
MDC1,ENSG00000137337,0.000054979673203448,0.0000270926555685502,0.000867430933183533,-0.000561086410379854,missense|LC,6030700377,6,30700377,
CYP3A7,ENSG00000160870,0.0000550826825752582,0.0185882013017926,0.0000480815429371173,-0.00104399127327113,missense|LC,7099700036,7,99700036,
CYP3A7-CYP3A51P,ENSG00000282301,0.0000570887730698688,0.01799302352844,0.0000479995308280134,-0.00101519535288017,missense|LC,7099685230,7,99685230,
SDCBP2,ENSG00000125775,0.0000585947867260961,0.000130232605596525,0.000101074294634351,-0.00178562704352453,missense|LC,20001304911,20,1304911,
ADAMTSL2,ENSG00000197859,0.0000594819840296079,0.00125216169523323,0.000083274130187605,0.00105635093540907,missense|LC,9133534572,9,133534572,
RAB8B,ENSG00000166128,0.0000611489720767633,0.000104856143117948,0.000109060769515334,0.0043666699020386,missense|LC,15063189506,15,63189506,
ARHGAP4,ENSG00000089820,0.0000613360090088166,0.0000755298856329745,0.000583172902329676,0.0011170512927498,missense|LC,23153905056,X,153905056,
GABPB1,ENSG00000104064,0.0000685207830288803,0.000259562372835087,0.0000684088786032655,-0.00257372443840504,missense|LC,15050278570,15,50278570,
OR2T11,ENSG00000279301,0.0000703733824565234,0.0411013804309299,0.0000530806335341527,0.000746103236195817,missense|LC,1248626173,1,248626173,
SEC16B,ENSG00000120341,0.0000711181566361851,0.0447293503159248,0.0000333624432258262,-0.000604906806318859,missense|LC,1177929765,1,177929765,
PTPRH,ENSG00000080031,0.0000722060419832138,0.0710881107350796,0.0000595205835108858,0.000424019910139116,missense|LC,19055178090,19,55178090,
TOR4A,ENSG00000198113,0.0000762369285115527,0.000306779258391399,0.000154741151158988,0.00185955810066696,missense|LC,9137272728,9,137272728,
HERC1,ENSG00000103657,0.0000834731970820179,0.038253628566281,0.0000339338633162933,0.000454397482925494,missense|LC,15063609012,15,63609012,
KMT2D,ENSG00000167548,0.0000840570369535776,0.217230038495815,0.0000292103406307476,-0.000192994951569256,missense|LC,12049018370,12,49018370,
UBE2I,ENSG00000103275,0.0000842524986861548,0.0000803958449935305,0.00115355469992307,0.020424826227561,missense|LC,16001313952,16,1313952,
SH2D3C,ENSG00000095370,0.0000844862637306987,0.230559299851352,0.0000513106555551923,-0.00049176847687207,missense|LC,9127733320,9,127733320,
C4orf33,ENSG00000151470,0.000085356075230858,0.00490248151459527,0.0000651548144585679,0.00243017057591989,missense|LC,4129093037,4,129093037,
INPP4B,ENSG00000109452,0.0000854188822643209,0.00125262797656711,0.000050632893566771,0.00117773408943706,missense|LC,4142028694,4,142028694,
FAM102B,ENSG00000162636,0.0000966004897895445,0.000041127585925671,0.0804920935569557,0.00394152353812806,missense|LC,1108560314,1,108560314,
PDLIM1,ENSG00000107438,0.0000998202244392177,0.000353192214571307,0.000414629609784889,0.00324377585225749,missense|LC,10095237868,10,95237868,
ARAP1,ENSG00000186635,0.000107967866827874,0.0000683600145637842,0.00410330228321576,0.00113314961481828,missense|LC,11072685558,11,72685558,
NFXL1,ENSG00000170448,0.000108612005606967,0.00186671952302886,0.0000751811656046764,0.00128145448868025,missense|LC,4047848129,4,47848129,
VBP1,ENSG00000155959,0.000111472389917711,0.259689338369738,0.0000482029998674083,0.00267141504385078,missense|LC,23155216314,X,155216314,
EEF1AKMT3,ENSG00000123427,0.000113635066819051,0.0000796853230757844,0.000378902758229049,0.00167528747835111,missense|LC,12057768878,12,57768878,
UFSP1,ENSG00000176125,0.000114122823983598,0.108612233485082,0.0000495718753791285,-0.00107328414841798,missense|LC,7100883976,7,100883976,
APOBEC3D,ENSG00000243811,0.000120675981172713,0.000073987939941178,0.000982045220839445,-0.00148723121933607,missense|LC,22039017655,22,39017655,
MAN2C1,ENSG00000140400,0.000121728098609664,0.0019895655221005,0.000127185729550616,0.000952277283306029,missense|LC,15075352033,15,75352033,
GATA1,ENSG00000102145,0.000122031312790649,0.0000932985505799344,0.00232309485225257,0.00323419829222115,missense|LC,23048791076,X,48791076,
INTS8,ENSG00000164941,0.000125176445014419,0.0660080902057547,0.0000967399121865054,0.000822855055310801,missense|LC,8094823247,8,94823247,
AL022318.4,ENSG00000284554,0.000129156051610124,0.0000835340667233453,0.000984211006531677,-0.00147773372427662,missense|LC,22039014263,22,39014263,
DNM1,ENSG00000106976,0.000131918199626324,0.000189421960824054,0.000362770355766706,-0.00204999127032267,missense|LC,9128203360,9,128203360,
CYP2D6,ENSG00000100197,0.000134788535392838,0.000216291395731427,0.000427639582950334,-0.000847074683873713,missense|LC,22042126471,22,42126471,
AC097104.1,ENSG00000285528,0.000136347393881797,0.0000881901662381779,0.0172621450559169,-0.00760901089458006,missense|LC,12056451223,12,56451223,
FAM86B1,ENSG00000186523,0.000146692176862029,0.000128802519059112,0.000277239103876337,-0.00106337829968144,missense|LC,8012178585,8,12178585,
IL27RA,ENSG00000104998,0.000150550596472621,0.0165335253895516,0.000065990171447261,-0.00075035218844607,missense|LC,19014028150,19,14028150,
UTS2R,ENSG00000181408,0.000157924395700615,0.0181120520160403,0.000080689001649481,-0.00169558786289198,missense|LC,17082374259,17,82374259,
SRD5A2,ENSG00000277893,0.000161273629918024,0.0000878147062592927,0.0904124440908585,-0.00403898853771999,missense|LC,2031526163,2,31526163,
GSN,ENSG00000148180,0.000163816714480736,0.0175608040944318,0.0000719490351575036,0.000648509359902831,missense|LC,9121299234,9,121299234,
CLPX,ENSG00000166855,0.000163935376552127,0.720339799612982,0.0000853422961073491,-0.000128708145377966,missense|LC,15065150796,15,65150796,
CLU,ENSG00000120885,0.000171446749861248,0.000348619343951362,0.000398509614339182,-0.0015674439784705,missense|LC,8027598164,8,27598164,
AGO4,ENSG00000134698,0.000172149655722431,0.00103873915566832,0.000400951304379893,-0.00235710744344499,missense|LC,1035808334,1,35808334,
ELP6,ENSG00000163832,0.000173545667637498,0.148768870044584,0.0000854929362408274,0.000901375129445069,missense|LC,3047495918,3,47495918,
REEP4,ENSG00000168476,0.000178703791794077,0.000791125618127553,0.000186981134545072,-0.00173564274136135,missense|LC,8022138393,8,22138393,
OR2M5,ENSG00000162727,0.0001950936037729,0.696843187608542,0.0000927632751166474,-0.000130941645064451,missense|LC,1248145050,1,248145050,
POMZP3,ENSG00000146707,0.000199751858596109,0.000185189933142205,0.000934788116687013,-0.00255461658436442,missense|LC,7076610099,7,76610099,
RRAS,ENSG00000126458,0.000203065456525597,0.0023618831978568,0.000160343313154065,0.00143305344689027,missense|LC,19049635529,19,49635529,
SPAG7,ENSG00000091640,0.000205576448586986,0.0142660289132158,0.000183357532558381,-0.00173654170656275,missense|LC,17004955002,17,4955002,
TSPO,ENSG00000100300,0.000205586108168232,0.000149402987869918,0.00208152958119756,0.00241808302331444,missense|LC,22043159137,22,43159137,
SLC9A3R2,ENSG00000065054,0.000207624611479051,0.000460755079329189,0.000309153202279644,-0.00119825904380525,missense|LC,16002026960,16,2026960,
ARHGAP21,ENSG00000107863,0.000207763977644437,0.615493951005359,0.0000861730755290502,0.000120185016531165,missense|LC,10024584310,10,24584310,
PPP1R18,ENSG00000146112,0.000223809237194117,0.599848174720953,0.0000974165899002566,-0.000145632754770356,missense|LC,6030672569,6,30672569,
S1PR2,ENSG00000267534,0.00022603272824584,0.00206600128971079,0.000192223019275128,0.00134536086069055,missense|LC,19010223767,19,10223767,
NELL2,ENSG00000184613,0.000228679844817781,0.0812962464600562,0.000100200328611466,-0.000676648040748499,missense|LC,12044508872,12,44508872,
ZNF680,ENSG00000173041,0.000228763245199826,0.000175527011182175,0.0091869298897379,-0.00205485517426771,missense|LC,7064521075,7,64521075,
BCAN,ENSG00000132692,0.000228982951156809,0.0192004725354238,0.000134102338386399,0.000924299100757409,missense|LC,1156645979,1,156645979,
SACS,ENSG00000151835,0.0002397768758573,0.0000934194995028115,0.274608238639113,0.000717474089940111,missense|LC,13023324304,13,23324304,
HECTD3,ENSG00000126107,0.000240208658216945,0.000216991515339382,0.000947536606195065,0.000941060941061679,missense|LC,1045003427,1,45003427,
PLA2G12A,ENSG00000123739,0.000245835595251376,0.000196586352840478,0.00163246719844201,0.00174797529295526,missense|LC,4109714362,4,109714362,
HNF4A,ENSG00000101076,0.000247736250165276,0.0971455929808981,0.000110998285333119,0.00176649387674171,missense|LC,20044401246,20,44401246,
ZNF609,ENSG00000180357,0.000257737330088159,0.115107883862845,0.000111180372810882,-0.000539430929081055,missense|LC,15064499303,15,64499303,
AMDHD1,ENSG00000139344,0.00025819253001691,0.00838852085274122,0.000171228145405489,-0.00151552313797831,missense|LC,12095943344,12,95943344,
ZFPM2,ENSG00000169946,0.000268069545334093,0.0717089264343619,0.000122058081365672,0.000428920735879828,missense|LC,8105318855,8,105318855,
BCAM,ENSG00000187244,0.000285350371423188,0.904590531426049,0.000131229897140983,0.0000283095152167738,missense|LC,19044809038,19,44809038,
MPIG6B,ENSG00000204420,0.000288062454128268,0.000191445569258653,0.12183851758181,0.00308992350462414,missense|LC,6031719038,6,31719038,
GP1BA,ENSG00000185245,0.000296881452341302,0.000199788165743175,0.0217702586089269,0.00174123977234485,missense|LC,17004932242,17,4932242,
C3orf52,ENSG00000114529,0.000311738010785545,0.000167350804117117,0.0777526069665433,-0.00149465572537112,missense|LC,3112086308,3,112086308,
ZPR1,ENSG00000109917,0.000316134534535495,0.00539692270446313,0.000168594732736782,0.000915720926990831,missense|LC,11116770097,11,116770097,
MTFMT,ENSG00000103707,0.000316543057114371,0.00300592416433232,0.000205305869555472,-0.00135437110113878,missense|LC,15065003015,15,65003015,
OR10R2,ENSG00000198965,0.000322407700669936,0.000167641766029902,0.0291506458078812,-0.00154463886452634,missense|LC,1158479853,1,158479853,
ZCWPW1,ENSG00000078487,0.000327151554234129,0.0104969451887287,0.000168032516254968,-0.000883612019447061,missense|LC,7100397799,7,100397799,
VASH2,ENSG00000143494,0.000328891573477263,0.000288897400304799,0.0973800108023252,0.00229057152494155,missense|LC,1212951543,1,212951543,
RECQL4,ENSG00000160957,0.00033688926583042,0.340053138030038,0.000135444697893061,-0.000165380179320315,missense|LC,8144506300,8,144506300,
SEMA3G,ENSG00000010319,0.000338683129101125,0.000159662612472355,0.010394100621446,0.00124677419032896,missense|LC,3052435523,3,52435523,
ZFP82,ENSG00000181007,0.000339518721258925,0.000146431147342696,0.0381225206749942,-0.0040335555891863,missense|LC,19036392668,19,36392668,
NECAP2,ENSG00000157191,0.000345862806870434,0.000262533944275445,0.000510331597366909,0.00196261143972277,missense|LC,1016440697,1,16440697,
KIF2B,ENSG00000141200,0.0003486795365375,0.0194268363656516,0.000167654430400788,-0.00076813814899884,missense|LC,17053822959,17,53822959,
SNX16,ENSG00000104497,0.000351109613405787,0.000408981834502997,0.000519826905072351,0.0017863095609569,missense|LC,8081801475,8,81801475,
DDO,ENSG00000203797,0.000353179089813804,0.207854369245118,0.000208242389403313,0.00055744121762982,missense|LC,6110388718,6,110388718,
HACL1,ENSG00000131373,0.000356169318210697,0.00143362553323423,0.000345080345770743,0.00145667768912248,missense|LC,3015560828,3,15560828,
HTR3E,ENSG00000186038,0.0003589973797965,0.0545744592544045,0.00019736188921371,0.00129422858366072,missense|LC,3184100374,3,184100374,
MLN,ENSG00000096395,0.000366021528419247,0.000872939935234962,0.000523945126174929,0.00280456501991937,missense|LC,6033794736,6,33794736,
MYH9,ENSG00000100345,0.000369134682194461,0.000147642447000385,0.0335673081706576,0.000901011867204929,missense|LC,22036282604,22,36282604,
TRMT112,ENSG00000173113,0.000372415264346726,0.179735816525009,0.000148693018053425,0.00234303708105665,missense|LC,11064313908,11,64313908,
NUAK2,ENSG00000163545,0.000388636720940472,0.00331309651120604,0.00044328500473223,0.00164241085353704,missense|LC,1205303378,1,205303378,
HSPA1L,ENSG00000204390,0.000399368375786469,0.0253866943845754,0.000244651123060935,-0.00100413769547435,missense|LC,6031806016,6,31806016,
SAPCD1,ENSG00000228727,0.000401182843001391,0.00019332336680622,0.00293322577943789,-0.00121284195994332,missense|LC,6031758060,6,31758060,
SPHK1,ENSG00000176170,0.00040317683108293,0.195032104183513,0.000221098312666923,0.00045414611821418,missense|LC,17076384995,17,76384995,
PPP1R37,ENSG00000104866,0.000416472826106462,0.139443411729146,0.000231325567765062,0.000767368422957751,missense|LC,19045090016,19,45090016,
DOK3,ENSG00000146094,0.000417773408157296,0.00021834465074122,0.0117888858890541,0.00185802316109087,missense|LC,5177503787,5,177503787,
OR5I1,ENSG00000167825,0.000437230177399495,0.000207914529038011,0.167976367644069,0.0025247415016125,missense|LC,11055935422,11,55935422,
CDON,ENSG00000064309,0.000437665713653446,0.0808688583246941,0.000209022162931394,-0.00116875869396577,missense|LC,11125950802,11,125950802,
NKPD1,ENSG00000179846,0.000444394299920159,0.00290520952504447,0.000415941726070068,0.00104986614070559,missense|LC,19045144789,19,45144789,
TMEM231,ENSG00000205084,0.000449234363704032,0.00485016405458272,0.000357497956865682,-0.00101544782411861,missense|LC,16075539914,16,75539914,
TPRN,ENSG00000176058,0.000455208372941218,0.0062247631310185,0.00035523598013687,0.000731182697859506,missense|LC,9137187360,9,137187360,
PCNX3,ENSG00000197136,0.00047464023873367,0.00328074182359428,0.000421491824036835,-0.000529828298019254,missense|LC,11065612897,11,65612897,
BTK,ENSG00000010671,0.000480444338706754,0.000414576143446643,0.00274580706665328,0.00231585488199673,missense|LC,23101345601,X,101345601,
ADGRE5,ENSG00000123146,0.000482722066588726,0.00816312212584203,0.000268406217615036,-0.000782458022222031,missense|LC,19014380537,19,14380537,
DUSP2,ENSG00000158050,0.000482763605337166,0.00230421955931071,0.000395512334522286,0.00140509450566509,missense|LC,2096138309,2,96138309,
PCCB,ENSG00000114054,0.000489651818146308,0.0037270284255182,0.000436022372949707,-0.0010166801341113,missense|LC,3136250274,3,136250274,
AMN,ENSG00000166126,0.000490838295886253,0.497013497088092,0.000225193902620768,0.000211436466854442,missense|LC,14102922665,14,102922665,
MUC22,ENSG00000261272,0.000497158561374222,0.00125997318817073,0.000592228607240175,-0.00029282874504734,missense|LC,6031025393,6,31025393,
SLC22A16,ENSG00000004809,0.000508813063118896,0.0823709609382188,0.000241705444552709,0.000664017329184502,missense|LC,6110424776,6,110424776,
ARPC2,ENSG00000163466,0.000513489419315283,0.000269920085922304,0.0184594085319882,-0.00639163496101067,missense|LC,2218217393,2,218217393,
ZNF383,ENSG00000188283,0.000514036663094242,0.0627446153386018,0.000190858497467805,0.00233609250780654,missense|LC,19037230369,19,37230369,
APLP1,ENSG00000105290,0.00052589891267274,0.000951820081549593,0.0006069165237792,0.00141313292305243,missense|LC,19035864594,19,35864594,
GREB1L,ENSG00000141449,0.000537089643794286,0.00285462842550677,0.000493330218606536,0.000988957231434128,missense|LC,18021383453,18,21383453,
HIGD1C,ENSG00000214511,0.000540391458735523,0.000510916570352626,0.00169022007188391,-0.00207670924710199,missense|LC,12050953981,12,50953981,
DDR1,ENSG00000204580,0.000557112241771907,0.00498881441504873,0.000368431545924808,-0.000894564770632734,missense|LC,6030888731,6,30888731,
PTGER1,ENSG00000160951,0.000562933749631123,0.364160776092573,0.000270339430804123,-0.000347580624459543,missense|LC,19014467517,19,14467517,
CEP152,ENSG00000103995,0.000566128837188984,0.56670073121441,0.000244992841121894,0.000158865174961716,missense|LC,15048738159,15,48738159,
ZNF521,ENSG00000198795,0.000578694345236053,0.010777830377532,0.00036281885911893,0.00096527173503004,missense|LC,18025062607,18,25062607,
RIN2,ENSG00000132669,0.000585001356939285,0.000277158953189138,0.00976897779111763,0.000974569901180713,missense|LC,20019886667,20,19886667,
AFF4,ENSG00000072364,0.000626118453355584,0.00651409706604289,0.000529148987481909,-0.00136638169671804,missense|LC,5132873647,5,132873647,
NTN5,ENSG00000142233,0.000627449726804619,0.0299578081935939,0.000370669721335593,0.000925295352607894,missense|LC,19048661546,19,48661546,
NCKAP1L,ENSG00000123338,0.000629661729126263,0.383488876484071,0.000285535926665137,-0.000328274125996649,missense|LC,12054497766,12,54497766,
TXNIP,ENSG00000265972,0.000633279589849267,0.00674217148211709,0.00047050560709383,0.00118207870973815,missense|LC,1145993752,1,145993752,
CTTNBP2NL,ENSG00000143079,0.000635860376144937,0.0134835613197075,0.000309668983933031,-0.000913555595735848,missense|LC,1112416152,1,112416152,
STK11,ENSG00000118046,0.000643459077949493,0.0130207395491603,0.000474591230484656,0.00126165630921933,missense|LC,19001206791,19,1206791,
TBC1D10B,ENSG00000169221,0.00067707180389398,0.0014601339147835,0.00107759014146758,-0.00116234949444392,missense|LC,16030352961,16,30352961,
SH3BP5,ENSG00000131370,0.000684629244937285,0.00194109300808276,0.000684469212441696,-0.00125688445792013,missense|LC,3015250908,3,15250908,
CKM,ENSG00000104879,0.000694611165874548,0.17203928593183,0.0003245910580425,-0.000632669750409313,missense|LC,19045302229,19,45302229,
GLYATL3,ENSG00000203972,0.000695577624895805,0.00166236345004345,0.0012646756605873,-0.00343393443867466,missense|LC,6049511979,6,49511979,
CRCT1,ENSG00000169509,0.000707509979408827,0.0503315551651653,0.000584046941369154,0.00213698712312905,missense|LC,1152511483,1,152511483,
ZNF620,ENSG00000177842,0.000708099422380259,0.000279843691549542,0.471592898195584,0.00353229780455419,missense|LC,3040506246,3,40506246,
ZNF772,ENSG00000197128,0.000708448665135419,0.00190386553893807,0.000731478590305423,0.00148598955134578,missense|LC,19057473187,19,57473187,
PTTG2,ENSG00000250254,0.00071042347759287,0.691359712374405,0.00031345863590615,0.000274469832200235,missense|LC,4037960377,4,37960377,
CYB5D1,ENSG00000182224,0.000713886003809949,0.378103099407718,0.000437526280713807,0.000481356761302814,missense|LC,17007853003,17,7853003,
EPPK1,ENSG00000261150,0.000716901878576204,0.883937193918293,0.00028502356086102,-0.0000217370929557841,missense|LC,8143857953,8,143857953,
XAF1,ENSG00000132530,0.000739520312657338,0.00416731640788726,0.000616626704968981,-0.00229855378845905,missense|LC,17006755371,17,6755371,
MS4A2,ENSG00000149534,0.000741462492266032,0.0133170884777246,0.000484739079904872,0.00228569837990199,missense|LC,11060088530,11,60088530,
C6orf47,ENSG00000204439,0.000741901210571605,0.00137396433326908,0.00097146586910779,-0.00169024138916838,missense|LC,6031655937,6,31655937,
GLIPR2,ENSG00000122694,0.00074216908437319,0.000436633650145568,0.0788335247475722,0.00329060308750304,missense|LC,9036136700,9,36136700,
TIE1,ENSG00000066056,0.000749644415929063,0.206398337104716,0.000311236302877216,-0.000515419070318125,missense|LC,1043300982,1,43300982,
TYK2,ENSG00000105397,0.000761700506564211,0.241168071141572,0.000431552771888555,0.000365422916180352,missense|LC,19010350731,19,10350731,
MORN2,ENSG00000188010,0.000774747108060692,0.322716465151878,0.000355008332914464,-0.00187308141865641,missense|LC,2038880551,2,38880551,
CFAP251,ENSG00000158023,0.000782414308718615,0.00948308191198266,0.000682959829564567,-0.000612701440587991,missense|LC,12121915796,12,121915796,
ITPRID2,ENSG00000138434,0.000803894766659541,0.000823740012288798,0.00450417608608933,-0.0011318498201072,missense|LC,2181891973,2,181891973,
KRTAP10-10,ENSG00000221859,0.000806879264008908,0.00165125909079522,0.0019242202063009,-0.00215448952125255,missense|LC,21044637298,21,44637298,
SLC44A2,ENSG00000129353,0.000820506104069363,0.00100852377801686,0.00124516529954311,0.00110187089535363,missense|LC,19010625388,19,10625388,
AL049844.1,ENSG00000257065,0.000833474184104954,0.109531384536226,0.000467675573015192,0.00690060504756716,missense|LC,6143807057,6,143807057,
TBC1D22B,ENSG00000065491,0.000853487928802354,0.0587845301118437,0.000521489918162255,-0.000994312711387973,missense|LC,6037257818,6,37257818,
CDK11A,ENSG00000008128,0.000861580908866455,0.000744987599788471,0.00483837529338094,0.00159390636298936,missense|LC,1001701084,1,1701084,
NLRP2,ENSG00000022556,0.000877517110103421,0.0041133535284632,0.000938254797391513,0.000614147647579719,missense|LC,19054969925,19,54969925,
SPATC1,ENSG00000186583,0.000879435975595255,0.0304639393344923,0.000420379736674192,0.00067419850042365,missense|LC,8144012445,8,144012445,
ODF2,ENSG00000136811,0.000888814110501901,0.00143952220585764,0.00119076113196126,-0.00102747569946963,missense|LC,9128455115,9,128455115,
DAXX,ENSG00000204209,0.000891548425863919,0.00121833560360607,0.00126164514361826,-0.00144346148306552,missense|LC,6033313559,6,33313559,
DNAH12,ENSG00000174844,0.000914746967710212,0.419285480107683,0.000487909174958889,-0.000369763493533213,missense|LC,3057501276,3,57501276,
BET1L,ENSG00000177951,0.0009155240201556,0.0195260120028573,0.000456397213546955,0.00327537509578048,missense|LC,11000197925,11,197925,
MUC17,ENSG00000169876,0.000930434596221219,0.104450048216771,0.000380283672305692,-0.000167550080662275,missense|LC,7101015548,7,101015548,
ZNF416,ENSG00000083817,0.000939343899500233,0.0016119927855196,0.00121601865960974,0.0013371602693247,missense|LC,19057572002,19,57572002,
SPATA4,ENSG00000150628,0.000942848448008737,0.0155802027594782,0.000742504624435369,0.00298064667083924,missense|LC,4176179579,4,176179579,
KCNE3,ENSG00000175538,0.000950165538051162,0.00101223513901716,0.00123940044558202,-0.00190348910020271,missense|LC,11074457194,11,74457194,
EXOC3L4,ENSG00000205436,0.00095143171933687,0.000619583616927044,0.00763384540081358,-0.000849620355633996,missense|LC,14103100154,14,103100154,
KCNK12,ENSG00000184261,0.000960137633860048,0.033205675366864,0.000537852867865229,0.00203193241938517,missense|LC,2047512193,2,47512193,
GPRIN3,ENSG00000185477,0.000965296728932752,0.00163106173392102,0.00205473696059755,-0.0010464663464721,missense|LC,4089247698,4,89247698,
APLF,ENSG00000169621,0.000974929586616491,0.00112437934763898,0.00181309835090626,0.00142197182870928,missense|LC,2068464145,2,68464145,
DLL4,ENSG00000128917,0.000981047381671596,0.21317807896872,0.000481194819971331,-0.000768111942410911,missense|LC,15040929581,15,40929581,
ZNF584,ENSG00000171574,0.000981397691895647,0.000733363315396196,0.0368382436611937,-0.00171354280479464,missense|LC,19058409020,19,58409020,
TLN1,ENSG00000137076,0.000991465330829722,0.176434497639701,0.000478630896852739,0.000514924629654916,missense|LC,9035697658,9,35697658,
TSTD1,ENSG00000215845,0.000996812842545047,0.178816921211544,0.000587697918141727,-0.00142129663329902,missense|LC,1161037699,1,161037699,
KLHL24,ENSG00000114796,0.00100313175372679,0.00047709867328305,0.0775633478764504,0.00311381469741927,missense|LC,3183650299,3,183650299,
COL16A1,ENSG00000084636,0.0010032506310631,0.0139950176236419,0.000579156843197426,0.000585834359251424,missense|LC,1031652539,1,31652539,
GET1-SH3BGR,ENSG00000285815,0.00100611232155534,0.000671229462174683,0.0269966056180747,0.00267678481760294,missense|LC,21039380257,21,39380257,
MRPL39,ENSG00000154719,0.00101418950102872,0.00173520863751686,0.00117867158310925,-0.00153367534087019,missense|LC,21025585700,21,25585700,
TMEM167A,ENSG00000174695,0.0010195275848901,0.355423257348165,0.000610687714766356,-0.0032862641127992,missense|LC,5083057040,5,83057040,
RELN,ENSG00000189056,0.00102058792645732,0.0351339964219788,0.000524065700972409,-0.000406434439876179,missense|LC,7103472773,7,103472773,
MOB3A,ENSG00000172081,0.00103462015976019,0.00166291539009433,0.000885771316830541,0.00112120597151568,missense|LC,19002073297,19,2073297,
SPIDR,ENSG00000164808,0.00104085586905367,0.000613326364117484,0.129398839472091,-0.00139937165130038,missense|LC,8047260854,8,47260854,
LIG3,ENSG00000005156,0.0010428989172524,0.595154706659267,0.000497239118669168,-0.000389936748958998,missense|LC,17034980479,17,34980479,
PIGY,ENSG00000255072,0.00106192103412617,0.000995616759879914,0.00143159477955046,-0.00195928626559181,missense|LC,4088521580,4,88521580,
GNL1,ENSG00000204590,0.0010790594199469,0.00106423062096717,0.00280032489841642,-0.00132403753488941,missense|LC,6030546028,6,30546028,
GSTA2,ENSG00000244067,0.00110486382268493,0.0620322272437188,0.000932711254319041,-0.000898355883897958,missense|LC,6052750505,6,52750505,
SRP9,ENSG00000143742,0.00110508444190349,0.131236279784547,0.000641057077928275,0.00387596155383939,missense|LC,1225777865,1,225777865,
RNF213,ENSG00000173821,0.00111267842720697,0.387658633501992,0.000471283571811698,-0.000138416776907695,missense|LC,17080263631,17,80263631,
PRR3,ENSG00000204576,0.00111663328857192,0.0015561159809383,0.00128401202779882,-0.00179087957317631,missense|LC,6030552406,6,30552406,
TENT5D,ENSG00000174016,0.00112683655092793,0.129332430565032,0.000788491799248336,0.000938192121644143,missense|LC,23080442515,X,80442515,
PRPF4,ENSG00000136875,0.00112805631795188,0.00113328220013487,0.00201567479427989,0.00169746537160675,missense|LC,9113272387,9,113272387,
WEE1,ENSG00000166483,0.00113064330121337,0.449613868144531,0.00057487664018796,-0.000249355165197605,missense|LC,11009573834,11,9573834,
TBC1D5,ENSG00000131374,0.0011618835136552,0.00155744792661239,0.0030078034308807,0.00110193454336602,missense|LC,3017160842,3,17160842,
NKIRAS1,ENSG00000197885,0.00117289797998277,0.000728628054796676,0.0105132910059251,-0.00471645873818935,missense|LC,3023887439,3,23887439,
PIK3R4,ENSG00000196455,0.00120560860072549,0.439517434567579,0.000557362222625923,0.000327426322766323,missense|LC,3130675164,3,130675164,
LORICRIN,ENSG00000203782,0.00121309308788764,0.0293945624194065,0.000610670903045007,0.000772616672494818,missense|LC,1153260887,1,153260887,
RPL12,ENSG00000197958,0.00121858581574541,0.0146968717929815,0.00104055439201012,-0.00221562217801341,missense|LC,9127443957,9,127443957,
S100A6,ENSG00000197956,0.00126132815942903,0.00122825651654168,0.00290638266518317,0.00250425973171884,missense|LC,1153534599,1,153534599,
SHFL,ENSG00000130813,0.00126302947948143,0.730559567760018,0.000576423945247484,0.000309778768223566,missense|LC,19010086326,19,10086326,
GP2,ENSG00000169347,0.0013056668862742,0.00150629070591002,0.00255271756594633,-0.00149966382683485,missense|LC,16020311191,16,20311191,
OR9I1,ENSG00000172377,0.00130793235761828,0.00274028018401418,0.00119485694367594,-0.00115280691723186,missense|LC,11058118473,11,58118473,
PPM1B,ENSG00000138032,0.00131141508435828,0.000998097677329057,0.00525917292027844,0.00194383601267509,missense|LC,2044166685,2,44166685,
PACSIN2,ENSG00000100266,0.00131327416832638,0.119215406641656,0.000638412352328421,-0.000559474994936007,missense|LC,22042871330,22,42871330,
WDFY3,ENSG00000163625,0.00133376042167277,0.00106185286053895,0.0116642918174518,0.0010683275063822,missense|LC,4084672737,4,84672737,
ZNF23,ENSG00000167377,0.00134830409149322,0.0010398120684888,0.00961909389671578,0.00203181652094378,missense|LC,16071448035,16,71448035,
OR4A5,ENSG00000221840,0.00137706067447863,0.00586811603530646,0.00184480995289815,0.00134007884967866,missense|LC,11054706849,11,54706849,
H1-4,ENSG00000168298,0.00138233725522541,0.00105369175772307,0.0052883965218895,0.00127195502714271,missense|LC,6026156316,6,26156316,
POLR1A,ENSG00000068654,0.00138751887528576,0.895794749601961,0.000647769865429582,0.0000306132994090828,missense|LC,2086027372,2,86027372,
ZFP57,ENSG00000204644,0.00140372312225689,0.0012505312177884,0.0152593022960812,-0.00101478630766523,missense|LC,6029667570,6,29667570,
RC3H1,ENSG00000135870,0.00144129266898729,0.189023926367664,0.000665623634519275,-0.000405356031227039,missense|LC,1173938662,1,173938662,
TAF5L,ENSG00000135801,0.00146678501801933,0.0017396719720304,0.00215235681818127,0.00132253394979683,missense|LC,1229594197,1,229594197,
LEMD2,ENSG00000161904,0.00146911812398198,0.000662123141358828,0.0362801685083672,-0.00191573274940192,missense|LC,6033772556,6,33772556,
STK38,ENSG00000112079,0.00148549046408641,0.000905535467405794,0.020334406474974,-0.00353629035869936,missense|LC,6036495668,6,36495668,
C4BPA,ENSG00000123838,0.00149559466051552,0.00469913079952677,0.00120926742138194,-0.00149030487093603,missense|LC,1207099718,1,207099718,
FAM13A,ENSG00000138640,0.0014961051468515,0.00126124363113245,0.00442211531306869,-0.00128287055757063,missense|LC,4088728429,4,88728429,
VPS72,ENSG00000163159,0.00150182280846278,0.00120990237907992,0.0229303254498858,0.00154733955997576,missense|LC,1151171465,1,151171465,
MGAT1,ENSG00000131446,0.0015285824249599,0.72272724120927,0.000703808786332472,0.000314855387621877,missense|LC,5180791524,5,180791524,
SERPINB1,ENSG00000021355,0.001534686941568,0.000878756137750347,0.111897274461946,0.00263287633512998,missense|LC,6002833542,6,2833542,
MINDY4,ENSG00000106125,0.00155598809792035,0.211191987276769,0.00072207447824979,0.000357500385372205,missense|LC,7030766418,7,30766418,
KIFC1,ENSG00000237649,0.00155823846453573,0.0155366689793908,0.000875332481158564,-0.000651725578236937,missense|LC,6033391894,6,33391894,
GP5,ENSG00000178732,0.00155892907581823,0.00102099005399392,0.233775588034344,0.00182952625745298,missense|LC,3194396541,3,194396541,
SPDL1,ENSG00000040275,0.001565280540748,0.765513683616033,0.000738435768474432,-0.0000789721248612429,missense|LC,5169588351,5,169588351,
CD82,ENSG00000085117,0.00156886732064776,0.00699772720062752,0.00120986185167327,-0.0015137154035134,missense|LC,11044594615,11,44594615,
HPS3,ENSG00000163755,0.00160906693802154,0.25879395481715,0.000698979545330713,-0.000625949743048707,missense|LC,3149129659,3,149129659,
FAM220A,ENSG00000178397,0.00161103871002055,0.00311984049931679,0.00232513330115502,0.00152583160214499,missense|LC,7006330306,7,6330306,
AC009412.1,ENSG00000286075,0.00161103871002055,0.00311984049931679,0.00232513330115502,0.00152583160214499,missense|LC,7006330306,7,6330306,
TRIP11,ENSG00000100815,0.00161867809977456,0.0377271750149326,0.000883555943243852,-0.000736416185614616,missense|LC,14091969601,14,91969601,
OR2M7,ENSG00000177186,0.00162299207195393,0.0146517684945839,0.00103011027803213,0.00144424923663174,missense|LC,1248323588,1,248323588,
RPS27A,ENSG00000143947,0.00164127613623466,0.00150505482180052,0.0122579341446943,0.00291740930096653,missense|LC,2055232756,2,55232756,
CMTM2,ENSG00000140932,0.00164509446631655,0.242875473233002,0.000990765795435333,-0.000927994714837891,missense|LC,16066574879,16,66574879,
VPS50,ENSG00000004766,0.0016650068095202,0.0062108539025294,0.000962776795375153,-0.00120813118680302,missense|LC,7093232413,7,93232413,
MTMR12,ENSG00000150712,0.0016686910912691,0.884666615522714,0.000810988788429889,-0.0000502911307496285,missense|LC,5032229679,5,32229679,
THBS1,ENSG00000137801,0.00167948966720011,0.17748548702909,0.000708980624021915,0.000709794816952592,missense|LC,15039581793,15,39581793,
NAALADL1,ENSG00000168060,0.00169358408476317,0.663224410263743,0.000863241537817805,0.000152237294267922,missense|LC,11065039819,11,65039819,
CCDC51,ENSG00000164051,0.00170124864955123,0.21791337926854,0.000802858086340175,0.000875152445084461,missense|LC,3048432311,3,48432311,
PPP2R3A,ENSG00000073711,0.00170805262744156,0.0050493103137208,0.00182986801934026,0.000839065458512688,missense|LC,3136001442,3,136001442,
GPI,ENSG00000105220,0.00170953142656916,0.478469114592277,0.000808418294446556,-0.000546306285513125,missense|LC,19034364899,19,34364899,
QDPR,ENSG00000151552,0.0017778164465132,0.00107177017370619,0.120638468433319,-0.00257468823586601,missense|LC,4017487084,4,17487084,
CNFN,ENSG00000105427,0.00179420640440253,0.00106566672479302,0.141576276019451,-0.00695386565885425,missense|LC,19042387088,19,42387088,
PRAMEF27,ENSG00000274764,0.00180903803215393,0.00101631786872325,0.0158652744046444,-0.00105938479228469,missense|LC,1013049765,1,13049765,
AC010542.3,ENSG00000260851,0.00182282006004542,0.00117838282506111,0.00977006669098801,-0.00569969647510233,missense|LC,16066469492,16,66469492,
FCAMR,ENSG00000162897,0.00182754779581284,0.0784712950374107,0.000839072390502738,0.000405893514387598,missense|LC,1206958417,1,206958417,
PCDHA10,ENSG00000250120,0.0018329969120231,0.538027793951356,0.00090604797767313,-0.000149648203392416,missense|LC,5140850903,5,140850903,
SNRPD3,ENSG00000100028,0.00185157750447418,0.000978056216697554,0.0352334441268153,-0.0139437576586684,missense|LC,22024554908,22,24554908,
AP000356.5,ENSG00000286070,0.00185157750447418,0.000978056216697554,0.0352334441268153,-0.0139437576586684,missense|LC,22024554908,22,24554908,
TBCD,ENSG00000141556,0.00185555676647298,0.0455638398905585,0.000929022172719285,0.000590804549896024,missense|LC,17082748729,17,82748729,
AC068946.2,ENSG00000284820,0.00185901774572128,0.141820176170431,0.000947743081026298,0.00118264937936537,missense|LC,2219206891,2,219206891,
ZKSCAN2,ENSG00000155592,0.00188091750519115,0.121470478252413,0.00103164508637255,0.000503732866977427,missense|LC,16025239752,16,25239752,
NPIPB4,ENSG00000185864,0.00188425176327633,0.0282178162399457,0.000948689689880711,-0.000638693251586599,missense|LC,16021837292,16,21837292,
GPC3,ENSG00000147257,0.00191719838543081,0.00115432019001283,0.0126935005895537,0.00259771131778766,missense|LC,23133536095,X,133536095,
ZNF317,ENSG00000130803,0.00195501457618696,0.00132853002369682,0.122639003848943,0.0012752436310705,missense|LC,19009155917,19,9155917,
IGBP1,ENSG00000089289,0.00196641671892439,0.012150648089556,0.00160016683151154,-0.00111153426116745,missense|LC,23070133904,X,70133904,
CHDH,ENSG00000016391,0.00198095911879559,0.626260700761953,0.00105287212351302,0.000195791428562728,missense|LC,3053808552,3,53808552,
EZH1,ENSG00000108799,0.00198145583424048,0.00161258188479296,0.0145874877688522,0.00211938782220028,missense|LC,17042695467,17,42695467,
NTRK1,ENSG00000198400,0.00198408510048631,0.194142007075236,0.000967141528614879,-0.000429535290712153,missense|LC,1156860894,1,156860894,
RAB23,ENSG00000112210,0.00199256686452165,0.0015684772006529,0.0131014059528732,0.0015871276093018,missense|LC,6057181991,6,57181991,
ITGB7,ENSG00000139626,0.00199569085046081,0.691351519282129,0.000924498904630977,-0.000159474867740967,missense|LC,12053186327,12,53186327,
ZCCHC9,ENSG00000131732,0.00200729236007779,0.00143834773480311,0.0111487039450578,-0.00358487650476989,missense|LC,5081304667,5,81304667,
RGS13,ENSG00000127074,0.0020078157386122,0.00123102649371831,0.0171922443948783,0.00452384927923646,missense|LC,1192644296,1,192644296,
FGD4,ENSG00000139132,0.00202480015138029,0.00115047832161019,0.0898038394696341,-0.00111490581133869,missense|LC,12032534333,12,32534333,
ONECUT2,ENSG00000119547,0.0020293554059212,0.000976124802187894,0.0438314069538389,0.00181633831292774,missense|LC,18057435602,18,57435602,
NKAPD1,ENSG00000150776,0.0020405307120408,0.00165445914705198,0.00437286323781316,0.00168478021142161,missense|LC,11112070330,11,112070330,
MKNK2,ENSG00000099875,0.00205320168331558,0.737550227390579,0.00113188894376171,-0.000187564150537961,missense|LC,19002037688,19,2037688,
AC126283.2,ENSG00000285330,0.00205639077153019,0.0618076711690871,0.00118248479101046,0.000640288315654387,missense|LC,4109714362,4,109714362,
LILRA1,ENSG00000104974,0.00206950886114821,0.00298389698231771,0.00293963890234106,-0.000938384498542543,missense|LC,19054593794,19,54593794,
PIK3CB,ENSG00000051382,0.0020717766324424,0.0452781600631027,0.00121441922125953,0.00141475388354297,missense|LC,3138655319,3,138655319,
TBCE,ENSG00000284770,0.00207246389362847,0.239005948684427,0.00111239151680331,0.000505610102581109,missense|LC,1235380010,1,235380010,
AMN1,ENSG00000151743,0.00209268455423472,0.00767968735404345,0.00281911742586294,0.00460241442745261,missense|LC,12031666147,12,31666147,
L3MBTL2,ENSG00000100395,0.00209773788671164,0.00905417623810201,0.00194859659962643,0.00157463237813853,missense|LC,22041205268,22,41205268,
C16orf82,ENSG00000234186,0.0021228929821282,0.00143368875884864,0.0220510440087824,-0.0012904021885416,missense|LC,16027066940,16,27066940,
AC010442.3,ENSG00000288622,0.00214264495994498,0.00382344521739186,0.0019888709318443,0.00193523987471732,missense|LC,5000271695,5,271695,
PLD1,ENSG00000075651,0.00214376366635061,0.00103103750599187,0.041674361811781,0.000815252068575478,missense|LC,3171603044,3,171603044,
NIT2,ENSG00000114021,0.00214696850598539,0.00129596603759585,0.0674985787865652,-0.00212066693285448,missense|LC,3100334689,3,100334689,
SAMD14,ENSG00000167100,0.00217397345391801,0.0186631913504924,0.001453291800247,-0.0011170720273288,missense|LC,17050108095,17,50108095,
PCDH12,ENSG00000113555,0.00222411909098741,0.00131229419668355,0.0111922957382946,0.00088536454390995,missense|LC,5141938581,5,141938581,
MSC,ENSG00000178860,0.0022242740160866,0.441365943008853,0.00123944896331141,0.000868468949296692,missense|LC,8071842595,8,71842595,
SMC1A,ENSG00000072501,0.00222994726431269,0.00189590706810716,0.0107225421486947,0.00303921182981969,missense|LC,23053380085,X,53380085,
MRPL4,ENSG00000105364,0.00224498764914272,0.0191042752294874,0.00113488401308337,0.00109200592621744,missense|LC,19010252134,19,10252134,
TMEM38A,ENSG00000072954,0.00227051555025704,0.00150822439432796,0.0194826715944006,0.00126182124938378,missense|LC,19016659336,19,16659336,
ALDH3B2,ENSG00000132746,0.00231692559574548,0.728476024794665,0.0011676728313964,0.000109027417269018,missense|LC,11067663115,11,67663115,
BMS1,ENSG00000165733,0.00232167028021646,0.0108147863033448,0.002123108789713,0.000925125851725452,missense|LC,10042784317,10,42784317,
SF3A3,ENSG00000183431,0.00233156010637192,0.00126282833502145,0.0405644511672798,-0.00474846165034287,missense|LC,1037958159,1,37958159,
AOC3,ENSG00000131471,0.00234359942852369,0.00146515600236685,0.0196567319826439,-0.00121333015101385,missense|LC,17042846206,17,42846206,
COG3,ENSG00000136152,0.00235385651471098,0.202581191612579,0.00136464085094323,0.000736764701473861,missense|LC,13045464857,13,45464857,
RPUSD4,ENSG00000165526,0.0023540285787752,0.00110624531928905,0.188070489461522,0.00163214987539716,missense|LC,11126203285,11,126203285,
OR1S2,ENSG00000197887,0.00236431874329746,0.461661335480066,0.00114418419074958,-0.000290337889082051,missense|LC,11058203098,11,58203098,
CCNJL,ENSG00000135083,0.00240541448841292,0.00585345024056516,0.00223864119699502,-0.00147786970284579,missense|LC,5160253288,5,160253288,
GET1,ENSG00000182093,0.00240976542950411,0.00169017175580966,0.0245995079391549,0.00269562382844978,missense|LC,21039380257,21,39380257,
DNHD1,ENSG00000179532,0.00241828766143815,0.186207223979281,0.00117073957886582,-0.000177158060078333,missense|LC,11006498089,11,6498089,
MTMR4,ENSG00000108389,0.00241933296722108,0.581690282383124,0.00115315640667291,-0.000241524540809826,missense|LC,17058487574,17,58487574,
RETSAT,ENSG00000042445,0.00245440231881022,0.0196272257304175,0.00189419257027845,0.000562653489397298,missense|LC,2085341133,2,85341133,
FOSL2,ENSG00000075426,0.00246155275311499,0.00139010817774943,0.0459604124249492,-0.00257664199969585,missense|LC,2028393671,2,28393671,
CDC27,ENSG00000004897,0.00251312823379624,0.0138703755661663,0.00172717093760144,-0.00168811997392826,missense|LC,17047120899,17,47120899,
SPP2,ENSG00000072080,0.00253402002583103,0.00552082158668765,0.00213988257459286,-0.0013505996540314,missense|LC,2234050729,2,234050729,
MYO1E,ENSG00000157483,0.00255125470955442,0.43136655916615,0.00132041247506587,-0.000206730447893933,missense|LC,15059137322,15,59137322,
FAM135B,ENSG00000147724,0.00256945158988364,0.029382248591362,0.00153467060132828,-0.000919984954605929,missense|LC,8138132552,8,138132552,
TLX1,ENSG00000107807,0.00258670281550566,0.0197717812057032,0.00220704231966762,-0.00119499537483633,missense|LC,10101131460,10,101131460,
DNAJB1,ENSG00000132002,0.00259200164543283,0.00177097618155941,0.0161166728505699,0.00240005415454301,missense|LC,19014515862,19,14515862,
GPAA1,ENSG00000197858,0.0026122397787498,0.109393503316473,0.00150159501186797,-0.000573496996223648,missense|LC,8144078619,8,144078619,
ADGRA1,ENSG00000197177,0.00262141960399953,0.645504384610338,0.00146267353157969,-0.000218453764187136,missense|LC,10133082905,10,133082905,
SCUBE1,ENSG00000159307,0.00266822995566096,0.266422008514535,0.00131700242080668,0.000269685184594443,missense|LC,22043203913,22,43203913,
LAMA1,ENSG00000101680,0.00267254426757668,0.936549806521993,0.00128077126321902,-0.0000176963010866108,missense|LC,18006941976,18,6941976,
RAB35,ENSG00000111737,0.00267448760317557,0.00266450170520749,0.00666437490050864,0.00600399683012053,missense|LC,12120090108,12,120090108,
BTNL2,ENSG00000204290,0.00268809027392058,0.00320387941932876,0.0024474505334291,-0.000298203615259645,missense|LC,6032393965,6,32393965,
SLC43A1,ENSG00000149150,0.00270329920421275,0.00178746816044262,0.014717763056658,0.00155462891426403,missense|LC,11057484997,11,57484997,
TMEM9,ENSG00000116857,0.00271036329564511,0.0326600731151165,0.00166544436352023,0.00344730273792165,missense|LC,1201135564,1,201135564,
AL133500.1,ENSG00000285547,0.00272420314472677,0.304414138364356,0.0020003566869855,-0.00058804347423808,missense|LC,23072301610,X,72301610,
BCHE,ENSG00000114200,0.00272815238245128,0.001331834995419,0.0482499153019089,0.00121283913220595,missense|LC,3165773309,3,165773309,
GLMN,ENSG00000174842,0.00274174401058014,0.0782562320306253,0.00182383843150746,-0.000727923283136744,missense|LC,1092242191,1,92242191,
SERP2,ENSG00000151778,0.00274294139949127,0.0921924860355168,0.00169258345280909,-0.00818673575184285,missense|LC,13044373945,13,44373945,
ZNF574,ENSG00000105732,0.00275416204812906,0.00127583713000823,0.175268425126336,0.00160103719217384,missense|LC,19042065151,19,42065151,
EGR4,ENSG00000135625,0.00276818076007057,0.00132698984465462,0.0475615404855035,0.00154335987330246,missense|LC,2073291329,2,73291329,
PTPN23,ENSG00000076201,0.00278209636068982,0.611633575478224,0.00132235417276916,-0.000122944472216151,missense|LC,3047380777,3,47380777,
LAMA5,ENSG00000130702,0.00279937483253268,0.00363018186158881,0.0132752411134556,-0.000329453367613047,missense|LC,20062304399,20,62304399,
BIRC6,ENSG00000115760,0.00282606104792282,0.0365540028249747,0.00165112571732284,-0.000469493562125628,missense|LC,2032357082,2,32357082,
PERP,ENSG00000112378,0.00282906511461734,0.015135823404831,0.00202454152424369,-0.00141741070608851,missense|LC,6138091963,6,138091963,
DNAH2,ENSG00000183914,0.00283509157498973,0.0284291335691436,0.00184733737363751,-0.000307954444811513,missense|LC,17007719625,17,7719625,
TMEM132E,ENSG00000181291,0.00284170516490134,0.284039278476545,0.00142443040767359,-0.00044391163861335,missense|LC,17034577408,17,34577408,
ABCA1,ENSG00000165029,0.00284179843336319,0.0670246064904474,0.00136987645650921,0.000493727201943107,missense|LC,9104784208,9,104784208,
FLG2,ENSG00000143520,0.00285236492842322,0.0834076900915323,0.00133613819717537,0.000302403266854979,missense|LC,1152350497,1,152350497,
MFAP5,ENSG00000197614,0.00285521882088025,0.00187844009921867,0.0199292240155231,0.00309079270811723,missense|LC,12008648055,12,8648055,
RHOT2,ENSG00000140983,0.00286338554599885,0.0161516232988635,0.00194475367670066,-0.000914254719486655,missense|LC,16000665547,16,665547,
SPARCL1,ENSG00000152583,0.00286921722908462,0.00138876322312342,0.136525860303831,0.00202677149147731,missense|LC,4087473730,4,87473730,
EIF3L,ENSG00000100129,0.00287905795778454,0.015421664612618,0.0028419487148128,0.00278856193866378,missense|LC,22037849346,22,37849346,
RNF148,ENSG00000235631,0.00288758111091059,0.751405885753645,0.00144406299966171,-0.00023119158817807,missense|LC,7122697739,7,122697739,
SPON1,ENSG00000262655,0.00289780969723041,0.00264791049590019,0.00662075591626954,0.00200312946778237,missense|LC,11013962814,11,13962814,
FAM189A2,ENSG00000135063,0.00292452739433446,0.833435860447381,0.00146203390507293,-0.000124886497097691,missense|LC,9069324412,9,69324412,
PARP16,ENSG00000138617,0.00293729024555489,0.0179892421735555,0.00191363039904746,-0.0014874760262624,missense|LC,15065259320,15,65259320,
ARRDC3,ENSG00000113369,0.00294421319846405,0.111580812117067,0.00194702958887638,-0.0014379137833795,missense|LC,5091371343,5,91371343,
ABCB10,ENSG00000135776,0.00295960450874211,0.00335182951064317,0.00865436646862316,0.00154737766725864,missense|LC,1229518135,1,229518135,
TSPO2,ENSG00000112212,0.00296610891990534,0.00176180314052321,0.0203981415807621,-0.0018748071096115,missense|LC,6041042892,6,41042892,
TREML1,ENSG00000161911,0.00297501206301598,0.0753863582703553,0.00158695714907531,-0.000684161358719829,missense|LC,6041149610,6,41149610,
RENBP,ENSG00000102032,0.0030147663651483,0.00165490319896833,0.0278813027264592,-0.00113571509834414,missense|LC,23153930702,X,153930702,
WNT1,ENSG00000125084,0.00301511786342179,0.00219624101660765,0.00790070485192373,-0.00150095386606507,missense|LC,12048978613,12,48978613,
ZNF443,ENSG00000180855,0.00302818523042236,0.376016888374921,0.00139094840146192,-0.000370370382146816,missense|LC,19012430004,19,12430004,
MSANTD3,ENSG00000066697,0.0030442526297404,0.0253033952813032,0.00254584112158929,0.00145858378935905,missense|LC,9100441806,9,100441806,
RND3,ENSG00000115963,0.00305027096889721,0.00184683986281398,0.0123905019490836,-0.00406729339935542,missense|LC,2150469890,2,150469890,
NLRP13,ENSG00000173572,0.00305645336444405,0.00162649358446632,0.0322133459749177,0.00109984172863903,missense|LC,19055895948,19,55895948,
SPTB,ENSG00000070182,0.00311520822440514,0.295775318009149,0.00136761387079865,0.000226748607718246,missense|LC,14064741302,14,64741302,
ENPP4,ENSG00000001561,0.0031326122879608,0.00340545810845871,0.00871512118324114,-0.0024025730326718,missense|LC,6046139589,6,46139589,
AC034228.3,ENSG00000281938,0.00313983553063912,0.489832703997706,0.00162145279335091,0.000508816296213497,missense|LC,5131954132,5,131954132,
ETFA,ENSG00000140374,0.00314260985716497,0.219229236689071,0.0015798523762599,0.00100755165168338,missense|LC,15076216537,15,76216537,
AC073896.1,ENSG00000144785,0.0031446710701698,0.265713155716294,0.00167876768218145,-0.00149373723979057,missense|LC,12056282364,12,56282364,
ABTB1,ENSG00000114626,0.00314964481273028,0.0023053861296104,0.0111692828935572,-0.00116025381390323,missense|LC,3127668354,3,127668354,
PDCD6,ENSG00000249915,0.00314974300407733,0.13803856196966,0.00225466958223475,0.000836454124457531,missense|LC,5000271695,5,271695,
HERC4,ENSG00000148634,0.0031602605577552,0.340689337286943,0.00161646324312925,0.000528936221809535,missense|LC,10067922910,10,67922910,
ITPR3,ENSG00000096433,0.00316213743391103,0.00157363327863935,0.279881571479798,-0.000907512531928581,missense|LC,6033621554,6,33621554,
EDN3,ENSG00000124205,0.00316699651993069,0.0022458282089286,0.042059637054679,-0.00201350756482237,missense|LC,20059300727,20,59300727,
GDPD2,ENSG00000130055,0.00317078964858386,0.00342131505771259,0.00375389471153598,-0.00127792644720076,missense|LC,23070418031,X,70418031,
MCHR1,ENSG00000128285,0.00318346850532358,0.46352005155918,0.00163122467439059,0.000264821724618575,missense|LC,22040679369,22,40679369,
ITLN2,ENSG00000158764,0.00318397514812219,0.00613004484545776,0.00254997731324291,0.00117727283692482,missense|LC,1160945077,1,160945077,
IL37,ENSG00000125571,0.00319080137151151,0.0214480800177796,0.00212559043636174,0.00227708631536262,missense|LC,2112912971,2,112912971,
ANPEP,ENSG00000166825,0.00321057279596382,0.00165399636899688,0.0328640473612145,0.0010176089589423,missense|LC,15089785244,15,89785244,
E2F2,ENSG00000007968,0.00321831664876127,0.00588742635949413,0.00288576891328429,-0.000985977388538564,missense|LC,1023509697,1,23509697,
PLCG1,ENSG00000124181,0.00322005987469043,0.0104711051576341,0.00473706747810088,0.00146580288479816,missense|LC,20041137583,20,41137583,
NAA35,ENSG00000135040,0.00325973688502179,0.347628675032319,0.0022225102542649,0.000656797114227676,missense|LC,9085941028,9,85941028,
TCEANC,ENSG00000176896,0.003265425727627,0.0417239096504569,0.00207919825686198,0.00166168983682131,missense|LC,23013662451,X,13662451,
FAM117B,ENSG00000138439,0.00326659470777557,0.698954709328474,0.00192127135398612,0.000157445509361068,missense|LC,2202635038,2,202635038,
LZIC,ENSG00000162441,0.00326770517213348,0.136180551571173,0.00257403061340367,0.00174593651337478,missense|LC,1009922215,1,9922215,
NSD1,ENSG00000165671,0.00328931391242615,0.00192856508275574,0.0351027101139021,-0.00107952863215489,missense|LC,5177135027,5,177135027,
SKA3,ENSG00000165480,0.00330087594659301,0.00945469594992909,0.00225550032977639,-0.000961659376456859,missense|LC,13021155016,13,21155016,
ARF6,ENSG00000165527,0.00331303144936157,0.00263409873987186,0.0661449453707195,-0.00874333060196664,missense|LC,14049893620,14,49893620,
PMCH,ENSG00000183395,0.00333695464432926,0.00184643955645214,0.0362637066090741,-0.00529670305398001,missense|LC,12102195291,12,102195291,
RPN1,ENSG00000163902,0.00334006846660884,0.00638977523032291,0.00355407589319279,0.00127211304138669,missense|LC,3128620328,3,128620328,
BPTF,ENSG00000171634,0.00334280332425874,0.00338497646929903,0.0101176461586148,0.000739239202575484,missense|LC,17067825698,17,67825698,
IQCD,ENSG00000166578,0.00335363519095733,0.00158389903065381,0.102082954778686,-0.00201545238788171,missense|LC,12113191195,12,113191195,
FKBPL,ENSG00000204315,0.00336677416784836,0.00504263445018183,0.00314303124578741,-0.00175528967605891,missense|LC,6032125992,6,32125992,
HDGF,ENSG00000143321,0.00337626712041816,0.014333978247027,0.00249841337290413,0.00209193334025969,missense|LC,1156738350,1,156738350,
FRA10AC1,ENSG00000148690,0.00338245383152092,0.125285480174887,0.00231824381084866,-0.0011955889449514,missense|LC,10093662968,10,93662968,
MR1,ENSG00000153029,0.00338309110604473,0.0135372095494883,0.00232257999833796,0.00114958144044331,missense|LC,1181033941,1,181033941,
SEMA4A,ENSG00000196189,0.00340648769906826,0.0191427607528624,0.00257138168665749,0.00125460199300886,missense|LC,1156154483,1,156154483,
KRTAP22-1,ENSG00000186924,0.0034198141220757,0.00608778404369303,0.0028433227639918,0.00409067523376535,missense|LC,21030598555,21,30598555,
ANKRD18B,ENSG00000230453,0.00342671534032557,0.00194661571513832,0.0353321142170954,-0.00125983674114578,missense|LC,9033524395,9,33524395,
NCR3,ENSG00000204475,0.00343163093051935,0.00282616759922394,0.00491135304741852,-0.0015318554888163,missense|LC,6031587265,6,31587265,
COPG1,ENSG00000181789,0.00343396406546126,0.0183590924436623,0.00241196510205899,-0.00128178765956811,missense|LC,3129249606,3,129249606,
C11orf65,ENSG00000166323,0.00343965278010716,0.0018158343617376,0.0490229997756493,0.00141969561149252,missense|LC,11108326202,11,108326202,
STK32B,ENSG00000152953,0.0034406587787611,0.00180245827664327,0.171706056411481,0.00205661367065084,missense|LC,4005051740,4,5051740,
ATG4B,ENSG00000168397,0.00347017435923758,0.920650002431933,0.00180529149528907,0.0000255683361230046,missense|LC,2241632854,2,241632854,
ATAT1,ENSG00000137343,0.00349245825860456,0.0592276379994032,0.0024314256413086,-0.000924110998804481,missense|LC,6030622763,6,30622763,
KCNJ11,ENSG00000187486,0.00352327584881884,0.068462686399633,0.00224310171746966,-0.00121424693236904,missense|LC,11017386841,11,17386841,
TKT,ENSG00000163931,0.00354394039747374,0.00443425879618031,0.00286513027449986,0.000748715470047961,missense|LC,3053225659,3,53225659,
TPT1,ENSG00000133112,0.00358815057130824,0.00654751579624313,0.00337967049739984,0.00323077082079565,missense|LC,13045337317,13,45337317,
ZNF771,ENSG00000179965,0.00360132468488095,0.00315548603764571,0.0585132143899083,0.00160249286785647,missense|LC,16030408021,16,30408021,
FDFT1,ENSG00000079459,0.00364031444622048,0.763626519952059,0.00186784175676924,0.0000944595218340092,missense|LC,8011808418,8,11808418,
FAM214B,ENSG00000005238,0.00365009522268855,0.255049186564675,0.00215683804853284,0.000479350139125778,missense|LC,9035099921,9,35099921,
AFF3,ENSG00000144218,0.00365873669355488,0.00194584080960025,0.0698712928329092,-0.00152575185050378,missense|LC,2099551351,2,99551351,
TIPARP,ENSG00000163659,0.00373075080114293,0.00230035656193406,0.0554617594487378,0.00188469925501425,missense|LC,3156677620,3,156677620,
MAS1L,ENSG00000204687,0.00375595115783345,0.0456992250684682,0.00185900807608808,-0.000716475737779159,missense|LC,6029486671,6,29486671,
ZFP3,ENSG00000180787,0.00376380102822083,0.279616296550936,0.0018633295537781,-0.000710466503683569,missense|LC,17005091404,17,5091404,
EOMES,ENSG00000163508,0.00376402184219071,0.0278654540672195,0.00247904184977488,0.000849687797946131,missense|LC,3027717009,3,27717009,
SAMM50,ENSG00000100347,0.0038151166711281,0.00589381208800832,0.00384416093170903,-0.00142538951604287,missense|LC,22043955475,22,43955475,
C4orf17,ENSG00000138813,0.0038183466818732,0.00345404412033767,0.00484906780658978,-0.00123157617597888,missense|LC,4099512996,4,99512996,
UNC13D,ENSG00000092929,0.00381898003853842,0.00310841780844473,0.0117464104788134,-0.000691639280268887,missense|LC,17075822371,17,75822371,
MED17,ENSG00000042429,0.00382061539911471,0.00204696591534015,0.247753935708423,0.0023095201854962,missense|LC,11093784393,11,93784393,
CNPY2,ENSG00000257727,0.00383135338982266,0.218390786093772,0.00194297397840004,-0.0016655564101827,missense|LC,12056310487,12,56310487,
RASAL3,ENSG00000105122,0.00383363062479747,0.0415661256717946,0.0019231107752794,-0.000641308792496655,missense|LC,19015448010,19,15448010,
CANX,ENSG00000127022,0.0038374075275881,0.00304742883921083,0.00844490543223553,-0.00173312718664248,missense|LC,5179698339,5,179698339,
RIMS3,ENSG00000117016,0.00383832669547146,0.0147499811867197,0.00206962220057161,0.00129507403322153,missense|LC,1040626455,1,40626455,
ZFP30,ENSG00000120784,0.00384444478635182,0.0260440860978247,0.00240311157567175,0.00113463137312392,missense|LC,19037634876,19,37634876,
PTGIS,ENSG00000124212,0.00387175122228978,0.00183646966485418,0.153012506931681,-0.00131497945817391,missense|LC,20049507817,20,49507817,
GRM6,ENSG00000113262,0.00393858914159861,0.00967991565356852,0.00357847818729351,0.000634123491447593,missense|LC,5178981617,5,178981617,
ACMSD,ENSG00000153086,0.00395195595011344,0.234938193861828,0.00185435225625064,-0.00111094098884135,missense|LC,2134838629,2,134838629,
PLOD2,ENSG00000152952,0.00395624310295517,0.00235284970632388,0.0820041864402472,0.00126860647445379,missense|LC,3146070682,3,146070682,
C11orf16,ENSG00000176029,0.00396955224702,0.00246355621531968,0.0101512252734228,-0.00106556593780881,missense|LC,11008917240,11,8917240,
OR2T6,ENSG00000198104,0.0039804421358085,0.330543060966692,0.00201549830742098,0.000447941634484596,missense|LC,1248387579,1,248387579,
GALNT9,ENSG00000182870,0.00399876489222817,0.376600486950584,0.00180304206660031,-0.00045389731370683,missense|LC,12132196350,12,132196350,
LRP10,ENSG00000197324,0.00406231948231006,0.272076090595317,0.00252999950980981,-0.00041330398614843,missense|LC,14022872219,14,22872219,
NOTCH2NLR,ENSG00000286106,0.00407294468930108,0.0095473496410049,0.00421764520968726,-0.00114439419874896,missense|LC,1120723975,1,120723975,
MAP7,ENSG00000135525,0.00411351022485751,0.193536808578351,0.00280878293850195,0.000352279985206495,missense|LC,6136344199,6,136344199,
TPMT,ENSG00000137364,0.00413339437340132,0.00278471902406352,0.0335999472411241,-0.00191538084196787,missense|LC,6018130644,6,18130644,
RGS7BP,ENSG00000186479,0.00414499805207236,0.694383076311362,0.00193885237357616,0.000664515948085144,missense|LC,5064506545,5,64506545,
ZXDA,ENSG00000198205,0.00415083270416061,0.00341624742727809,0.00994822567074882,0.000652112346067838,missense|LC,23057907923,X,57907923,
CAPN12,ENSG00000182472,0.00416082788068095,0.142591634694181,0.00201024308619191,-0.000359255372699071,missense|LC,19038725619,19,38725619,
RNF167,ENSG00000108523,0.00416738546274975,0.0327239138858338,0.00262795742671207,0.000831452179070476,missense|LC,17004937630,17,4937630,
NDUFAF4,ENSG00000123545,0.00420064757160232,0.0216139869116936,0.00307119564816216,-0.0039287972255431,missense|LC,6096891038,6,96891038,
CITED1,ENSG00000125931,0.00420178416267802,0.0573912788340151,0.00313053748692638,-0.00111797250032388,missense|LC,23072301610,X,72301610,
PRPF38A,ENSG00000134748,0.00423437526558679,0.00340060684211629,0.0181299724039248,-0.00363933203696785,missense|LC,1052401266,1,52401266,
PSMB8,ENSG00000204264,0.00429271677985577,0.00215804485449789,0.116424186300775,-0.0022170812516116,missense|LC,6032835717,6,32835717,
ARID1B,ENSG00000049618,0.00430456743412055,0.00207273533936903,0.33728144353804,-0.000630903955972185,missense|LC,6156777776,6,156777776,
KEL,ENSG00000197993,0.00431847098671634,0.0371028593967808,0.00268054527315376,0.000890675887617028,missense|LC,7142939463,7,142939463,
AC011462.1,ENSG00000255730,0.00434584279030048,0.00300648228733991,0.113657836589987,0.00126738075468433,missense|LC,19041378235,19,41378235,
ELP1,ENSG00000070061,0.00435987214336175,0.00209470646746035,0.631219018880216,0.000980745658420472,missense|LC,9108862518,9,108862518,
DENND11,ENSG00000257093,0.00436113156617579,0.795505047052578,0.00251163082416406,0.000102548591479722,missense|LC,7141652702,7,141652702,
BCKDHA,ENSG00000248098,0.00436378285776451,0.00303768609999755,0.113905592850647,0.00127642316744852,missense|LC,19041392818,19,41392818,
DDX42,ENSG00000198231,0.00440859227324608,0.00685621661229874,0.00397594400377488,-0.00106333623267093,missense|LC,17063786953,17,63786953,
SUMF2,ENSG00000129103,0.00442180443250484,0.0029306752665943,0.0605545282840425,0.00171110957034031,missense|LC,7056059537,7,56059537,
PSMD12,ENSG00000197170,0.00442413760792526,0.0275545053426797,0.00325587007556838,-0.00234747501701875,missense|LC,17067340785,17,67340785,
TMEM161A,ENSG00000064545,0.00442829542189593,0.00215226571200433,0.419720377170126,-0.0016344604516481,missense|LC,19019119811,19,19119811,
DOK1,ENSG00000115325,0.00443304422768476,0.00278717129803963,0.171971365980666,0.0018356351603192,missense|LC,2074554666,2,74554666,
C6orf132,ENSG00000188112,0.0044364183860921,0.916354806834019,0.00207773895646324,-0.0000214876604976405,missense|LC,6042103702,6,42103702,
BMP15,ENSG00000130385,0.0044910433749239,0.00540692837942358,0.00582320638124356,-0.00124116523127083,missense|LC,23050910738,X,50910738,
SBNO1,ENSG00000139697,0.00451298341661344,0.271213656172585,0.00232089753504139,-0.000402949777929518,missense|LC,12123295786,12,123295786,
PNPLA4,ENSG00000006757,0.00451383078937917,0.00222990646646926,0.0649838215153852,0.00208789592889042,missense|LC,23007900678,X,7900678,
GCN1,ENSG00000089154,0.00451802412541225,0.0102594574819579,0.00553153667556505,0.000821783012738392,missense|LC,12120127765,12,120127765,
PDE3B,ENSG00000152270,0.00452647181833254,0.958120036463944,0.00216896389232768,-0.00000394061698759212,missense|LC,11014643928,11,14643928,
ANKRD26,ENSG00000107890,0.00453664838916923,0.321853887484035,0.00222130909855656,-0.000252945725784706,missense|LC,10027004961,10,27004961,
STK24,ENSG00000102572,0.004552320448166,0.00396128537429263,0.00650064495792191,-0.0015163965762523,missense|LC,13098448183,13,98448183,
FLT4,ENSG00000037280,0.0045528362122681,0.00223055714824771,0.104366355268634,-0.00085356058302317,missense|LC,5180603119,5,180603119,
CDH22,ENSG00000149654,0.00455490337634101,0.0240993362430587,0.00288585606751357,0.000890641984825674,missense|LC,20046174451,20,46174451,
FAM174B,ENSG00000185442,0.00459896632652912,0.00498687020308208,0.00664726794854142,-0.00233002956132512,missense|LC,15092619364,15,92619364,
FAM124A,ENSG00000150510,0.00465494265931843,0.313909053676188,0.00223142488841455,0.000569212548103312,missense|LC,13051222388,13,51222388,
BCAS2,ENSG00000116752,0.00466240695025522,0.00486864083174765,0.00467024052845932,-0.00142070091713682,missense|LC,1114568014,1,114568014,
AFG3L2,ENSG00000141385,0.00466376346545783,0.15563630097738,0.00293738895875051,0.00076443520639239,missense|LC,18012324708,18,12324708,
CASP8AP2,ENSG00000118412,0.00466966004404579,0.177945750193017,0.00215111955107572,0.000419473316266109,missense|LC,6089846542,6,89846542,
SLC44A4,ENSG00000204385,0.00467359955468949,0.00742788935019334,0.00508502323250193,-0.000878816941724155,missense|LC,6031859644,6,31859644,
TSPOAP1,ENSG00000005379,0.00467368033401305,0.25119351972871,0.00238836533751596,0.000284366989172346,missense|LC,17058302163,17,58302163,
MYO9B,ENSG00000099331,0.00472421005290591,0.00251505057889079,0.05189921373008,0.000744731234557817,missense|LC,19017073213,19,17073213,
SCNM1,ENSG00000163156,0.0047443818225974,0.356375464303834,0.00263765375003477,-0.000348330428793055,missense|LC,1151161627,1,151161627,
TESPA1,ENSG00000135426,0.00477666158815737,0.0218814196622253,0.00247584223546615,0.000940825556553743,missense|LC,12054961078,12,54961078,
MC3R,ENSG00000124089,0.00479885911859246,0.00414318694125038,0.00926602677078048,-0.00171022266533606,missense|LC,20056248759,20,56248759,
KLHL18,ENSG00000114648,0.00482549560779266,0.354807868927462,0.00252844829887844,-0.000762615585943672,missense|LC,3047282113,3,47282113,
EMCN,ENSG00000164035,0.00482864292475915,0.00932397022844467,0.00369302021595341,-0.0016024152154447,missense|LC,4100410261,4,100410261,
RNF139,ENSG00000170881,0.00485909349799285,0.0904596250213473,0.0024873565839294,-0.00134715211361626,missense|LC,8124475035,8,124475035,
USP11,ENSG00000102226,0.00486126888788874,0.296198786253587,0.00238719582788283,-0.00053257623270111,missense|LC,23047228539,X,47228539,
CYP20A1,ENSG00000119004,0.00487860132572993,0.00344720513754115,0.0147556036241459,-0.00161938234261543,missense|LC,2203238995,2,203238995,
PINX1,ENSG00000254093,0.00488339975694474,0.0266259276407732,0.0030143163557339,0.000895289447243926,missense|LC,8010765314,8,10765314,
ERI1,ENSG00000104626,0.00488899502747209,0.0218243357544513,0.00334212652552468,-0.00101209410800039,missense|LC,8009003000,8,9003000,
ITIH6,ENSG00000102313,0.0049145835620753,0.144238976375448,0.00261890584858926,0.000344813391413414,missense|LC,23054749876,X,54749876,
FLT1,ENSG00000102755,0.00494045185802006,0.777068576656683,0.0026324934772084,0.0000860022892491771,missense|LC,13028303116,13,28303116,
SULT2A1,ENSG00000105398,0.00495008513228823,0.00312709834145131,0.02641416831712,-0.00228323285105892,missense|LC,19047871430,19,47871430,
SMAD9,ENSG00000120693,0.00495899102032837,0.0226871111505782,0.00316353625701749,0.000920217687457879,missense|LC,13036848608,13,36848608,
EIF3K,ENSG00000178982,0.00496714453675173,0.00366478013229732,0.0281813618799576,0.00216184662792841,missense|LC,19038614189,19,38614189,
NASP,ENSG00000132780,0.00497224647777939,0.827465078451165,0.00251924942902615,0.0000806073630974001,missense|LC,1045584068,1,45584068,
TRAFD1,ENSG00000135148,0.00500565707442391,0.0811276256508493,0.00248079712173399,-0.000972060294509573,missense|LC,12112130460,12,112130460,
C15orf39,ENSG00000167173,0.00500706547575491,0.629502904081201,0.00239265281040479,0.000106148637777562,missense|LC,15075205955,15,75205955,
PDZD8,ENSG00000165650,0.00501462407312292,0.00454246507001876,0.00754376314004601,-0.000829825117783996,missense|LC,10117277153,10,117277153,
MYO1A,ENSG00000166866,0.00501498041045434,0.0916451137433822,0.00248968515600667,-0.000424273433661737,missense|LC,12057028632,12,57028632,
PIMREG,ENSG00000129195,0.00501566621114213,0.00731049072261047,0.00790843744087644,-0.00284871280871618,missense|LC,17006445007,17,6445007,
HOMER2,ENSG00000103942,0.00502595099792447,0.00523667551531293,0.00578364997682557,-0.00135739836241861,missense|LC,15082849639,15,82849639,
OR13F1,ENSG00000186881,0.00502661072807842,0.00730148568427924,0.00549735896769521,-0.00174640690581187,missense|LC,9104504200,9,104504200,
BUB3,ENSG00000154473,0.00503736310491754,0.00256684709138144,0.734998189888041,-0.00510475312194761,missense|LC,10123149489,10,123149489,
IFRD2,ENSG00000214706,0.00504334923848471,0.00251481606478532,0.183893461278648,-0.00091285721555585,missense|LC,3050286332,3,50286332,
AC087289.3,ENSG00000267426,0.00509854492752226,0.00271849077097597,0.0801354327676508,-0.0102693311947975,missense|LC,17075899668,17,75899668,
SLC35E2B,ENSG00000189339,0.00510317168293062,0.0143091772499294,0.00296797166913898,0.00118820017287382,missense|LC,1001657150,1,1657150,
TRIM26,ENSG00000234127,0.00511369612606194,0.316742169019795,0.0029873832535573,-0.000561012280289559,missense|LC,6030185773,6,30185773,
TMOD4,ENSG00000163157,0.00511910391733161,0.510780917263027,0.00282007083893443,-0.000240067675419221,missense|LC,1151165017,1,151165017,
MORN4,ENSG00000171160,0.00512785344101996,0.00396894619113564,0.012284551391928,-0.00365486759017576,missense|LC,10097611424,10,97611424,
PPT2,ENSG00000221988,0.00514407784345428,0.00597501677329193,0.00638027793621299,-0.00310516730375606,missense|LC,6032149147,6,32149147,
SPATS2,ENSG00000123352,0.00514530683618142,0.0107454071715358,0.00330538111444056,0.00101602274294833,missense|LC,12049389672,12,49389672,
CMTR1,ENSG00000137200,0.00514653980468116,0.0217920181660061,0.0034701939291939,0.00114692162727399,missense|LC,6037435525,6,37435525,
KLHL8,ENSG00000145332,0.00517099947103372,0.00314877481356035,0.0196098476206326,-0.00178018256600684,missense|LC,4087163451,4,87163451,
TIMM10,ENSG00000134809,0.00519702111802978,0.00325829052266746,0.0876538709738536,0.00700536434691059,missense|LC,11057528636,11,57528636,
ASAH2B,ENSG00000204147,0.00521750306203317,0.00299992672609284,0.0356796913188281,0.00414176036634117,missense|LC,10050742842,10,50742842,
C19orf33,ENSG00000167644,0.0052520541966149,0.00313601038769273,0.310026004020389,0.00466248946346065,missense|LC,19038304161,19,38304161,
PMFBP1,ENSG00000118557,0.00525613633026989,0.00576746662704386,0.00459553928115874,-0.000657653154769776,missense|LC,16072119256,16,72119256,
NHP2,ENSG00000145912,0.0052723331659722,0.00536701830618624,0.00553994835249694,0.00137645374502343,missense|LC,5178146025,5,178146025,
CALCB,ENSG00000175868,0.00532197838710713,0.0028061745855269,0.262650618652403,0.00332809589246702,missense|LC,11015074662,11,15074662,
TMOD3,ENSG00000138594,0.00532770980609898,0.105818177025039,0.00293513260948386,-0.00110452174127458,missense|LC,15051862797,15,51862797,
C2CD3,ENSG00000168014,0.0053318617531527,0.880154346642558,0.0024164454020853,-0.0000272369761243121,missense|LC,11074013419,11,74013419,
MS4A10,ENSG00000172689,0.00534732589499931,0.00520867618790344,0.00573767778675272,0.00124847625535432,missense|LC,11060790255,11,60790255,
DHX37,ENSG00000150990,0.00535419594969055,0.0150908325987297,0.00547716602321779,-0.000790937683411584,missense|LC,12124947676,12,124947676,
KMT2E,ENSG00000005483,0.00535605501133607,0.034962981932057,0.00312410375707806,0.000650361309130116,missense|LC,7105040908,7,105040908,
TBC1D2,ENSG00000095383,0.00536194550002311,0.0271317505310927,0.00335812874790364,0.000665718709784891,missense|LC,9098199292,9,98199292,
TLR6,ENSG00000174130,0.00539802093445274,0.00286705262362807,0.0662869036186846,0.000963248293562932,missense|LC,4038827028,4,38827028,
SETD1B,ENSG00000139718,0.00540483613274478,0.00347272842521984,0.0289786202270041,-0.000649183679023581,missense|LC,12121804649,12,121804649,
RABL2A,ENSG00000144134,0.00540910124147809,0.0104518383341561,0.00443908725953079,-0.00132771836999569,missense|LC,2113628466,2,113628466,
C20orf85,ENSG00000124237,0.00541269024393032,0.00375953312856292,0.043526733544016,-0.00160018004138701,missense|LC,20058150880,20,58150880,
LRRC47,ENSG00000130764,0.00542694872739158,0.00615781103602964,0.00662167082256393,-0.00111146828398412,missense|LC,1003775323,1,3775323,
RGS18,ENSG00000150681,0.0054286721583674,0.00304352650686934,0.251675365576919,0.00375228569791669,missense|LC,1192158559,1,192158559,
BPIFA3,ENSG00000131059,0.00543683573391829,0.28482417041534,0.0032925132941013,-0.000586995584979596,missense|LC,20033217418,20,33217418,
STX11,ENSG00000135604,0.00544475038646974,0.00341147802109443,0.015523884622622,0.00119888067344932,missense|LC,6144150409,6,144150409,
C11orf80,ENSG00000173715,0.00549825933340253,0.00424208502147894,0.00986343624274899,-0.00146827688112106,missense|LC,11066744722,11,66744722,
HYAL1,ENSG00000114378,0.00551960563250453,0.0616165290427498,0.00296592363948167,0.00107010552922249,missense|LC,3050294893,3,50294893,
AAAS,ENSG00000094914,0.00553150685307413,0.24035492229751,0.00277639018729192,-0.000763198482779251,missense|LC,12053302947,12,53302947,
MED28,ENSG00000118579,0.00557000400617969,0.854905217739784,0.00312617387992198,0.00013861050914364,missense|LC,4017614557,4,17614557,
CYFIP1,ENSG00000273749,0.00557853514087236,0.0487633250136231,0.00443995251408502,0.000531837048173146,missense|LC,15022866155,15,22866155,
MAML1,ENSG00000161021,0.00562669623859136,0.495960179540301,0.00279404698310759,0.000181596946730732,missense|LC,5179728581,5,179728581,
STK3,ENSG00000104375,0.00566959916920495,0.141919724891423,0.00405175951709513,0.000782332680452372,missense|LC,8098455734,8,98455734,
CELF6,ENSG00000140488,0.00570695041821889,0.00437131689288672,0.0111732722344358,-0.00200069574078118,missense|LC,15072287154,15,72287154,
AHSG,ENSG00000145192,0.00571774087092447,0.00307544123263548,0.01142672659791,0.00109689392100118,missense|LC,3186613072,3,186613072,
INSM1,ENSG00000173404,0.00571908992524794,0.0171653978169916,0.00549176590067713,0.00138941502496245,missense|LC,20020368169,20,20368169,
CRACR2A,ENSG00000130038,0.00573760940440671,0.0875255695766706,0.00350320775938429,0.000636849143945787,missense|LC,12003615289,12,3615289,
C1orf68,ENSG00000198854,0.00576637941437996,0.15925030589041,0.00283605088785044,0.00160310061054383,missense|LC,1152719440,1,152719440,
GMPR2,ENSG00000100938,0.00576822290870072,0.00349262581000975,0.0353156720631955,0.00219634545210444,missense|LC,14024232107,14,24232107,
PGM2,ENSG00000169299,0.00578651798009944,0.00306039272005287,0.14754539369527,-0.00158993879322552,missense|LC,4037826687,4,37826687,
NEB,ENSG00000183091,0.00579373857584375,0.152783275816059,0.0030056233577711,0.000165395494771125,missense|LC,2151485676,2,151485676,
NFATC1,ENSG00000131196,0.00580697527024887,0.146866516472021,0.00293154090230718,-0.000400423744028313,missense|LC,18079396228,18,79396228,
REX1BD,ENSG00000006015,0.00580946662228321,0.00400402007492873,0.00873221568968563,0.00129264374818503,missense|LC,19018588731,19,18588731,
CHGB,ENSG00000089199,0.00581983535909203,0.0495870364119398,0.00318271410447657,-0.000760048202171964,missense|LC,20005911541,20,5911541,
UBR2,ENSG00000024048,0.00582544423745468,0.879027089397363,0.0031147913016274,0.0000648353686768866,missense|LC,6042564222,6,42564222,
PIGP,ENSG00000185808,0.00583352222275035,0.0126271931131887,0.00550752332568694,0.00294430999217953,missense|LC,21037065498,21,37065498,
PACSIN1,ENSG00000124507,0.00585215291961916,0.0361110794649592,0.00481447644158084,-0.00100620561025058,missense|LC,6034526255,6,34526255,
SWAP70,ENSG00000133789,0.00587768737970595,0.00269290062675398,0.230702726107858,0.00269970140950072,missense|LC,11009664087,11,9664087,
DGAT2,ENSG00000062282,0.00589160716208192,0.00324042339380215,0.171127993217872,0.00129078499876585,missense|LC,11075768861,11,75768861,
VIRMA,ENSG00000164944,0.00594823196719096,0.00479565231171519,0.0123718148343238,-0.00103507345891292,missense|LC,8094488626,8,94488626,
ARPC1B,ENSG00000130429,0.0059620076832434,0.0049751221924289,0.00948546184142085,0.00129761887322641,missense|LC,7099385642,7,99385642,
WDTC1,ENSG00000142784,0.00598613957088356,0.011909068479752,0.00789643245975502,0.00198723745264067,missense|LC,1027260968,1,27260968,
CST4,ENSG00000101441,0.00599920120803688,0.00338288835526002,0.0378037596441684,0.00234089812517849,missense|LC,20023685810,20,23685810,
TMEM252,ENSG00000181778,0.00601467604135797,0.818044236527454,0.00415499784786988,0.000140393468157769,missense|LC,9068537194,9,68537194,
NOL8,ENSG00000198000,0.00601922773317543,0.00337913557483871,0.0651186647334498,0.000973535740548513,missense|LC,9092297783,9,92297783,
PRRX2,ENSG00000167157,0.00602620553386768,0.0146110363015685,0.00510312842798655,-0.00220804607017305,missense|LC,9129665763,9,129665763,
CD79A,ENSG00000105369,0.00604791072801336,0.00321761209787708,0.0585627167854095,0.00157977747667422,missense|LC,19041877263,19,41877263,
FAM71A,ENSG00000162771,0.00604950818639005,0.0139369251940717,0.00459231738309174,-0.000888141242470261,missense|LC,1212619474,1,212619474,
DIRAS2,ENSG00000165023,0.00606242648496236,0.0198223768915635,0.00590883282133681,-0.00501018270974315,missense|LC,9090613104,9,90613104,
LMNA,ENSG00000160789,0.0060804631408774,0.00374102673382948,0.0798562499735171,0.001663440568684,missense|LC,1156114870,1,156114870,
BPNT1,ENSG00000162813,0.00610644454711384,0.0508526053423448,0.0037088328552034,-0.00109688342978772,missense|LC,1220057800,1,220057800,
PVR,ENSG00000073008,0.00610743434004846,0.0760919176224253,0.00309298621198983,-0.000873776780839939,missense|LC,19044644028,19,44644028,
LHX3,ENSG00000107187,0.00612473928151525,0.140882683497815,0.00314879750012464,-0.00081200922009131,missense|LC,9136197242,9,136197242,
AC009690.3,ENSG00000273025,0.00613734063356097,0.00479968462776825,0.0111675135890333,-0.00198074990410131,missense|LC,15072261746,15,72261746,
MS4A14,ENSG00000166928,0.00613813178404932,0.257638490930792,0.00413069537881661,-0.000466949427235421,missense|LC,11060392637,11,60392637,
ACSL6,ENSG00000164398,0.00614547070050475,0.308497080597268,0.0033397860740122,0.000861488160882595,missense|LC,5131954132,5,131954132,
DHX8,ENSG00000067596,0.00618114824642446,0.0360032612719537,0.00358632076576104,-0.00095511507958051,missense|LC,17043483943,17,43483943,
TMPRSS4,ENSG00000137648,0.00624751903975518,0.0144556471706402,0.00382145459556038,0.00089468921023953,missense|LC,11118077187,11,118077187,
ARHGEF15,ENSG00000198844,0.00628174308504237,0.0681517732814148,0.0030935783188627,0.000705835796235146,missense|LC,17008311941,17,8311941,
TREML4,ENSG00000188056,0.00628755784015012,0.0154012938135762,0.00511673543956526,0.00128303833256164,missense|LC,6041228369,6,41228369,
LACRT,ENSG00000135413,0.00628938357978703,0.129044333686753,0.00296164577599367,-0.00247287046334929,missense|LC,12054630858,12,54630858,
SYCP3,ENSG00000139351,0.00629714417079019,0.14798331854114,0.00357492049262709,-0.00160047184058875,missense|LC,12101723695,12,101723695,
ZAN,ENSG00000146839,0.00630970440721024,0.137078757719178,0.0032136073787743,-0.000215669782609941,missense|LC,7100734131,7,100734131,
RPS6KC1,ENSG00000136643,0.00633154629866517,0.0886390456051847,0.00309913129463013,-0.000525913784612179,missense|LC,1213051357,1,213051357,
AC002996.1,ENSG00000257767,0.00633355777923206,0.0186763940992394,0.0044876059806328,-0.00190299111072448,missense|LC,12111748933,12,111748933,
ADARB1,ENSG00000197381,0.00637313172459852,0.190614989083334,0.00476888117711693,-0.000616590730430494,missense|LC,21045171644,21,45171644,
NFE2,ENSG00000123405,0.00640930961206621,0.00408043541065306,0.151184712302141,0.00235861194348357,missense|LC,12054292285,12,54292285,
RBM14-RBM4,ENSG00000248643,0.00643370081088979,0.561716163999267,0.00295862616157072,-0.000652009880162895,missense|LC,11066616626,11,66616626,
FAM111A,ENSG00000166801,0.00647932153432551,0.00390084864685392,0.0479306312971757,-0.00108692282816617,missense|LC,11059148841,11,59148841,
ZBTB8OS,ENSG00000176261,0.00654236162738786,0.00420631115970316,0.0344209290336592,-0.00260377242644163,missense|LC,1032621824,1,32621824,
LUC7L,ENSG00000007392,0.00655624752454576,0.00777402334506494,0.00719979826782702,0.00142552743234584,missense|LC,16000189108,16,189108,
SHISAL2A,ENSG00000182183,0.00658243237771283,0.0047946518855293,0.0149729490055609,0.0022160166321174,missense|LC,1052633411,1,52633411,
DPP3,ENSG00000254986,0.00660129254227415,0.00484550079630974,0.0218460157101938,-0.00106586033892482,missense|LC,11066475504,11,66475504,
RPLP0,ENSG00000089157,0.00660266786150543,0.0286850594438017,0.00415447376063871,-0.00214099528575636,missense|LC,12120194605,12,120194605,
PAN3,ENSG00000152520,0.00662018771084139,0.00336426342130458,0.20360595623376,0.00104461828945354,missense|LC,13028138708,13,28138708,
FN1,ENSG00000115414,0.00666934255145191,0.291376687481141,0.0033720177344434,0.000248592868609674,missense|LC,2215361525,2,215361525,
MYT1,ENSG00000196132,0.00667354520492625,0.00614375418177382,0.0144634242399057,-0.000780263672101571,missense|LC,20064198787,20,64198787,
TMEM187,ENSG00000177854,0.00672513731267965,0.0799295655938439,0.00427834118189596,0.00092389766451449,missense|LC,23153970621,X,153970621,
CBWD1,ENSG00000172785,0.00672725452408396,0.200674466178377,0.00384131066688131,-0.000783615141276259,missense|LC,9000116660,9,116660,
AC005258.1,ENSG00000273734,0.0067291647567943,0.00429328831287812,0.0347141103498445,-0.00397286272098912,missense|LC,19002269455,19,2269455,
ACKR4,ENSG00000129048,0.00673031530165724,0.089765339079134,0.00467755008853188,0.000979936729260909,missense|LC,3132600317,3,132600317,
AGAP5,ENSG00000172650,0.00674959160654154,0.112900217625208,0.00355871170964162,-0.000867721313542309,missense|LC,10073674429,10,73674429,
ACKR3,ENSG00000144476,0.00680337607167136,0.111123381531847,0.00415788366742786,-0.000684629998122344,missense|LC,2236580346,2,236580346,
ADGRL4,ENSG00000162618,0.00684769094907223,0.00340009798993846,0.0927685365203443,-0.00113528568718278,missense|LC,1078891087,1,78891087,
CARD10,ENSG00000100065,0.00691310462847328,0.154030115917447,0.00363275853335643,0.000596435140281977,missense|LC,22037485817,22,37485817,
KCNJ16,ENSG00000153822,0.00692725493125756,0.560097875830034,0.00333593849039993,-0.00037949193854768,missense|LC,17070130900,17,70130900,
CD244,ENSG00000122223,0.00692798728484101,0.00404909809163201,0.0418712643532732,-0.00197450618236646,missense|LC,1160827698,1,160827698,
COPS9,ENSG00000172428,0.00695236535292565,0.0128826958975499,0.00445334615172521,0.00115562163666519,missense|LC,2240126451,2,240126451,
CEP170B,ENSG00000099814,0.00695422264966006,0.00710052132630734,0.0154007130633159,0.000687599744104831,missense|LC,14104868377,14,104868377,
MRPL1,ENSG00000169288,0.00696129151759728,0.00363371169564131,0.741317644558927,-0.00270723022225685,missense|LC,4077862735,4,77862735,
C7orf50,ENSG00000146540,0.00697370619695314,0.202655787925962,0.00342277764293386,0.00190850989922134,missense|LC,7000997540,7,997540,
POC1A,ENSG00000164087,0.00697853121930414,0.180749575417186,0.00378429948656245,0.000727435495782028,missense|LC,3052075849,3,52075849,
NIPSNAP1,ENSG00000184117,0.00701306239547461,0.00448397242038689,0.0215114259288296,0.00246943715511694,missense|LC,22029555866,22,29555866,
SLC4A1,ENSG00000004939,0.00702068715262139,0.00400096143430395,0.217844639022963,0.0010673528074454,missense|LC,17044250416,17,44250416,
ATP7A,ENSG00000165240,0.0070233473976159,0.00514470892129459,0.0181777893851873,0.00190000666598818,missense|LC,23077968780,X,77968780,
TEPP,ENSG00000159648,0.00708695755842759,0.0118127497882824,0.0058587852856653,-0.00158286670738508,missense|LC,16057976356,16,57976356,
OR2AG2,ENSG00000188124,0.00709453695982065,0.211168028881199,0.00441533677077466,-0.000757060887257938,missense|LC,11006767956,11,6767956,
H3C6,ENSG00000274750,0.00714441123913911,0.148316136349219,0.00349104648081078,-0.00202728289252436,missense|LC,6026225054,6,26225054,
TMEM79,ENSG00000163472,0.00717348124713346,0.0587569020236354,0.00485265826573167,0.000846741067443626,missense|LC,1156277954,1,156277954,
FARSB,ENSG00000116120,0.00717362763903684,0.00405731754415339,0.0582487875772941,-0.00214724437633372,missense|LC,2222571806,2,222571806,
REPS2,ENSG00000169891,0.00718891078954931,0.00515604384356627,0.0753238343535938,-0.00134710145243866,missense|LC,23016946727,X,16946727,
P2RY2,ENSG00000175591,0.00719436700301446,0.00510319360031186,0.0161706401730208,0.00126204137523779,missense|LC,11073234047,11,73234047,
SHROOM4,ENSG00000158352,0.00719507092685534,0.00343039047652405,0.376510534708018,-0.00075114149334095,missense|LC,23050596601,X,50596601,
NBEAL2,ENSG00000160796,0.00719616565568615,0.00447850904588232,0.0364349968146451,0.00108910640685399,missense|LC,3046976236,3,46976236,
SEC24A,ENSG00000113615,0.00727066949124566,0.265547554779643,0.00428935537892106,-0.000415541210523462,missense|LC,5134649032,5,134649032,
CXorf66,ENSG00000203933,0.00728341122180487,0.0851390927166871,0.00360914334709628,0.00193158248107717,missense|LC,23139955833,X,139955833,
CR2,ENSG00000117322,0.00730594290673736,0.00365115110023906,0.0772783024984278,-0.000888892844068172,missense|LC,1207454352,1,207454352,
CBLB,ENSG00000114423,0.00734779560492482,0.0304548781233335,0.00467890033647378,-0.000921514276179574,missense|LC,3105658883,3,105658883,
HLA-DQB2,ENSG00000232629,0.00735919380985595,0.526968671879208,0.00456715043006184,-0.000258632308326468,missense|LC,6032756437,6,32756437,
GPR75,ENSG00000119737,0.00736538627446837,0.057201462630619,0.00408512270958372,-0.00130318924948467,missense|LC,2053853090,2,53853090,
TRIP6,ENSG00000087077,0.0074070931553788,0.738910174747158,0.00361369306484038,0.000147005513228628,missense|LC,7100862584,7,100862584,
STRN3,ENSG00000196792,0.00742799391165205,0.303185986264579,0.0038240666167797,-0.000556982180227023,missense|LC,14030889560,14,30889560,
TM4SF1,ENSG00000169908,0.00744674063453876,0.425969795550983,0.00384069290069455,-0.000729037860556863,missense|LC,3149369763,3,149369763,
PCDHGA2,ENSG00000081853,0.00746785462944188,0.00717105268115337,0.00896839429238627,0.000675495543584902,missense|LC,5141338740,5,141338740,
SPATA22,ENSG00000141255,0.00756254478035845,0.0266742245026552,0.00621743478777648,0.00241700571502905,missense|LC,17003440111,17,3440111,
GPR62,ENSG00000180929,0.00756594636105001,0.285024277869048,0.00392189545535948,-0.00102205118786808,missense|LC,3051955589,3,51955589,
DHX29,ENSG00000067248,0.00760646647605379,0.00419647254701117,0.306973522118433,-0.00113922048565205,missense|LC,5055256420,5,55256420,
MOV10,ENSG00000155363,0.00762173375714092,0.335456984565669,0.00462957211565862,0.000397412353087143,missense|LC,1112669509,1,112669509,
SFPQ,ENSG00000116560,0.00765026494952092,0.0036579020149069,0.207358856596308,0.00153651947804829,missense|LC,1035177955,1,35177955,
DMXL2,ENSG00000104093,0.00765339511711793,0.00491990298013401,0.0317990859649828,-0.000713299987860384,missense|LC,15051448906,15,51448906,
ZAR1,ENSG00000182223,0.0076566887323386,0.00530399930852909,0.0265190650706633,-0.00153615549302744,missense|LC,4048488361,4,48488361,
OR6B1,ENSG00000221813,0.00766952201876581,0.00688556031722076,0.0125462001771726,-0.00138698017430663,missense|LC,7144003966,7,144003966,
SLC25A30,ENSG00000174032,0.00767650175376711,0.00877549280389278,0.00695670804127058,0.00138689889736806,missense|LC,13045390318,13,45390318,
ADGRF2,ENSG00000164393,0.00773877941751522,0.0166376748451413,0.00568425215719026,-0.000789723968601876,missense|LC,6047656439,6,47656439,
SPATA7,ENSG00000042317,0.00779489280437984,0.00428606043593338,0.140085431864286,-0.00165819011411223,missense|LC,14088385742,14,88385742,
GUCY1A2,ENSG00000152402,0.00785113685718641,0.588441184663858,0.00417087399402249,0.000527948244768788,missense|LC,11106687513,11,106687513,
TRMT2A,ENSG00000099899,0.00785997326524346,0.0105159089231475,0.00773436540977046,0.000882352550059302,missense|LC,22020107340,22,20107340,
ALPK2,ENSG00000198796,0.00794802856479371,0.00395428072673787,0.0875088444588231,-0.000691487786000464,missense|LC,18058481767,18,58481767,
CBWD2,ENSG00000136682,0.00795463479471747,0.39848566153323,0.00415378915913489,-0.000394415757035842,missense|LC,2113437677,2,113437677,
FLI1,ENSG00000151702,0.00796924152736511,0.355691162129771,0.00405879224875805,0.000905264875488147,missense|LC,11128694152,11,128694152,
IFNA2,ENSG00000188379,0.00797403427315979,0.00407266871780476,0.144489902158725,0.00355744743787159,missense|LC,9021384701,9,21384701,
BRMS1,ENSG00000174744,0.0080135338154621,0.906300198005861,0.00413837737504008,0.0000816636408817106,missense|LC,11066332346,11,66332346,
NBPF26,ENSG00000273136,0.00802059302125646,0.00424555293625206,0.0498712192877263,-0.000702806354287823,missense|LC,1120723975,1,120723975,
PWWP2B,ENSG00000171813,0.00802130415078561,0.334240912213077,0.00465463951494227,0.000350873326093769,missense|LC,10132397133,10,132397133,
PYGB,ENSG00000100994,0.00810369888902907,0.038574760740173,0.00499698487076516,0.000765675393929334,missense|LC,20025248049,20,25248049,
C1orf115,ENSG00000162817,0.00812620971461109,0.00442748631113532,0.069337813306512,-0.00135783344312644,missense|LC,1220690279,1,220690279,
CDK5R2,ENSG00000171450,0.00813135621944505,0.0210403449661303,0.00445180037390669,0.0011193084217448,missense|LC,2218959682,2,218959682,
SMARCC1,ENSG00000173473,0.00813139929161599,0.00897083424794676,0.0113975516838725,-0.00140743035333065,missense|LC,3047588163,3,47588163,
SIRPG,ENSG00000089012,0.00814694587776366,0.398479481897511,0.00504202730609005,-0.000430332473919596,missense|LC,20001630171,20,1630171,
HMCES,ENSG00000183624,0.00814751025742944,0.00431172982962114,0.222542319960281,-0.00211764605537781,missense|LC,3129274746,3,129274746,
TNFAIP8L2,ENSG00000163154,0.0081609737674101,0.00448330224079041,0.414454123056181,0.00351852067038181,missense|LC,1151158628,1,151158628,
SI,ENSG00000090402,0.00816643746522439,0.0044346930713185,0.339060851681089,0.00156365419812919,missense|LC,3164979341,3,164979341,
ADCY9,ENSG00000162104,0.00817412341314783,0.0111510284321514,0.00713756252053022,-0.00105346032217822,missense|LC,16003965694,16,3965694,
SERPINA12,ENSG00000165953,0.00818912254524662,0.0139904245198117,0.00644017571706756,0.00104887344334417,missense|LC,14094487285,14,94487285,
NAP1L4,ENSG00000205531,0.00821569806913924,0.0293826413008951,0.00577321080649829,-0.00177986062137003,missense|LC,11002945541,11,2945541,
ECT2,ENSG00000114346,0.008290614940063,0.00467057848197061,0.273966030313337,0.00184833918210704,missense|LC,3172754454,3,172754454,
NPPC,ENSG00000163273,0.00838586207659231,0.0254460581502891,0.00601026266945071,-0.00446106248335771,missense|LC,2231925323,2,231925323,
DEFB1,ENSG00000164825,0.00840101753562295,0.286353018378081,0.00436193240523197,0.000899404462719643,missense|LC,8006870569,8,6870569,
HORMAD2,ENSG00000176635,0.00845987209847709,0.0921589049797742,0.00478141050224912,-0.000845328448027877,missense|LC,22030093915,22,30093915,
SBK3,ENSG00000231274,0.00847660453624777,0.00469319456963102,0.0741221971506982,0.00213333744141666,missense|LC,19055535949,19,55535949,
NUCKS1,ENSG00000069275,0.00850755558546734,0.00573991679573638,0.0266266286369239,-0.00339014305022765,missense|LC,1205717236,1,205717236,
ALDH5A1,ENSG00000112294,0.00851166156791106,0.517124537451038,0.00434000688502378,-0.000249363524778784,missense|LC,6024494866,6,24494866,
KIF1B,ENSG00000054523,0.00852837129978179,0.0133804389003891,0.0168641962061862,-0.00128565879595171,missense|LC,1010232286,1,10232286,
HDAC8,ENSG00000147099,0.00855267307504393,0.144869997990144,0.00515960218278444,0.00204134890581776,missense|LC,23072329596,X,72329596,
EPHB4,ENSG00000196411,0.00857567022235006,0.361122858508443,0.00501415424029539,0.000317307396502839,missense|LC,7100797576,7,100797576,
SERPINB4,ENSG00000206073,0.0085794453487259,0.00494975441102175,0.0471230856056876,0.00143555436600296,missense|LC,18063637631,18,63637631,
CLEC9A,ENSG00000197992,0.00858196264419475,0.0170908762797586,0.00608520611258634,-0.00191809391283609,missense|LC,12010052427,12,10052427,
OR2T1,ENSG00000175143,0.00859884828693325,0.0611050907830435,0.00523414861023752,0.000907241450862546,missense|LC,1248405940,1,248405940,
PSMC4,ENSG00000013275,0.00862597488128725,0.00430383334802842,0.277617422751001,0.00496157094163969,missense|LC,19039971104,19,39971104,
TRPM3,ENSG00000083067,0.00864178156405171,0.675207155979038,0.00435496597065921,0.000118948238265877,missense|LC,9070535337,9,70535337,
FAM83E,ENSG00000105523,0.00867323886900973,0.0236087847592648,0.00612749153206193,0.000698655176048936,missense|LC,19048596640,19,48596640,
HLA-DOB,ENSG00000241106,0.00868190509577993,0.0354566824585539,0.00471151418039462,-0.00183860567669481,missense|LC,6032813154,6,32813154,
KBTBD13,ENSG00000234438,0.00870452224742846,0.0484164359778176,0.00477016230478267,0.000669887514944898,missense|LC,15065076736,15,65076736,
PTGS2,ENSG00000073756,0.00876716372681763,0.752126395661005,0.0040789515575762,0.00032755680611177,missense|LC,1186674315,1,186674315,
TGFB1,ENSG00000105329,0.00878427487556688,0.0384500821915682,0.0054661796141553,-0.00149328141685655,missense|LC,19041330962,19,41330962,
ARID4A,ENSG00000032219,0.0087855536124023,0.00811194296818307,0.0196796689558361,0.00136930842576023,missense|LC,14058299741,14,58299741,
TCHH,ENSG00000159450,0.00883063813199003,0.600003932419957,0.00413190974343647,0.000102276908908351,missense|LC,1152107296,1,152107296,
ABHD10,ENSG00000144827,0.0088308601568432,0.00641940627782045,0.0125095350892419,-0.00156917608230625,missense|LC,3111974342,3,111974342,
AP2M1,ENSG00000161203,0.00887148290140416,0.107580498870801,0.00472521435344109,0.00291724012056024,missense|LC,3184169935,3,184169935,
ANG,ENSG00000214274,0.00887445009279442,0.0252208655513444,0.00606816280819578,0.00162310785151552,missense|LC,14020688604,14,20688604,
LRIF1,ENSG00000121931,0.00888028601441204,0.10100639747605,0.00459964996221585,0.00061083445124055,missense|LC,1110947831,1,110947831,
COL2A1,ENSG00000139219,0.00888399623526437,0.00563548625837318,0.0568732979235888,-0.00136229768129173,missense|LC,12047968080,12,47968080,
PLAAT4,ENSG00000133321,0.00893702882918368,0.446072827188033,0.00444296496471863,0.000696875012313547,missense|LC,11063536778,11,63536778,
RIT1,ENSG00000143622,0.00896293752088528,0.00472631455209616,0.196730693915796,0.00466243959643812,missense|LC,1155900354,1,155900354,
POLG,ENSG00000140521,0.00902095331265651,0.0501914398619897,0.00503530322868362,0.000356572498820241,missense|LC,15089312854,15,89312854,
NIBAN1,ENSG00000135842,0.0090601262460358,0.0209583569474961,0.00692840556282959,-0.000761084565163921,missense|LC,1184794865,1,184794865,
LCP2,ENSG00000043462,0.00907644624879567,0.159587215150564,0.00584492010701476,0.000766380915074878,missense|LC,5170245889,5,170245889,
RBM4,ENSG00000173933,0.00909427429066223,0.352336720070095,0.00426389862385967,-0.00104576415449857,missense|LC,11066639593,11,66639593,
PAMR1,ENSG00000149090,0.00911020212674152,0.00472018271817543,0.321002303995259,-0.00156648125936293,missense|LC,11035432281,11,35432281,
TRIM5,ENSG00000132256,0.00911734225923433,0.00526067670927743,0.0629923147611737,0.00115087036357928,missense|LC,11005663170,11,5663170,
DIP2A,ENSG00000160305,0.0091192326459566,0.00494058058389779,0.071608753194105,-0.000910047695459082,missense|LC,21046459054,21,46459054,
DYRK1A,ENSG00000157540,0.00913779365704115,0.0721338489628263,0.00537303313968363,-0.00125579702430197,missense|LC,21037420313,21,37420313,
GFPT1,ENSG00000198380,0.00916886979964016,0.235704395603949,0.00463005925930482,-0.00146283076571082,missense|LC,2069326166,2,69326166,
SGIP1,ENSG00000118473,0.0091762761588301,0.432440954189743,0.00436634318390272,0.000400223117906863,missense|LC,1066534280,1,66534280,
MUSK,ENSG00000030304,0.00917941920905141,0.124529610888582,0.00471926676054668,0.000473019831084174,missense|LC,9110668861,9,110668861,
CXCL11,ENSG00000169248,0.00917994782880005,0.0386034520726946,0.00600085857989052,-0.00116434246370441,missense|LC,4076034754,4,76034754,
ADAD2,ENSG00000140955,0.00920985627299964,0.00503689645329009,0.201361626688415,0.000842992292905014,missense|LC,16084191111,16,84191111,
ZDHHC17,ENSG00000186908,0.0092348862008127,0.00482691520981837,0.0688127599932911,-0.00224316767918035,missense|LC,12076764173,12,76764173,
P2RX4,ENSG00000135124,0.00926205504747513,0.773453767797037,0.00619973650555061,-0.000138003651218752,missense|LC,12121210044,12,121210044,
SMUG1,ENSG00000123415,0.00929356373939383,0.0476687002011051,0.00573186369581835,-0.0014294401139351,missense|LC,12054181485,12,54181485,
NAGLU,ENSG00000108784,0.00933908520071547,0.953097854567246,0.00489550836120567,-0.0000232352108916861,missense|LC,17042533562,17,42533562,
AKT1S1,ENSG00000204673,0.00934804959172664,0.00490573371945113,0.0555892042764964,0.001381990329179,missense|LC,19049864052,19,49864052,
PITPNM1,ENSG00000110697,0.0093747177059732,0.00496589167376882,0.0328741492106895,0.000701658994624507,missense|LC,11067486915,11,67486915,
LPAR1,ENSG00000198121,0.00937674813085332,0.0328407017168035,0.00730937255319086,-0.00294331282353137,missense|LC,9110875351,9,110875351,
HLX,ENSG00000136630,0.00938699436983093,0.586418199001624,0.00461110538815346,0.000388325011198051,missense|LC,1220879707,1,220879707,
MOCS3,ENSG00000124217,0.00947537309304491,0.00506069609925497,0.431825654545775,0.00188395345202426,missense|LC,20050955155,20,50955155,
OLFM2,ENSG00000105088,0.00947979928808274,0.00538145611394192,0.215329038064589,-0.00204813588527174,missense|LC,19009849056,19,9849056,
QSER1,ENSG00000060749,0.00950661154597232,0.0994788746506128,0.00514794681755726,-0.000552349900705153,missense|LC,11032928011,11,32928011,
SGCE,ENSG00000127990,0.00953647090718079,0.0316424003432149,0.00619995942624652,0.00154578693693335,missense|LC,7094585435,7,94585435,
CDK4,ENSG00000135446,0.009539735543863,0.00474408413642369,0.200914607147253,-0.00256115044453821,missense|LC,12057745081,12,57745081,
RHOBTB1,ENSG00000072422,0.00956087554096763,0.0678888881475326,0.00533879283003469,0.0010291874194673,missense|LC,10060871394,10,60871394,
MAGI1,ENSG00000151276,0.009561318409395,0.63458858546126,0.00557764951448902,0.0000855605082883525,missense|LC,3065356386,3,65356386,
MPP1,ENSG00000130830,0.00957588589227176,0.238766231366791,0.00505352808510084,0.000793758513851948,missense|LC,23154774566,X,154774566,
MPDZ,ENSG00000107186,0.00957661418649136,0.00751791205453167,0.0195344362802644,-0.000385766844410644,missense|LC,9013106862,9,13106862,
PLXNB1,ENSG00000164050,0.00960688437311386,0.406168785162553,0.00482568961309948,0.000212147087241131,missense|LC,3048404451,3,48404451,
NKTR,ENSG00000114857,0.00962359251698908,0.127868449801144,0.0051137796248677,0.000565375907666101,missense|LC,3042600936,3,42600936,
EPO,ENSG00000130427,0.00963304154468125,0.171417246414232,0.00525818627964458,-0.000541299857920073,missense|LC,7100720852,7,100720852,
H4C13,ENSG00000275126,0.00964940789518165,0.175358562681976,0.00770844753958233,0.00073368076583266,missense|LC,6027871815,6,27871815,
RBBP4,ENSG00000162521,0.00965427273098896,0.170086748155795,0.00496460833155776,-0.00411667938022854,missense|LC,1032650317,1,32650317,
RBM27,ENSG00000091009,0.00972079548780702,0.817699704504975,0.00505977252327494,0.000112929252593218,missense|LC,5146203692,5,146203692,
C19orf53,ENSG00000104979,0.00972590272447671,0.00534647702374302,0.0531612630205044,-0.0035252998070835,missense|LC,19013772040,19,13772040,
ALDH2,ENSG00000111275,0.00973708560722342,0.0771283539158945,0.00533271846174466,-0.00118757617692279,missense|LC,12111766911,12,111766911,
TRIM48,ENSG00000150244,0.00974271092283019,0.0322691088139103,0.005503897020952,-0.000689542854966254,missense|LC,11055262208,11,55262208,
STK4,ENSG00000101109,0.00976533860018425,0.00471893213940833,0.201883820494636,0.00486341747422347,missense|LC,20044966428,20,44966428,
MRPL14,ENSG00000180992,0.00977244414899825,0.00505785523422331,0.212129295986923,-0.00430679338574153,missense|LC,6044113748,6,44113748,
KRTAP4-16,ENSG00000241241,0.00977699124070763,0.00698825461168484,0.0169973406410258,0.00134284841249902,missense|LC,17041097388,17,41097388,
C4orf51,ENSG00000237136,0.00977837753258748,0.00784407828037814,0.0160730041658639,-0.00272632985924864,missense|LC,4145680167,4,145680167,
GMNN,ENSG00000112312,0.00985687939255242,0.00916705085633218,0.0171700055204396,-0.00100639111328343,missense|LC,6024777258,6,24777258,
VPS9D1,ENSG00000075399,0.00987327275818584,0.547388741622278,0.00556948723858974,-0.000219980345852011,missense|LC,16089707796,16,89707796,
PKD1L3,ENSG00000277481,0.0099314173088354,0.130850657798225,0.00476003853881724,-0.000310044444894996,missense|LC,16071924727,16,71924727,
FAM126A,ENSG00000122591,0.00993291157364851,0.939564026601187,0.0053932577187874,0.0000319551543222069,missense|LC,7022945557,7,22945557,
GJA4,ENSG00000187513,0.00993876763696866,0.00732673988272459,0.0154295822504793,-0.00118725891826523,missense|LC,1034794142,1,34794142,
B4GALT7,ENSG00000027847,0.00996987552498763,0.0799131717928195,0.00555451361289938,-0.000828265977242518,missense|LC,5177595158,5,177595158,
TAF15,ENSG00000270647,0.00999808451010298,0.581864808593597,0.00512786260583087,0.000200367066080333,missense|LC,17035809452,17,35809452,
OR6C3,ENSG00000205329,0.0100147291711991,0.0385245315760468,0.00597537053718411,0.00102415252973919,missense|LC,12055331670,12,55331670,
PSMA3,ENSG00000100567,0.0100174350310344,0.0049868219551944,0.106837728804099,-0.00329401686637294,missense|LC,14058244819,14,58244819,
EWSR1,ENSG00000182944,0.0100268638330775,0.0108681772955788,0.0149058297668884,0.00178822337069983,missense|LC,22029263684,22,29263684,
POLD1,ENSG00000062822,0.0100432086742556,0.299682409407013,0.00517194042526103,-0.00029281385970995,missense|LC,19050379749,19,50379749,
AC083977.1,ENSG00000286131,0.0100647306385302,0.0249175774407865,0.00869613999655261,-0.00129653033179974,missense|LC,8032646604,8,32646604,
ITPKA,ENSG00000137825,0.010066857654017,0.00498735518126669,0.130405812867147,-0.00215215618708949,missense|LC,15041493811,15,41493811,
AC091959.3,ENSG00000275740,0.0100681136942696,0.390177168779279,0.0052769795531642,0.000436413527982475,missense|LC,5146203692,5,146203692,
ARMH2,ENSG00000260286,0.0100920467110621,0.00771412876007549,0.0198436404123293,-0.00168387157622237,missense|LC,6024797336,6,24797336,
WFDC1,ENSG00000103175,0.0101054943700987,0.0256906610842206,0.00680640621329798,-0.00124947689839569,missense|LC,16084294834,16,84294834,
SEZ6L,ENSG00000100095,0.0101489606270537,0.275705095991866,0.00470577294768071,0.000563437018937333,missense|LC,22026169659,22,26169659,
SNU13,ENSG00000100138,0.0102041162825505,0.246526011004557,0.00491892113872239,0.0044872108392122,missense|LC,22041674806,22,41674806,
AC011455.2,ENSG00000269547,0.0102225745402856,0.150870578768205,0.00546000820792336,0.000702493345907431,missense|LC,19038910424,19,38910424,
TCP11,ENSG00000124678,0.0102853032225538,0.011071519717442,0.00737894853074406,0.000730499043736756,missense|LC,6035117165,6,35117165,
PCBD1,ENSG00000166228,0.0103012760696027,0.00551362893802199,0.269990652034693,0.00441363608435874,missense|LC,10070883462,10,70883462,
AL136531.2,ENSG00000274322,0.0103745553756817,0.00722112468190372,0.0334134176190433,-0.00387687777446374,missense|LC,20001313375,20,1313375,
SIRT1,ENSG00000096717,0.0104048698679596,0.186375991477512,0.0054913173187584,0.000427048316412923,missense|LC,10067884585,10,67884585,
MET,ENSG00000105976,0.0104232077292872,0.452181407741739,0.00538317716298131,0.000233076372971642,missense|LC,7116698956,7,116698956,
ANKRD1,ENSG00000148677,0.0104241097955441,0.0086210272973023,0.0143076308770305,-0.00151959799101297,missense|LC,10090912807,10,90912807,
ARAF,ENSG00000078061,0.0104396702097463,0.00602858403146977,0.144790830069692,-0.0015875286961642,missense|LC,23047562927,X,47562927,
SPRR2E,ENSG00000203785,0.0104518035525404,0.242656569131746,0.00644249252743756,0.000539405564117949,missense|LC,1153093362,1,153093362,
OXR1,ENSG00000164830,0.0104709384596362,0.0049508110885168,0.24759236262273,-0.0016276871539116,missense|LC,8106447926,8,106447926,
OR2W3,ENSG00000238243,0.0104880918218323,0.00798158697832274,0.0187276328456039,-0.00122086919176797,missense|LC,1247895576,1,247895576,
PIF1,ENSG00000140451,0.010518794554105,0.221941636873968,0.00667722422260997,0.000500423273659356,missense|LC,15064815596,15,64815596,
MYH8,ENSG00000133020,0.010534508922001,0.695769031430821,0.00528628024392763,0.0000957874904752482,missense|LC,17010390360,17,10390360,
APOBR,ENSG00000184730,0.0105499860937175,0.338227541633794,0.00501550203907708,0.000342163845832702,missense|LC,16028491362,16,28491362,
MAP3K21,ENSG00000143674,0.0105561229130628,0.113093016840836,0.00550244294543289,-0.000479152302400161,missense|LC,1233327943,1,233327943,
HMGN2,ENSG00000198830,0.0105678905460428,0.80800706358345,0.0066095030324762,0.000512085916409693,missense|LC,1026468785,1,26468785,
XPNPEP3,ENSG00000196236,0.0105754826250907,0.0996789322278002,0.00595253754009617,-0.000933504093281639,missense|LC,22040856369,22,40856369,
MOSPD3,ENSG00000106330,0.0105912423025664,0.584002244516112,0.00596278595935362,-0.000290416947368629,missense|LC,7100607540,7,100607540,
RUFY2,ENSG00000204130,0.0105993329424479,0.338751979044067,0.00647424566730082,0.000601472405464581,missense|LC,10068338527,10,68338527,
RHOA,ENSG00000067560,0.0106020269883026,0.103438463343323,0.00770342932200008,-0.00507657426220016,missense|LC,3049357308,3,49357308,
OR2T8,ENSG00000177462,0.0106347932983613,0.112211898375106,0.00572645020167073,-0.000680206390939045,missense|LC,1247920957,1,247920957,
CSF1R,ENSG00000182578,0.010669637249349,0.00617801858044942,0.0481078782368747,0.000872498717550697,missense|LC,5150048533,5,150048533,
ITPK1,ENSG00000100605,0.0106803238357731,0.0347673423270771,0.00677579496068703,-0.00117162394904942,missense|LC,14092932243,14,92932243,
MXD3,ENSG00000213347,0.0106879343624626,0.0416294730722317,0.00804731175349627,-0.00104669260085456,missense|LC,5177302206,5,177302206,
NFIC,ENSG00000141905,0.0106968067831048,0.194735121442956,0.00532842636606068,0.000574500850349154,missense|LC,19003366597,19,3366597,
DNASE2,ENSG00000105612,0.0107138598640409,0.0104686668176855,0.0102374050322461,-0.0013218233455939,missense|LC,19012870741,19,12870741,
OR2T33,ENSG00000177212,0.0107258625043083,0.450800543541791,0.00522426484500527,0.000200765485245202,missense|LC,1248272741,1,248272741,
RNASET2,ENSG00000026297,0.0107332413850738,0.00805423612246414,0.180606849520777,-0.00140242357084896,missense|LC,6166929518,6,166929518,
CD93,ENSG00000125810,0.0107363359712747,0.0115557232765193,0.01414116018136,0.00112999068713044,missense|LC,20023083883,20,23083883,
STAM2,ENSG00000115145,0.0107387065666666,0.0326543480463242,0.00738646259477838,-0.00177164003663252,missense|LC,2152120520,2,152120520,
STK19,ENSG00000204344,0.0107402496739233,0.118212941536816,0.0066727168041022,-0.000867529342715885,missense|LC,6031966945,6,31966945,
KBTBD12,ENSG00000187715,0.010793587326287,0.00686168711294455,0.0310065565762341,0.0015094916783054,missense|LC,3127923038,3,127923038,
KRTAP9-6,ENSG00000212659,0.0108273294474581,0.00676229309442611,0.0251118568596199,0.00325758590258034,missense|LC,17041265229,17,41265229,
GMEB1,ENSG00000162419,0.0108683990096817,0.00790160134434137,0.132983924057385,0.00145837779174605,missense|LC,1028683517,1,28683517,
XPR1,ENSG00000143324,0.0109290393958178,0.05415406428539,0.00645537845543576,-0.00156362098880447,missense|LC,1180632098,1,180632098,
CD164,ENSG00000135535,0.0109530519249048,0.00593609099781578,0.21719271801823,-0.00226761748118937,missense|LC,6109368209,6,109368209,
CT83,ENSG00000204019,0.0109614677954221,0.0063566002384472,0.260287839977178,0.00391296930700582,missense|LC,23116457580,X,116457580,
AK2,ENSG00000004455,0.0110005870683496,0.0108286621182379,0.0114097656750978,0.000962039531553448,missense|LC,1033010625,1,33010625,
MAGEE2,ENSG00000186675,0.0111287635814108,0.00963721713751464,0.0149970627717452,0.00103924756576434,missense|LC,23075783394,X,75783394,
TOE1,ENSG00000132773,0.0111349991832869,0.0953432519757609,0.00591904468783522,0.000915680314118525,missense|LC,1045339772,1,45339772,
COA7,ENSG00000162377,0.0111378366688089,0.00978955660045377,0.0214991312367019,-0.00194971286608988,missense|LC,1052687633,1,52687633,
PCYOX1,ENSG00000116005,0.0111611771852931,0.307023107708491,0.00513781082792442,0.000882249122781743,missense|LC,2070253845,2,70253845,
SRRM1,ENSG00000133226,0.0111733033992583,0.0838176091266372,0.00568105476939684,-0.000566843306511869,missense|LC,1024643218,1,24643218,
TMC8,ENSG00000167895,0.0111887409074924,0.597433263914808,0.00550977131425112,-0.000164362036499801,missense|LC,17078125771,17,78125771,
UFD1,ENSG00000070010,0.0112164555391502,0.112936640428957,0.00665357903113883,-0.00185389748604178,missense|LC,22019447274,22,19447274,
C8orf88,ENSG00000253250,0.0112393621370047,0.00776767439402359,0.157112605800104,0.00233558299059976,missense|LC,8090955443,8,90955443,
MS4A15,ENSG00000166961,0.0112917763914431,0.00646366227770256,0.032637620748468,-0.00100970680144787,missense|LC,11060763654,11,60763654,
CFAP43,ENSG00000197748,0.0112922489264572,0.479062042496149,0.00554607874902668,-0.000158719838582928,missense|LC,10104125461,10,104125461,
CCNI2,ENSG00000205089,0.0112974112094522,0.00556904702458882,0.522513092622479,0.00265421821660777,missense|LC,5132747395,5,132747395,
RAB42,ENSG00000188060,0.0113187281997699,0.0085282454872605,0.0185580531759506,0.00197685914275733,missense|LC,1028592497,1,28592497,
DUOX2,ENSG00000140279,0.011327210582271,0.00551683595115837,0.102397400592005,0.000636884209455868,missense|LC,15045094042,15,45094042,
ARHGAP15,ENSG00000075884,0.0113398396418801,0.00549195300813743,0.71180708847828,0.00212451134565775,missense|LC,2143155406,2,143155406,
TTC9B,ENSG00000174521,0.0113512067387744,0.0846508750091013,0.00649422508381869,0.0019335971052425,missense|LC,19040212690,19,40212690,
SAT2,ENSG00000141504,0.0113801052675441,0.00646661544564453,0.184346092134543,0.00427111449642252,missense|LC,17007626355,17,7626355,
SLCO5A1,ENSG00000137571,0.0113829801244389,0.633629367071281,0.00572338632976299,-0.000118224054953323,missense|LC,8069672775,8,69672775,
TTC25,ENSG00000204815,0.0114147083035836,0.00693429333300977,0.0489999278635201,-0.00228216669885828,missense|LC,17041930697,17,41930697,
PMEL,ENSG00000185664,0.0114234999318107,0.0064338393027088,0.0412152442588409,-0.00115775557595997,missense|LC,12055951529,12,55951529,
DDX50,ENSG00000107625,0.0114733446336944,0.0895247745210392,0.00616597815498632,0.000853338871739646,missense|LC,10068901295,10,68901295,
DOCK6,ENSG00000130158,0.0114816715271084,0.020657012413293,0.013025215032456,0.000500472977406082,missense|LC,19011194420,19,11194420,
PTPN7,ENSG00000143851,0.0114938290580671,0.00780390354443727,0.0231687509526787,-0.00100466352978383,missense|LC,1202144348,1,202144348,
CD99,ENSG00000002586,0.0114964435795178,0.00651746960984956,0.222489143711561,0.00243863960695267,missense|LC,23002691285,X,2691285,
VGLL2,ENSG00000170162,0.0114989342535508,0.0106046081577906,0.0211683985567449,-0.00204133427925392,missense|LC,6117265701,6,117265701,
NCOA4,ENSG00000266412,0.0115393910355104,0.00618027511764174,0.0742429262583459,0.000786717082231492,missense|LC,10046002430,10,46002430,
RHOB,ENSG00000143878,0.0115500044414792,0.164875870678235,0.0088328919928734,0.00169466010392974,missense|LC,2020447408,2,20447408,
VPS37B,ENSG00000139722,0.0115774328764603,0.0105752141428703,0.0176593530109361,-0.00147708992276484,missense|LC,12122860332,12,122860332,
MAFF,ENSG00000185022,0.0116161708707023,0.00624883538609255,0.0297695772220944,-0.0018783153741319,missense|LC,22038213786,22,38213786,
ATP4B,ENSG00000186009,0.0116329381483304,0.00866461916994554,0.0189399903652941,0.00117285662189737,missense|LC,13113649259,13,113649259,
SNX3,ENSG00000112335,0.0117127007632869,0.0307226421079392,0.00875833158053441,0.0036726546535283,missense|LC,6108212132,6,108212132,
JARID2,ENSG00000008083,0.0117430747000189,0.00923864000257724,0.0259194642886287,0.000926930247878653,missense|LC,6015246472,6,15246472,
LINC02210-CRHR1,ENSG00000263715,0.0117481991199181,0.194348675580244,0.0064504222749967,-0.00159290036153253,missense|LC,17045784450,17,45784450,
PRPF40A,ENSG00000196504,0.0117527911539941,0.782464289354799,0.00612274225380394,0.000201342741536875,missense|LC,2152647728,2,152647728,
TGFBR1,ENSG00000106799,0.0118240119503387,0.132934968436698,0.00669394732149609,-0.00087280296689532,missense|LC,9099105095,9,99105095,
AC009163.3,ENSG00000260092,0.0118444218783366,0.37081702944332,0.00701890424640172,-0.0022233146416345,missense|LC,16075529047,16,75529047,
ETV3L,ENSG00000253831,0.0118444426273631,0.017852208861884,0.0075853741018157,0.00081594909386919,missense|LC,1157092584,1,157092584,
CACNA2D2,ENSG00000007402,0.011845250342581,0.598132807905452,0.00613416688358748,-0.000180314787876837,missense|LC,3050364667,3,50364667,
ZDHHC2,ENSG00000104219,0.0118647303996435,0.915860206586687,0.00624486014960546,-0.0000402753835183795,missense|LC,8017156612,8,17156612,
SVOPL,ENSG00000157703,0.0119353089463375,0.0058584368739808,0.102431322942143,-0.00115488053900976,missense|LC,7138594528,7,138594528,
EEF1A1,ENSG00000156508,0.0119383582051411,0.0420196349514629,0.00927073545324064,0.00311161269409763,missense|LC,6073517796,6,73517796,
TPM3,ENSG00000143549,0.0119780716242854,0.013688632746345,0.0223382977009035,0.00590976172504034,missense|LC,1154166462,1,154166462,
GLB1L,ENSG00000163521,0.0119803060768087,0.844945520122559,0.00685364881890327,0.0000916115742293653,missense|LC,2219231883,2,219231883,
KRTAP10-9,ENSG00000221837,0.0119872070656826,0.00795511568055607,0.027205757541186,0.000957396611210674,missense|LC,21044627038,21,44627038,
CEMIP,ENSG00000103888,0.012006444840497,0.00848662406845435,0.0300542736938181,-0.000709912787741876,missense|LC,15080873817,15,80873817,
COX15,ENSG00000014919,0.0120189440912153,0.0179901928457851,0.0147961122930165,0.00223031910415175,missense|LC,10099708753,10,99708753,
RANGAP1,ENSG00000100401,0.0120699901635382,0.00611974719345243,0.161885297032305,-0.00127391138929208,missense|LC,22041240771,22,41240771,
OPALIN,ENSG00000197430,0.012092790710778,0.346917305811246,0.00677002054327724,0.000349266982838518,missense|LC,10096338221,10,96338221,
C3orf20,ENSG00000131379,0.0121567488437848,0.00637018152216429,0.139364248913423,-0.00108940717556343,missense|LC,3014670145,3,14670145,
ZNF124,ENSG00000196418,0.012174901010705,0.25768288950092,0.00673149792109906,0.000703232086176078,missense|LC,1247156420,1,247156420,
SH2D4A,ENSG00000104611,0.0121877666798478,0.00688740753772288,0.0961005748179453,-0.00126954725252377,missense|LC,8019313682,8,19313682,
RILPL1,ENSG00000188026,0.0122116381850548,0.0213930383014072,0.00873217995669884,-0.00180521186433657,missense|LC,12123465423,12,123465423,
PCNX1,ENSG00000100731,0.0122323048589298,0.131016873942937,0.00606739175533622,0.000383664709192746,missense|LC,14070907710,14,70907710,
CCL4L2,ENSG00000276070,0.0122705881668265,0.0104533347637363,0.0184401870214121,0.00174678237169511,missense|LC,17036211043,17,36211043,
GLOD4,ENSG00000167699,0.0122983386001717,0.012803986084776,0.0129629532645993,-0.00159574703106577,missense|LC,17000760154,17,760154,
PPA2,ENSG00000138777,0.012316478277953,0.158326961670992,0.00641008455720171,-0.000754992405678501,missense|LC,4105369657,4,105369657,
GPS1,ENSG00000169727,0.0123835290315156,0.00715003113735768,0.0649167977722038,-0.00211486200335951,missense|LC,17082048671,17,82048671,
MAN1C1,ENSG00000117643,0.0123910472719088,0.860260488653949,0.00597445551808806,0.000122500629704333,missense|LC,1025617708,1,25617708,
BLVRA,ENSG00000106605,0.0124276830618432,0.158195738135587,0.00695597364968426,-0.00119451318334945,missense|LC,7043767321,7,43767321,
MFSD9,ENSG00000135953,0.0124434288775722,0.00743547329993488,0.177007903055156,0.00103301592799143,missense|LC,2102718314,2,102718314,
EEF1AKMT4,ENSG00000284753,0.0124471977371742,0.0892983917574404,0.00750064260282834,-0.00124299234091409,missense|LC,3184244670,3,184244670,
TMIGD1,ENSG00000182271,0.0124842172361628,0.00600847194032184,0.265495720344262,-0.00284101409900155,missense|LC,17030316608,17,30316608,
PPP1R35,ENSG00000160813,0.0124915556752302,0.00738564101329653,0.0302320170981103,-0.00149017109667351,missense|LC,7100430255,7,100430255,
RBM4B,ENSG00000173914,0.0125031712806024,0.366109844064915,0.00809647535521818,-0.00042931284283285,missense|LC,11066665522,11,66665522,
RFC4,ENSG00000163918,0.0125223338030712,0.574237738431538,0.00672284196384676,0.00041263038758783,missense|LC,3186784897,3,186784897,
AHCTF1,ENSG00000153207,0.0125282339536914,0.00603611255109693,0.310685611117421,0.000568192670467609,missense|LC,1246839462,1,246839462,
OR7G3,ENSG00000170920,0.0125395832757383,0.00692486862663289,0.19447654850562,-0.0010071719910677,missense|LC,19009125980,19,9125980,
EDF1,ENSG00000107223,0.0126071261129406,0.00625316341768833,0.324607385796449,-0.00604415343457176,missense|LC,9136857119,9,136857119,
OXA1L,ENSG00000155463,0.0126083545693212,0.0137705443810279,0.0123820136072568,0.000832390211800126,missense|LC,14022766443,14,22766443,
NOD2,ENSG00000167207,0.0126246625748637,0.103580051133142,0.00622262379592953,-0.000351911720981632,missense|LC,16050697184,16,50697184,
ACADM,ENSG00000117054,0.0126861546337315,0.118448555300738,0.00767575713566193,-0.000600857728641105,missense|LC,1075724701,1,75724701,
HSD17B12,ENSG00000149084,0.0127064304426803,0.533650132238766,0.0066962426952859,0.000527389167200145,missense|LC,11043680763,11,43680763,
ZNF132,ENSG00000131849,0.0127476354637056,0.0980933041060597,0.00661447624754508,-0.000855156679595025,missense|LC,19058433237,19,58433237,
SMARCD1,ENSG00000066117,0.0127557176056327,0.026895069719752,0.00963103764167905,0.00139515294010765,missense|LC,12050080422,12,50080422,
STAT3,ENSG00000168610,0.0127660554263903,0.00668658959768575,0.180956277651188,0.00324206370814192,missense|LC,17042308333,17,42308333,
C22orf23,ENSG00000128346,0.0127726774478605,0.901183443145476,0.0069887712233625,0.0000683703778129499,missense|LC,22037940600,22,37940600,
RD3,ENSG00000198570,0.0127758080232422,0.0093592223251675,0.0404723882110383,0.00118728557055687,missense|LC,1211478948,1,211478948,
DENND1C,ENSG00000205744,0.0127786461039959,0.00747479843296839,0.153922346272661,0.000982383882161748,missense|LC,19006464649,19,6464649,
RCAN1,ENSG00000159200,0.0127921675029232,0.00971896763099123,0.0169551095816162,-0.0017789940058275,missense|LC,21034517978,21,34517978,
FBXO17,ENSG00000269190,0.0129061142038085,0.0687527317432051,0.00704825005267717,-0.00136757586022556,missense|LC,19038942506,19,38942506,
ATP13A3,ENSG00000133657,0.0129074450468613,0.00688354217656384,0.216113114239987,0.000910566532674205,missense|LC,3194397678,3,194397678,
WNT6,ENSG00000115596,0.0129576847009923,0.0190054369064848,0.0117956635086788,0.00245083048697371,missense|LC,2218859935,2,218859935,
OR13C9,ENSG00000136839,0.0130000310751328,0.00780067783440652,0.0255742122809451,-0.00125390323164666,missense|LC,9104617184,9,104617184,
BRDT,ENSG00000137948,0.0130237646095838,0.0466523932773506,0.00733535280973285,0.000925415010294727,missense|LC,1091962687,1,91962687,
ING5,ENSG00000168395,0.0130427690886461,0.02663198090324,0.0105219430247071,0.00128255371771301,missense|LC,2241685701,2,241685701,
SAXO2,ENSG00000188659,0.0130493983498835,0.0222549380276655,0.00914904107562242,0.000871699366391,missense|LC,15082259034,15,82259034,
IGFBP2,ENSG00000115457,0.0130585093430374,0.00698624743876475,0.126322085429377,0.00135646430413544,missense|LC,2216633528,2,216633528,
NANOG,ENSG00000111704,0.0130672212788849,0.082706851601214,0.00684838243683505,-0.00215768419450893,missense|LC,12007789553,12,7789553,
FAM227B,ENSG00000166262,0.0130762977367602,0.00692888461835817,0.263067594193205,0.0019291511778542,missense|LC,15049327875,15,49327875,
OR56A5,ENSG00000188691,0.0130815923799655,0.0169034189835069,0.0102063870911374,-0.00119115687059077,missense|LC,11005967512,11,5967512,
HAUS3,ENSG00000214367,0.0130933120895437,0.556180658618391,0.00749588850298777,-0.000276630161272389,missense|LC,4002229024,4,2229024,
PET100,ENSG00000229833,0.0130956091820834,0.0102672559846759,0.0364154151217063,0.00199574215322383,missense|LC,19007625748,19,7625748,
IER2,ENSG00000160888,0.0131015030405822,0.0134142421221782,0.0191615130893729,0.00269998148175566,missense|LC,19013148967,19,13148967,
ZNF267,ENSG00000185947,0.013140155631391,0.00733325807118623,0.435851225993042,0.001290610358786,missense|LC,16031873850,16,31873850,
FAM168B,ENSG00000152102,0.0131614057754531,0.00736698627863985,0.104486968572435,0.00436921828271062,missense|LC,2131043340,2,131043340,
DENND4C,ENSG00000137145,0.0131818853499038,0.0101618442445628,0.0341757177161723,0.000809125179710477,missense|LC,9019276124,9,19276124,
ADSS1,ENSG00000185100,0.0131912088775057,0.00746668642966153,0.0655465715932094,0.00142368900681641,missense|LC,14104729941,14,104729941,
ZNF519,ENSG00000175322,0.013241947098697,0.771659837742707,0.0068595944464187,-0.0000833154376880358,missense|LC,18014104810,18,14104810,
DBNDD2,ENSG00000244274,0.013264799070442,0.0119334331836667,0.0241648110548841,0.00249069528597666,missense|LC,20045406369,20,45406369,
WT1,ENSG00000184937,0.0132991676640685,0.0396178612438763,0.0075445947992,-0.00183762599490085,missense|LC,11032388909,11,32388909,
UBALD1,ENSG00000153443,0.0133677252136414,0.111315063733865,0.00765755148571712,0.00172689739125718,missense|LC,16004609620,16,4609620,
KCNQ5,ENSG00000185760,0.0133857401003736,0.328002658676058,0.00910083510212722,-0.000690963354202404,missense|LC,6072622089,6,72622089,
EBF4,ENSG00000088881,0.0134123337646745,0.61873693398345,0.00809597413429652,-0.000251746959738267,missense|LC,20002693514,20,2693514,
FMO1,ENSG00000010932,0.0134250186726218,0.127284757669022,0.00770081331118799,0.000911215666717457,missense|LC,1171257987,1,171257987,
SEPTIN12,ENSG00000140623,0.0134751249856067,0.0251878386861596,0.00941560050988322,0.0014177310776045,missense|LC,16004777751,16,4777751,
CAPN14,ENSG00000214711,0.0135571453236908,0.00847429256832788,0.04168507012823,0.000993349247688713,missense|LC,2031174600,2,31174600,
HNF4G,ENSG00000164749,0.0135693663591632,0.00689825108314646,0.114728769198126,-0.00300534919077138,missense|LC,8075539994,8,75539994,
C14orf119,ENSG00000179933,0.0135698328198254,0.893333830890354,0.00716060099461502,0.000221122013041539,missense|LC,14023090507,14,23090507,
SLC35G2,ENSG00000168917,0.0135716182748536,0.00685558574322354,0.266533234170761,-0.00179368823651937,missense|LC,3136854413,3,136854413,
DUOXA2,ENSG00000140274,0.0135775044773387,0.00679734551419819,0.307498818932176,-0.00233840663674254,missense|LC,15045109461,15,45109461,
TAF1C,ENSG00000103168,0.0136233510689364,0.115434586833534,0.00676498648555901,0.000435700409937891,missense|LC,16084172858,16,84172858,
OSMR,ENSG00000145623,0.0136622817313482,0.0115184982189942,0.0184439638044178,-0.000652545514452578,missense|LC,5038868933,5,38868933,
P3H2,ENSG00000090530,0.0137336466406528,0.00797415678450519,0.0586091478783592,-0.00153769285379918,missense|LC,3189957892,3,189957892,
LHB,ENSG00000104826,0.0137662452511608,0.850648313667462,0.00669991523587354,-0.000167743150551364,missense|LC,19049010980,19,49010980,
OR8G5,ENSG00000255298,0.0137798703276191,0.738161965336482,0.00716724958650627,-0.000299566520507763,missense|LC,11124264818,11,124264818,
OR12D3,ENSG00000112462,0.0138103247327362,0.207898528644541,0.00751188899749078,-0.000976519839546479,missense|LC,6029374295,6,29374295,
NIFK,ENSG00000155438,0.0138177634015231,0.00707816749684098,0.0820921293973996,-0.00208700367187742,missense|LC,2121727679,2,121727679,
KYNU,ENSG00000115919,0.0138439789406051,0.00869456357209075,0.0482511222990014,-0.00233237269886367,missense|LC,2142885296,2,142885296,
RBM24,ENSG00000112183,0.0138527862342083,0.619341440114916,0.00708181488425219,-0.000608933088900698,missense|LC,6017281476,6,17281476,
EHHADH,ENSG00000113790,0.0138569687267852,0.194263182241268,0.00763541010576563,-0.000500025391801965,missense|LC,3185192145,3,185192145,
ZNF559,ENSG00000188321,0.0138579832905976,0.00953231823497802,0.0297618453304819,-0.00113371742884154,missense|LC,19009324076,19,9324076,
MYL6,ENSG00000092841,0.0139045744547971,0.0066552623045304,0.162540479981363,0.00446855044990889,missense|LC,12056153404,12,56153404,
EHMT2,ENSG00000204371,0.0139424776212744,0.477628746494594,0.00739558891542902,-0.000377948718883922,missense|LC,6031874766,6,31874766,
OR10W1,ENSG00000172772,0.0139675542816493,0.527182695344437,0.00858097150115467,0.000233355179736339,missense|LC,11058266895,11,58266895,
BCL2L11,ENSG00000153094,0.0139767550505682,0.0072091805204173,0.471050867926296,0.00256560061586659,missense|LC,2111117530,2,111117530,
ZBTB12,ENSG00000204366,0.0140127526578195,0.00725048379628257,0.0794934244473449,-0.00229057996103533,missense|LC,6031896137,6,31896137,
IQCM,ENSG00000234828,0.0140633031812261,0.00765563092850663,0.0495763365836985,-0.000881154445368193,missense|LC,4149429940,4,149429940,
CHN2,ENSG00000106069,0.014067247910108,0.480693583557566,0.00761749944745083,0.000433406788413274,missense|LC,7029194846,7,29194846,
MLIP,ENSG00000146147,0.0140784790977083,0.00773551626877034,0.0962674963786083,0.00120153742193706,missense|LC,6054111313,6,54111313,
PHACTR1,ENSG00000112137,0.0140792265650088,0.0725318862945222,0.00772096599307448,0.00796012241195781,missense|LC,6012718718,6,12718718,
NAGA,ENSG00000198951,0.0140873758226651,0.00887828316595274,0.0289696827385857,-0.00113021807190254,missense|LC,22042060172,22,42060172,
TMEM185A,ENSG00000269556,0.0140909463205303,0.0115792798502732,0.0549370114422651,-0.00166030235503397,missense|LC,23149594600,X,149594600,
FBP1,ENSG00000165140,0.0141109051505437,0.106218716211446,0.00742504191792026,0.00132292652168496,missense|LC,9094603326,9,94603326,
CCT6B,ENSG00000132141,0.0141206401897287,0.0095395539106965,0.024997606752881,0.00111452093753605,missense|LC,17034928006,17,34928006,
BRINP3,ENSG00000162670,0.0141341012732468,0.38090654689639,0.0070662892830935,-0.000495347901144542,missense|LC,1190097933,1,190097933,
RNF166,ENSG00000158717,0.01415681193518,0.0563678661139193,0.00872585943975113,-0.00191540520154071,missense|LC,16088697519,16,88697519,
OR5D14,ENSG00000186113,0.0141755029165151,0.00780052339361959,0.0423855033488429,0.00130332939402902,missense|LC,11055795530,11,55795530,
TMPRSS15,ENSG00000154646,0.0141897710455056,0.0176564962431729,0.0109284946922171,0.000607251608540656,missense|LC,21018265906,21,18265906,
ITGB3,ENSG00000259207,0.0142052345911569,0.73779919230852,0.00777334096371352,0.000160345398508323,missense|LC,17047253809,17,47253809,
C6orf141,ENSG00000197261,0.0142145565860295,0.00803292071452999,0.201020749538475,-0.00179229973381671,missense|LC,6049550716,6,49550716,
TGFBRAP1,ENSG00000135966,0.014241397212425,0.373957129563575,0.00781545729555755,0.000467695394723895,missense|LC,2105267263,2,105267263,
HOXA9,ENSG00000078399,0.0142824384368186,0.00903517467715709,0.320407450319787,-0.00119810464468775,missense|LC,7027163561,7,27163561,
TRPV5,ENSG00000127412,0.0142859271910643,0.868320978953173,0.0071643927217786,-0.0000620981684486887,missense|LC,7142908421,7,142908421,
RANGRF,ENSG00000108961,0.0142975162301932,0.00957534659908799,0.184104860851189,-0.00236834595319084,missense|LC,17008288701,17,8288701,
ZNF320,ENSG00000182986,0.0143772666719723,0.00977059302796457,0.0310294977535979,-0.0013237184464385,missense|LC,19052880521,19,52880521,
TULP4,ENSG00000130338,0.0144888586046436,0.00746252830959238,0.22516647335632,-0.00065086655345116,missense|LC,6158313907,6,158313907,
ALS2CL,ENSG00000178038,0.0145039572359474,0.336416726802665,0.00834928057457884,0.000294952471654281,missense|LC,3046670908,3,46670908,
CES5A,ENSG00000159398,0.0145078955557938,0.61875373053884,0.00809624479084192,-0.000160898212682603,missense|LC,16055846407,16,55846407,
VIL1,ENSG00000127831,0.0145288405784805,0.955314312081381,0.00842437456111467,0.0000121976517268951,missense|LC,2218423688,2,218423688,
CABP2,ENSG00000167791,0.014547934279375,0.0205732146360926,0.0107995027548395,0.00123785525976901,missense|LC,11067519049,11,67519049,
TSPYL5,ENSG00000180543,0.0145651848717263,0.00774662699675632,0.0633925694500229,0.00081050710998418,missense|LC,8097276484,8,97276484,
HRH4,ENSG00000134489,0.0145717070285922,0.00909683750080814,0.360176055833989,0.00197761757663138,missense|LC,18024460689,18,24460689,
PIGV,ENSG00000060642,0.0145881187403263,0.0115707508494869,0.0223036758878088,-0.00134599055762706,missense|LC,1026790764,1,26790764,
PGAM4,ENSG00000226784,0.0146135333631525,0.00887874812825085,0.059521275175179,-0.00198274935923576,missense|LC,23077968780,X,77968780,
MBLAC1,ENSG00000214309,0.0146294293345935,0.600073874130771,0.00782554424814852,-0.000352742602627315,missense|LC,7100122146,7,100122146,
ULBP1,ENSG00000111981,0.0146406760561358,0.00785225781403809,0.253739704112601,0.0022082942194504,missense|LC,6149963964,6,149963964,
TAPBP,ENSG00000231925,0.0146439623910015,0.0485805675046513,0.00951231430914734,-0.000931255684036013,missense|LC,6033298574,6,33298574,
ZC3H13,ENSG00000123200,0.0146872565808253,0.0436881214495374,0.0092125402567691,-0.000600391554307497,missense|LC,13045957033,13,45957033,
WDR87,ENSG00000171804,0.0147087306035867,0.00730477828994469,0.627632230690971,-0.000512684815142406,missense|LC,19037884835,19,37884835,
HLA-E,ENSG00000204592,0.0147229322966096,0.0788721969089465,0.0102020148506787,-0.00105522632455231,missense|LC,6030486212,6,30486212,
MARK1,ENSG00000116141,0.0147301311810151,0.00764385226392461,0.627076853836153,-0.00182372341532329,missense|LC,1220528740,1,220528740,
PIM2,ENSG00000102096,0.0147356880585855,0.0196797119433645,0.00942943024596066,-0.00162460224056698,missense|LC,23048909782,X,48909782,
AC068234.1,ENSG00000259753,0.0147634824368101,0.349593632191492,0.00815177473862694,0.000468096711192876,missense|LC,17047253809,17,47253809,
PPIL1,ENSG00000137168,0.0147688476565112,0.00775430742092953,0.221788717148476,-0.00428044447263839,missense|LC,6036855727,6,36855727,
CEP104,ENSG00000116198,0.014799229949144,0.164172693276573,0.00815489282467674,-0.000499224820329453,missense|LC,1003815359,1,3815359,
RELB,ENSG00000104856,0.0148156842856045,0.050395453237043,0.00931825376059758,0.00130432206282016,missense|LC,19045001540,19,45001540,
TM2D3,ENSG00000184277,0.014831995518879,0.193706183819358,0.00830692867754079,0.000903859610347781,missense|LC,15101641838,15,101641838,
SFTPD,ENSG00000133661,0.0148329145449441,0.291146822003554,0.00735204056466232,0.000849474796009153,missense|LC,10079937755,10,79937755,
GRIN2C,ENSG00000161509,0.0148487993830222,0.762439284312094,0.00793610079839491,-0.0000934452689247442,missense|LC,17074837027,17,74837027,
RPL10A,ENSG00000198755,0.0149101304279803,0.170527508472945,0.00814550791044466,0.00368599842893708,missense|LC,6035466217,6,35466217,
HIC1,ENSG00000177374,0.0149351664443194,0.00807058903254765,0.232884317361611,0.000847681050073013,missense|LC,17002056312,17,2056312,
OPRM1,ENSG00000112038,0.0149480025338691,0.106509931366449,0.00768451880916388,0.000419392742588574,missense|LC,6154010410,6,154010410,
CRNKL1,ENSG00000101343,0.0149676168573979,0.949403956094859,0.0076060144099952,0.0000218745590506373,missense|LC,20020032423,20,20032423,
CYB561,ENSG00000008283,0.0149678078028397,0.0119730306794743,0.019499295079151,-0.00206043829098611,missense|LC,17063434319,17,63434319,
IZUMO1R,ENSG00000183560,0.0150830303914138,0.00749767442249827,0.150541148297192,-0.00252044062334387,missense|LC,11094305593,11,94305593,
ZNF404,ENSG00000176222,0.0151052293718613,0.00893705830159486,0.0595297466080285,-0.00140886753628271,missense|LC,19043872505,19,43872505,
ENTPD2,ENSG00000054179,0.0151109254453708,0.607575729295703,0.00970956309798543,0.000209544486578776,missense|LC,9137043098,9,137043098,
ERBIN,ENSG00000112851,0.0151417285741428,0.0116967517029469,0.0186985752944323,-0.00620635074324122,missense|LC,5065992661,5,65992661,
ACP4,ENSG00000142513,0.0151828049020762,0.158374375148883,0.00823270467469184,-0.000864540842324876,missense|LC,19050790322,19,50790322,
WDR26,ENSG00000162923,0.0151924183963752,0.0484661525028199,0.00895774124577309,-0.00148474255553656,missense|LC,1224389768,1,224389768,
PRKG2,ENSG00000138669,0.0152086163034671,0.0194821093894948,0.0118006583126857,-0.00120736785457072,missense|LC,4081089674,4,81089674,
CENPO,ENSG00000138092,0.0152152770980861,0.0213608556577289,0.0115540426060838,0.00123193006831999,missense|LC,2024790314,2,24790314,
DLX6,ENSG00000006377,0.0152606431253307,0.267593681136594,0.0087838032838794,0.0003683816945919,missense|LC,7097005910,7,97005910,
TAAR8,ENSG00000146385,0.0152668731441278,0.0101378781422166,0.0298577753406943,0.00157209890570238,missense|LC,6132552592,6,132552592,
DHRS1,ENSG00000157379,0.0153120989782654,0.416902994948444,0.00721319572669743,0.000803181868948418,missense|LC,14024290748,14,24290748,
OR5B3,ENSG00000172769,0.0153279111005423,0.0291055523431872,0.0104285536326401,-0.000944104980578128,missense|LC,11058402458,11,58402458,
ALDH1A1,ENSG00000165092,0.0153294006729326,0.026330550656457,0.0110245871207901,-0.00186423837693805,missense|LC,9072901170,9,72901170,
SLC25A52,ENSG00000141437,0.0153679710701141,0.00759699955746707,0.14881192195216,-0.00281318546358075,missense|LC,18031759698,18,31759698,
TTLL12,ENSG00000100304,0.0153865454721462,0.255713677755939,0.00782176390902167,-0.000367060035953667,missense|LC,22043162708,22,43162708,
INTS11,ENSG00000127054,0.0153935433838458,0.00797619244055858,0.13968490133237,0.00162216718494078,missense|LC,1001307107,1,1307107,
MN1,ENSG00000169184,0.0154177989871344,0.00886433046120771,0.0443422629555873,-0.000825348393244658,missense|LC,22027750839,22,27750839,
OR6C75,ENSG00000187857,0.0154186637900893,0.136109207880962,0.00783952923136377,-0.00129000394020294,missense|LC,12055365076,12,55365076,
KRTAP21-1,ENSG00000187005,0.0154187054405239,0.00939453520356592,0.11478635337142,0.00162550355428686,missense|LC,21030754991,21,30754991,
RAB15,ENSG00000139998,0.0154437066927494,0.325458062354506,0.00767001180312954,0.00171525823536427,missense|LC,14064941304,14,64941304,
ULK4,ENSG00000168038,0.0154444839446207,0.0320165649845872,0.0104088365461517,-0.000432763187802461,missense|LC,3041246831,3,41246831,
TRIM15,ENSG00000204610,0.015448080813672,0.0349053723994494,0.0101060268078839,-0.000880727975805796,missense|LC,6030158547,6,30158547,
FADS3,ENSG00000221968,0.0154487429425977,0.0131139621692715,0.0163667473563677,-0.00212288621327964,missense|LC,11061873768,11,61873768,
TMEM266,ENSG00000169758,0.0154518829581316,0.0279195953918369,0.0103813898930931,-0.000840302608142257,missense|LC,15076134177,15,76134177,
PRSS38,ENSG00000185888,0.015463335958405,0.92583160593613,0.0079555601177399,-0.0000602571692869022,missense|LC,1227815625,1,227815625,
SLC30A7,ENSG00000162695,0.015478561828714,0.422944244156146,0.00855820526230555,-0.000727620358693116,missense|LC,1100896200,1,100896200,
GNAL,ENSG00000141404,0.0154801348424465,0.0940066113655198,0.00803719332279917,-0.00161710475619234,missense|LC,18011689527,18,11689527,
NSMF,ENSG00000165802,0.0154869173133035,0.0693218486468081,0.00877479678506932,-0.00141016323257443,missense|LC,9137449336,9,137449336,
SAG,ENSG00000130561,0.0155459465700961,0.00852098234051601,0.0805549560712496,0.00106009132124489,missense|LC,2233309137,2,233309137,
SRGN,ENSG00000122862,0.0156038202304551,0.0132147412379661,0.0166634064065384,0.00126294994797579,missense|LC,10069088100,10,69088100,
ILK,ENSG00000166333,0.0156233454151777,0.00861527194043821,0.04922572299196,-0.00154585781130654,missense|LC,11006600109,11,6600109,
OR9Q1,ENSG00000186509,0.0156375540662332,0.323354217491705,0.00913698338130176,0.00041573516337846,missense|LC,11058030929,11,58030929,
CHST8,ENSG00000124302,0.0156392279140106,0.016005619304736,0.0151259780402084,0.000813876776181625,missense|LC,19033689138,19,33689138,
CLN3,ENSG00000188603,0.0156632987359646,0.24742803157068,0.00770263887891609,0.00080554450761818,missense|LC,16028477406,16,28477406,
ATM,ENSG00000149311,0.0157005443876485,0.00979100535870325,0.0643011138125675,0.000576167091485555,missense|LC,11108222417,11,108222417,
RARRES2,ENSG00000106538,0.0157355622010431,0.639381544743391,0.0091763014307682,0.000283381767631483,missense|LC,7150333820,7,150333820,
FUT7,ENSG00000180549,0.0157565122598434,0.509954530947544,0.0080773325089587,-0.000315115799946824,missense|LC,9137027996,9,137027996,
TIGAR,ENSG00000078237,0.0158141393446368,0.856802150574589,0.00836710938022034,-0.000276175056329509,missense|LC,12004321145,12,4321145,
TMEM169,ENSG00000163449,0.0158298468308006,0.467188584909559,0.00872331576521812,0.000541615026350082,missense|LC,2216081517,2,216081517,
B4GALNT1,ENSG00000135454,0.0158685652749256,0.492981619495708,0.00833166030957422,0.000333018423529926,missense|LC,12057620158,12,57620158,
AC138894.1,ENSG00000261832,0.0159005055482929,0.244309945587107,0.00781652507586994,0.000808809526679891,missense|LC,16028456807,16,28456807,
SLC35B2,ENSG00000157593,0.0159063784012698,0.063269061761579,0.00889916773368982,-0.000975016347316944,missense|LC,6044249323,6,44249323,
CBR1,ENSG00000159228,0.0159109393142898,0.578589207433958,0.00982115672270278,0.00030500342018914,missense|LC,21036069995,21,36069995,
NEDD8,ENSG00000129559,0.0159806392472279,0.202493005692478,0.0105848052849453,0.0101418350847352,missense|LC,14024211864,14,24211864,
GATA2,ENSG00000179348,0.0159880935024427,0.862987467127703,0.00888564692016147,0.000130952904561232,missense|LC,3128480913,3,128480913,
EMG1,ENSG00000126749,0.0160164297372858,0.555344708122744,0.00763402168707183,0.000684212264257794,missense|LC,12006965914,12,6965914,
HTR1B,ENSG00000135312,0.0160381595592596,0.187623413411221,0.00809730819218879,-0.00140334409062087,missense|LC,6077462194,6,77462194,
MYOZ2,ENSG00000172399,0.0160396218972287,0.00810794826870209,0.19673450352562,0.00345946810174825,missense|LC,4119136459,4,119136459,
EBLN1,ENSG00000223601,0.0160904993461879,0.00805594613698624,0.0836812791931543,-0.00187764599971528,missense|LC,10022208781,10,22208781,
PCDHGB7,ENSG00000254122,0.0161436404991291,0.047480290380887,0.0137166140773441,0.000380498361402487,missense|LC,5141413081,5,141413081,
TCF20,ENSG00000100207,0.016195456038573,0.138056051696456,0.00826643844046071,0.000468737881655398,missense|LC,22042161239,22,42161239,
PPP1R3F,ENSG00000049769,0.0162637814352644,0.828803370562836,0.00769490017531527,-0.00010070666972338,missense|LC,23049264794,X,49264794,
PPP1R14C,ENSG00000198729,0.0162831509435898,0.0759663360185282,0.0101220455061644,0.00172136867874648,missense|LC,6150142922,6,150142922,
ASTE1,ENSG00000034533,0.0162852006526768,0.0274329969331433,0.0115807885911875,-0.00116325991540202,missense|LC,3131014014,3,131014014,
OR52B4,ENSG00000221996,0.0163067553365615,0.090366273927335,0.00973530171594705,-0.000726516053202838,missense|LC,11004367321,11,4367321,
TRIP13,ENSG00000071539,0.0163302719560194,0.00837229025907948,0.228571982124788,0.00322415942585476,missense|LC,5000888928,5,888928,
THEMIS2,ENSG00000130775,0.0163801003792698,0.0081745251789167,0.180782975249623,0.0017446699017028,missense|LC,1027872489,1,27872489,
VPS18,ENSG00000104142,0.0163962583489565,0.0219495453247394,0.0120574894058723,-0.000604602185068275,missense|LC,15040894679,15,40894679,
AMBP,ENSG00000106927,0.0164270012857594,0.0103660100377274,0.0450591203757399,-0.00155955136573996,missense|LC,9114060149,9,114060149,
CELA1,ENSG00000139610,0.0164452602715703,0.0132554474967288,0.0497570300223867,-0.00121293404678476,missense|LC,12051323910,12,51323910,
ALDH18A1,ENSG00000059573,0.0164512999078059,0.49205208799365,0.00777859642494749,0.000456590764908052,missense|LC,10095606170,10,95606170,
DNAJC12,ENSG00000108176,0.0165075999535328,0.0817185694437403,0.0090499749366012,0.0016165736585159,missense|LC,10067797071,10,67797071,
CILP,ENSG00000138615,0.0165090577109842,0.569696336512591,0.00830452282068472,-0.000155316169901788,missense|LC,15065196662,15,65196662,
DSTYK,ENSG00000133059,0.0165126682830673,0.00855782889763002,0.0986372790305003,-0.00123535436998092,missense|LC,1205147468,1,205147468,
TXNDC8,ENSG00000204193,0.0165761806014662,0.0101869751835293,0.0281980657423716,0.00276567211702047,missense|LC,9110303410,9,110303410,
GM2A,ENSG00000196743,0.0166154191236619,0.00868250205455767,0.505022864914708,0.00284843893373003,missense|LC,5151253186,5,151253186,
TBL1XR1,ENSG00000177565,0.0166209346665183,0.00888532394379649,0.194125368063517,-0.00496668222347677,missense|LC,3177025417,3,177025417,
TECTA,ENSG00000109927,0.0166632020068376,0.00876317903917867,0.341898093337904,-0.000688322827263594,missense|LC,11121102612,11,121102612,
MAP2K7,ENSG00000076984,0.0166847747364579,0.0780847386781018,0.00945867905919706,-0.00141559542117027,missense|LC,19007898885,19,7898885,
ARHGAP45,ENSG00000180448,0.0166947949831073,0.00926160175307378,0.107686680888191,0.000867043023637752,missense|LC,19001061703,19,1061703,
CCDC138,ENSG00000163006,0.0167312247005265,0.960003980919322,0.00855477846639352,0.0000195523605220343,missense|LC,2108782039,2,108782039,
CMKLR1,ENSG00000174600,0.0167373075363605,0.00916505932859746,0.193056103269152,-0.000935325946462293,missense|LC,12108291758,12,108291758,
OPRD1,ENSG00000116329,0.0167950250981497,0.00935943078890511,0.0801424054023057,-0.00273528128893243,missense|LC,1028812310,1,28812310,
IMP4,ENSG00000136718,0.0167978200035652,0.0328286022122795,0.0114139330524616,0.00110701680938152,missense|LC,2130339077,2,130339077,
CTSA,ENSG00000064601,0.0168056323389106,0.010943002052642,0.0222411954181312,0.000979630843434225,missense|LC,20045886399,20,45886399,
FCGR2C,ENSG00000244682,0.0168087172225292,0.320449621880545,0.00998807739167373,-0.00037275271220802,missense|LC,1161589463,1,161589463,
PDLIM3,ENSG00000154553,0.0168923022928981,0.0135102965390381,0.0292798954066195,0.00201972898571907,missense|LC,4185502232,4,185502232,
DPEP2,ENSG00000167261,0.0168990685334951,0.677071936368624,0.00960553537786279,0.000229845055932042,missense|LC,16067987382,16,67987382,
AAR2,ENSG00000131043,0.0169124762693151,0.1474780357506,0.00926108327222341,-0.000603845764298313,missense|LC,20036239759,20,36239759,
DAPK2,ENSG00000035664,0.016930114980237,0.144575605340163,0.00928329787819027,-0.000514527531883957,missense|LC,15063922207,15,63922207,
RNF34,ENSG00000170633,0.0169339548966319,0.0155199930238582,0.0155933360606156,-0.00161671439363909,missense|LC,12121400105,12,121400105,
ACAD10,ENSG00000111271,0.0169625926670678,0.411296193203311,0.0090182870530523,-0.000247506320032316,missense|LC,12111681598,12,111681598,
SPG7,ENSG00000197912,0.0170030174483227,0.23130020377766,0.00958298866791785,-0.000395689344419923,missense|LC,16089508319,16,89508319,
ZNF257,ENSG00000197134,0.0170259122923647,0.706720218431376,0.00886226453096017,-0.000180145477719293,missense|LC,19022052530,19,22052530,
OR2AE1,ENSG00000244623,0.0170889685831258,0.0294637103711355,0.0154804512915792,-0.000517394506668825,missense|LC,7099875983,7,99875983,
MIPOL1,ENSG00000151338,0.0171051845537454,0.147880288685529,0.0088029909046029,-0.00112097516623827,missense|LC,14037247813,14,37247813,
NYX,ENSG00000188937,0.0171132582494775,0.00859096654813385,0.325988271264254,-0.00189848655154459,missense|LC,23041447826,X,41447826,
OR2A14,ENSG00000221938,0.0171145053202401,0.0107256754310656,0.0549667428679667,-0.00164607711214394,missense|LC,7144118797,7,144118797,
SRRM3,ENSG00000177679,0.0171334235620407,0.135007352047914,0.00964754282819236,-0.000551477902809139,missense|LC,7076234995,7,76234995,
TERB2,ENSG00000167014,0.0171705858043663,0.0104141517742347,0.153472212900715,-0.00215756955696951,missense|LC,15044956639,15,44956639,
NUP210,ENSG00000132182,0.0171713997042546,0.164259095681549,0.00867814876875139,-0.000315058460693966,missense|LC,3013317638,3,13317638,
RAB5B,ENSG00000111540,0.0172251252766001,0.0136599923932083,0.0194807903147727,-0.00201222903874572,missense|LC,12055969457,12,55969457,
ZNF468,ENSG00000204604,0.0172402512790557,0.0450108093223592,0.0113810343772058,-0.00115481518670601,missense|LC,19052839957,19,52839957,
ZFAND2B,ENSG00000158552,0.0172929359292089,0.0121829949815394,0.0270763388571353,-0.0024069576722348,missense|LC,2219206891,2,219206891,
AD000671.2,ENSG00000267120,0.0173025342848969,0.00910241225075681,0.084250790611236,0.00442780691209928,missense|LC,19035736586,19,35736586,
OSBPL10,ENSG00000144645,0.0173257119260882,0.242219968519191,0.0110898924146722,-0.000567857306130853,missense|LC,3031661947,3,31661947,
ALG3,ENSG00000214160,0.0173778759946024,0.010012646497962,0.0511142537376005,0.00170564538300144,missense|LC,3184237301,3,184237301,
WNT11,ENSG00000085741,0.0173855396226421,0.247131447370639,0.00870152398790025,0.000948649780295963,missense|LC,11076186929,11,76186929,
AKAP3,ENSG00000111254,0.0174114313538316,0.488873973043245,0.00993425024781636,-0.000243518980120379,missense|LC,12004612452,12,4612452,
FAM98A,ENSG00000119812,0.0174583035651674,0.00935752685537417,0.0895278191565294,-0.000999208153699518,missense|LC,2033584727,2,33584727,
CLIP2,ENSG00000106665,0.0174905480018508,0.606407765556393,0.00945743059868454,-0.000206958476417029,missense|LC,7074317419,7,74317419,
GMIP,ENSG00000089639,0.017492191957208,0.29432927522177,0.00862892332719922,0.000228335715634187,missense|LC,19019624478,19,19624478,
OR2AP1,ENSG00000179615,0.0174980603771959,0.621443461330251,0.00921583963648387,-0.000312459257776668,missense|LC,12055574393,12,55574393,
ARHGAP44,ENSG00000006740,0.0175256768730716,0.00888793807414068,0.5793603874643,-0.00175156592783466,missense|LC,17012789740,17,12789740,
LEO1,ENSG00000166477,0.0175258265635814,0.00860871967114685,0.424171955760168,-0.00233439051435015,missense|LC,15051938154,15,51938154,
TBC1D20,ENSG00000125875,0.0175608408890361,0.313399505471257,0.00835849548191581,-0.00109505615909627,missense|LC,20000430484,20,430484,
GOT1L1,ENSG00000169154,0.0176209118341633,0.510596322628905,0.00893225019965649,0.000437812122276168,missense|LC,8037934244,8,37934244,
FAT4,ENSG00000196159,0.0176499057485924,0.513588013676302,0.00835010890418963,-0.0000973012622730569,missense|LC,4125316413,4,125316413,
ST3GAL5,ENSG00000115525,0.0176796652307514,0.187721775288063,0.0122206518255916,-0.000676845178710356,missense|LC,2085840002,2,85840002,
PPP4R4,ENSG00000119698,0.0176822652728148,0.706872131570482,0.00925871128873501,0.000192717548385601,missense|LC,14094174368,14,94174368,
CYLC2,ENSG00000155833,0.0177082312639998,0.0358677189157319,0.0133845938006186,0.029619272315015,missense|LC,9102995328,9,102995328,
SELENOT,ENSG00000198843,0.0177097227209017,0.0216767847384818,0.0154738162661873,0.00238610088117194,missense|LC,3150603231,3,150603231,
ARFGEF1,ENSG00000066777,0.0177136118134605,0.00975042328795672,0.0424816995315882,0.000839370359258544,missense|LC,8067193399,8,67193399,
EVPL,ENSG00000167880,0.0177229607428788,0.0088177924059567,0.447228568019217,-0.000515131083835913,missense|LC,17076002086,17,76002086,
KCND3,ENSG00000171385,0.0177564047764825,0.0300803970707969,0.0120645522586715,-0.00159822863833203,missense|LC,1111776004,1,111776004,
TNNT2,ENSG00000118194,0.0177628691845308,0.0937117420726284,0.00944176544893427,-0.00149353344117214,missense|LC,1201359096,1,201359096,
OR13D1,ENSG00000179055,0.0177677264936507,0.952226057793351,0.00962319693197,-0.000015191482132745,missense|LC,9104694418,9,104694418,
NPHS2,ENSG00000116218,0.0178847109964865,0.0275990881071358,0.0129522804518876,0.00153083795754348,missense|LC,1179551069,1,179551069,
AXL,ENSG00000167601,0.017903532897356,0.686618639525146,0.00994484907782256,0.000140365766419087,missense|LC,19041219310,19,41219310,
ADAM19,ENSG00000135074,0.0179058003730564,0.00916152912783175,0.41123953841737,0.000708733078212867,missense|LC,5157472307,5,157472307,
PSMD5,ENSG00000095261,0.0179152074251131,0.640566353843089,0.00937066094923678,-0.000175630896459061,missense|LC,9120815609,9,120815609,
KLK4,ENSG00000167749,0.0179216959594574,0.887663210773739,0.00988586530598967,-0.0000540588121482074,missense|LC,19050906836,19,50906836,
TAFA3,ENSG00000184599,0.0179311600886234,0.0366521691874306,0.0116762875046794,0.00094219376926998,missense|LC,1112722154,1,112722154,
IPP,ENSG00000197429,0.0179723962163076,0.0124460364086293,0.0315812441977276,0.00158588977101851,missense|LC,1045693712,1,45693712,
HTATSF1,ENSG00000102241,0.018038651699445,0.00965699853229074,0.0531195149902763,0.000796610753321937,missense|LC,23136492092,X,136492092,
CD300C,ENSG00000167850,0.0180618527354053,0.00914734440020237,0.289448942469903,-0.00301100193569306,missense|LC,17074541554,17,74541554,
SESN2,ENSG00000130766,0.0180980465989735,0.0227932683226628,0.0146957611314373,0.00115662972789951,missense|LC,1028259778,1,28259778,
SPTBN2,ENSG00000173898,0.0181037906228609,0.969949963318134,0.00912278889345819,0.00000696633547882835,missense|LC,11066685810,11,66685810,
AHNAK2,ENSG00000185567,0.0181055015172079,0.0285910590186842,0.0208610117710272,-0.000146376887148124,missense|LC,14104932253,14,104932253,
GON4L,ENSG00000116580,0.0181116897433147,0.0288015073066226,0.0171783522685356,0.000653088723982748,missense|LC,1155746206,1,155746206,
AVPR1B,ENSG00000198049,0.0181170747221792,0.152415569770488,0.0105535557882224,-0.00057077439103655,missense|LC,1206101940,1,206101940,
SRXN1,ENSG00000271303,0.0181937361967941,0.0519018189779366,0.011232633290178,-0.00203599907701254,missense|LC,20000648623,20,648623,
CHST1,ENSG00000175264,0.0182186195642908,0.636524649014532,0.00933666371712039,-0.000622807943685309,missense|LC,11045649603,11,45649603,
ARHGEF17,ENSG00000110237,0.0182259517862736,0.795489329053127,0.0089593690237324,-0.0000506374217055829,missense|LC,11073308552,11,73308552,
LGR5,ENSG00000139292,0.0182486902189004,0.514550596414098,0.00942811224418882,0.000197873673827812,missense|LC,12071440002,12,71440002,
PDE10A,ENSG00000112541,0.0182763533356962,0.0552686974007373,0.0127019605758409,-0.000872435909378104,missense|LC,6165333019,6,165333019,
ADGRA2,ENSG00000020181,0.0182817423676225,0.0103723327279786,0.0673822634216256,0.000643067361899647,missense|LC,8037797174,8,37797174,
PIP5K1B,ENSG00000107242,0.0182818823861243,0.0945769215087267,0.0100390180692986,-0.00144169706863632,missense|LC,9068780028,9,68780028,
MPL,ENSG00000117400,0.0182939137291371,0.0277634536983404,0.0189582957192443,-0.00121821856346949,missense|LC,1043337762,1,43337762,
AL139353.1,ENSG00000203546,0.0183119182588408,0.363680356268184,0.00945268001585275,0.00241101100074049,missense|LC,14031395279,14,31395279,
CCL3,ENSG00000277632,0.0183227926252783,0.81108526101346,0.0106024757663848,0.000184375937776956,missense|LC,17036088592,17,36088592,
ARL3,ENSG00000138175,0.0183678419757233,0.958222559685928,0.0110570914388854,0.0000225215834704352,missense|LC,10102676819,10,102676819,
SCGB3A1,ENSG00000161055,0.0183803467200935,0.807829355666407,0.0114401408675601,0.00044389236651072,missense|LC,5180590142,5,180590142,
CRISPLD2,ENSG00000103196,0.0183849348710806,0.00947430569050822,0.175812072139979,0.000785203664194939,missense|LC,16084838390,16,84838390,
XCL2,ENSG00000143185,0.0184213068888819,0.157919791210461,0.0101033320056882,0.00148030873352935,missense|LC,1168540837,1,168540837,
AL445685.3,ENSG00000285839,0.0184245455277291,0.0856931113739533,0.0118970556014628,0.00126824189559467,missense|LC,1052020879,1,52020879,
VCL,ENSG00000035403,0.018458558618586,0.0278364788899058,0.013255868712621,-0.00817971601357863,missense|LC,10073998069,10,73998069,
XKR6,ENSG00000171044,0.0184791497369454,0.700716235791662,0.00913309387741557,-0.00036859836623438,missense|LC,8010897836,8,10897836,
ADAM10,ENSG00000137845,0.0185070126553626,0.926336977222523,0.0103789535494933,-0.0000639981007858284,missense|LC,15058597302,15,58597302,
ACER2,ENSG00000177076,0.0186008067050413,0.413307200197837,0.00904386680014058,0.000868980331011131,missense|LC,9019409001,9,19409001,
PIK3R3,ENSG00000117461,0.0186994674614535,0.0108960845772185,0.0389802748442194,-0.0014508203131795,missense|LC,1046035141,1,46035141,
ZDHHC12,ENSG00000160446,0.0186995332849125,0.257788643430316,0.00970667769105216,0.000770599447110478,missense|LC,9128716696,9,128716696,
AL133353.2,ENSG00000285932,0.0187044114214119,0.255856118846831,0.00958939432713024,0.0014714925354935,missense|LC,10099659833,10,99659833,
RAP1GDS1,ENSG00000138698,0.0187885876165773,0.0236094526812244,0.0138730695483088,0.00101598733685354,missense|LC,4098261510,4,98261510,
C22orf31,ENSG00000100249,0.0187986388030149,0.0102052870430009,0.146186791273981,0.00080475559784107,missense|LC,22029053683,22,29053683,
NLRC3,ENSG00000167984,0.0188082299701313,0.576154924598296,0.00988976385324414,0.000135011601933663,missense|LC,16003536017,16,3536017,
CNTRL,ENSG00000119397,0.0188217544045368,0.217593052647163,0.00942676284574873,0.000252646673243335,missense|LC,9121088311,9,121088311,
ATP6V1G1,ENSG00000136888,0.0188284071376007,0.0236971766406978,0.0147756539921327,-0.00133375993939529,missense|LC,9114587750,9,114587750,
BANF2,ENSG00000125888,0.0188376008890512,0.350139937299531,0.010142816430623,0.00172529033881452,missense|LC,20017693588,20,17693588,
CXXC5,ENSG00000171604,0.0188620728137185,0.0200201524670043,0.0261856822972,0.00268132570258675,missense|LC,5139680388,5,139680388,
HOXA2,ENSG00000105996,0.018868479007932,0.0412160954578982,0.0121373827348307,-0.00133221440391984,missense|LC,7027095357,7,27095357,
TRAIP,ENSG00000183763,0.0188714563010213,0.958283747201279,0.0110491001323498,-0.00000268476441086008,missense|LC,3049828989,3,49828989,
DNAJB9,ENSG00000128590,0.0189298550802001,0.0130368535075784,0.264125251340613,-0.00135073873652436,missense|LC,7108564874,7,108564874,
NCKAP1,ENSG00000061676,0.0189360823333173,0.470625063198305,0.0095981047844742,-0.000691067354391623,missense|LC,2182925671,2,182925671,
TM6SF2,ENSG00000213996,0.0189704795163779,0.761135276766791,0.0100498856789079,0.000114730424657513,missense|LC,19019260704,19,19260704,
CABLES2,ENSG00000149679,0.0189915043186941,0.160621853089878,0.0118037440420076,-0.000625568225191936,missense|LC,20062387264,20,62387264,
CCDC158,ENSG00000163749,0.019076294805327,0.0136474438344223,0.0378588882807376,-0.000795713295312339,missense|LC,4076309016,4,76309016,
RIIAD1,ENSG00000178796,0.0190837475890413,0.0137554280505781,0.0234316268195361,-0.00340542647167028,missense|LC,1151721484,1,151721484,
CACFD1,ENSG00000160325,0.0190882118071904,0.0122217215571201,0.0498387063956651,0.00111604447316321,missense|LC,9133455206,9,133455206,
P2RY8,ENSG00000182162,0.0190923967395638,0.015066376575389,0.0380677215945976,-0.0021604067852657,missense|LC,23001465332,X,1465332,
CCDC154,ENSG00000197599,0.0191034477232355,0.0215486613142464,0.0177796748637855,0.000756551100847936,missense|LC,16001434297,16,1434297,
EFCAB2,ENSG00000203666,0.0191059016831154,0.675204768636033,0.011729519490166,0.00129520724397346,missense|LC,1244970318,1,244970318,
TACC3,ENSG00000013810,0.0191287940697493,0.0245613692523309,0.0194753862447554,0.000892172873389043,missense|LC,4001717048,4,1717048,
KNL1,ENSG00000137812,0.0191416614157146,0.0399330002901001,0.0163937003124247,-0.000695826758228086,missense|LC,15040602903,15,40602903,
SLC22A7,ENSG00000137204,0.0191615465840465,0.0114068072545119,0.221952290720238,-0.00135430794875644,missense|LC,6043298293,6,43298293,
HIGD1B,ENSG00000131097,0.0191898555642888,0.239303717796083,0.0103213197252204,-0.00225431251135133,missense|LC,17044849151,17,44849151,
H2BC17,ENSG00000274641,0.019225462553225,0.236535197345729,0.0118448225011356,0.00189186323641453,missense|LC,6027890306,6,27890306,
ZGRF1,ENSG00000138658,0.0192397456583115,0.012926838021567,0.159587355146372,0.00058189817562865,missense|LC,4112539563,4,112539563,
SYT15,ENSG00000204176,0.0192447729983535,0.0140558110912907,0.0239614612616965,0.00117706956201165,missense|LC,10046578266,10,46578266,
CEBPB,ENSG00000172216,0.0192482711260675,0.010091748340019,0.350818465551915,0.00219862672294996,missense|LC,20050190901,20,50190901,
NEK6,ENSG00000119408,0.0192614502811244,0.0375383993903486,0.0125073642188015,-0.00170873976666945,missense|LC,9124257587,9,124257587,
MYO5B,ENSG00000167306,0.0192922386668769,0.0238008600716639,0.0240429931292518,0.00065774778896181,missense|LC,18049826366,18,49826366,
MARVELD3,ENSG00000140832,0.0193070005393388,0.127005517261375,0.0097071081454505,0.00104979707128295,missense|LC,16071626149,16,71626149,
PTOV1,ENSG00000104960,0.0193370117666009,0.34207806255768,0.00937706721047737,0.000661754315365564,missense|LC,19049851159,19,49851159,
SRD5A1,ENSG00000145545,0.0193656590365072,0.0097275929522761,0.135937491056866,0.00217613293208152,missense|LC,5006631849,5,6631849,
GPCPD1,ENSG00000125772,0.0193951334253909,0.0151843824119906,0.0225807898104333,-0.00167267639959663,missense|LC,20005547643,20,5547643,
EPHA10,ENSG00000183317,0.0194059681671622,0.0100776925199362,0.696660210930701,0.000806877355544384,missense|LC,1037718305,1,37718305,
VMP1,ENSG00000062716,0.0194770210031959,0.062589336552747,0.0115571900626875,0.00201462784744414,missense|LC,17059731392,17,59731392,
A2ML1,ENSG00000166535,0.019482280440703,0.391073422569384,0.0102484259963901,-0.000235430133235393,missense|LC,12008822589,12,8822589,
TMX4,ENSG00000125827,0.0195030963566659,0.00979273261998792,0.170104722226619,-0.00321292165010881,missense|LC,20007982162,20,7982162,
SSU72,ENSG00000160075,0.019534570097097,0.279481679911089,0.00996666347066877,-0.00236480883562812,missense|LC,1001539614,1,1539614,
ARL6IP4,ENSG00000182196,0.0195796468157002,0.306617420478067,0.00990524700709317,0.000491493792717415,missense|LC,12122976308,12,122976308,
LPIN3,ENSG00000132793,0.0196002817360963,0.31950738363954,0.0107120828631211,0.000308824393165299,missense|LC,20041345715,20,41345715,
MBD2,ENSG00000134046,0.019607409173909,0.012838805575919,0.0667849027268822,0.00188239178624578,missense|LC,18054159670,18,54159670,
IP6K1,ENSG00000176095,0.0196171492606577,0.0123228350563572,0.439194618902581,0.00181825115554161,missense|LC,3049719298,3,49719298,
DOK5,ENSG00000101134,0.0196442672072752,0.0106234891478598,0.278058281274103,-0.00204458031023713,missense|LC,20054475844,20,54475844,
BAZ1B,ENSG00000009954,0.0196897352021796,0.0281549939334241,0.0143676494495089,0.000789973933964542,missense|LC,7073435411,7,73435411,
MCCC1,ENSG00000078070,0.0196990635590442,0.0218820764335936,0.0211732759395691,0.00118510409174505,missense|LC,3183015354,3,183015354,
PEX7,ENSG00000112357,0.0197008346041554,0.0172107763495517,0.0184787195398329,0.00143056047999797,missense|LC,6136822589,6,136822589,
STX16,ENSG00000124222,0.0197098777790001,0.0222236646942565,0.0187821496064285,-0.00158775033706518,missense|LC,20058651915,20,58651915,
SLFN13,ENSG00000154760,0.0197519227869619,0.955030448386353,0.010504388022158,0.0000115183681662289,missense|LC,17035440499,17,35440499,
AC005702.1,ENSG00000267318,0.0197562545291513,0.283606231206521,0.0112207615275477,0.00492784575106562,missense|LC,17059936149,17,59936149,
RGS17,ENSG00000091844,0.0197644751651683,0.0620118021240608,0.0115200872890616,-0.00220305900299239,missense|LC,6153002301,6,153002301,
DEFB112,ENSG00000180872,0.0197698093605538,0.013655405116929,0.0358054715117875,-0.00286602141192469,missense|LC,6050043533,6,50043533,
GOLGA8K,ENSG00000249931,0.0197869151775162,0.0758408012322833,0.0113130060017476,-0.000744244883945929,missense|LC,15032392785,15,32392785,
VHL,ENSG00000134086,0.0198351810954345,0.0156752075594744,0.0214778678824088,-0.00125617602094378,missense|LC,3010141748,3,10141748,
THBS4,ENSG00000113296,0.019889179046901,0.0115933053082986,0.0504155793195606,-0.000853635411306764,missense|LC,5080035459,5,80035459,
SECISBP2,ENSG00000187742,0.0199906955358348,0.192585260877815,0.0108254732296788,0.000749096506901363,missense|LC,9089315106,9,89315106,
H2BC12,ENSG00000197903,0.0199988176910909,0.22936372970205,0.0104688359394091,-0.00275859910807833,missense|LC,6027146273,6,27146273,
NPR2,ENSG00000159899,0.0200463208696554,0.399111283368777,0.00982369421429619,0.000503433733920894,missense|LC,9035792317,9,35792317,
GIGYF1,ENSG00000146830,0.0200551484341492,0.773912510796123,0.0102516441832065,0.0000888109186627196,missense|LC,7100676229,7,100676229,
PELI1,ENSG00000197329,0.02006430267489,0.0102780853412372,0.173307569033865,0.00274333758731066,missense|LC,2064094654,2,64094654,
SNX12,ENSG00000147164,0.0200794162209548,0.0106468566896868,0.550756666708819,-0.00853493746073709,missense|LC,23071060998,X,71060998,
PLCD1,ENSG00000187091,0.0201151509722319,0.0240407212817628,0.0213580185131991,-0.000996963833789727,missense|LC,3038002501,3,38002501,
DCUN1D3,ENSG00000188215,0.0201403865192588,0.0296887195044664,0.0143145671229949,-0.00240845638642988,missense|LC,16020859760,16,20859760,
TEX30,ENSG00000151287,0.0201405011292892,0.12013683069096,0.010595632414046,-0.00177961831049287,missense|LC,13102766347,13,102766347,
ZDHHC18,ENSG00000204160,0.0201544495726007,0.671027596542628,0.011999154998204,0.00018637414564776,missense|LC,1026826737,1,26826737,
HLA-DQA1,ENSG00000196735,0.0201733988194587,0.0654833731889498,0.011816354305198,0.00318489611826738,missense|LC,6032641951,6,32641951,
PATE2,ENSG00000196844,0.020182551528693,0.0177059435548886,0.0251209648636787,-0.00377684195366107,missense|LC,11125777277,11,125777277,
ZNF793,ENSG00000188227,0.0202076010592421,0.0371805352335692,0.0139169411489619,0.00127890981079331,missense|LC,19037523365,19,37523365,
PRDX5,ENSG00000126432,0.020275477818226,0.783706429546209,0.0130080218960332,-0.000133855526808575,missense|LC,11064313908,11,64313908,
ODF3L2,ENSG00000181781,0.0202847453025049,0.0738752320903968,0.0131377451562381,-0.000738267486246499,missense|LC,19000460479,19,460479,
KALRN,ENSG00000160145,0.0203012262819477,0.0105209975769811,0.0861780168706934,0.000866118963207583,missense|LC,3124094781,3,124094781,
LRATD1,ENSG00000162981,0.0203960607532013,0.0490962796008574,0.0124303920780662,-0.00165701742097467,missense|LC,2014633860,2,14633860,
BCL2L12,ENSG00000126453,0.0204080586685246,0.25713069169262,0.0125786192767396,-0.000670950804737214,missense|LC,19049660614,19,49660614,
ANHX,ENSG00000227059,0.0204246889113789,0.667104923594069,0.0114878768840527,0.000235302314100083,missense|LC,12133218822,12,133218822,
RFPL4A,ENSG00000223638,0.02047021371191,0.0168601279427187,0.0194042721836464,0.0010909757762959,missense|LC,19055761659,19,55761659,
RAB28,ENSG00000157869,0.0204934858387839,0.360749835028485,0.0113432171681287,0.00165507032985809,missense|LC,4013367678,4,13367678,
CAB39L,ENSG00000102547,0.0204975343510353,0.120538694250646,0.0108502453650186,0.00118163198364085,missense|LC,13049310737,13,49310737,
RPLP2,ENSG00000177600,0.0205194594787572,0.392528007134541,0.0113944715519591,-0.00135991970972725,missense|LC,11000805126,11,805126,
C1orf226,ENSG00000239887,0.0205202169669371,0.0122194795179845,0.120715342428255,-0.00204295222743238,missense|LC,1162373960,1,162373960,
KMT5A,ENSG00000183955,0.0206199810056195,0.0802142126056342,0.0139236416328088,0.000997430333865689,missense|LC,12123384081,12,123384081,
HTT,ENSG00000197386,0.0206236691369086,0.600889282166645,0.0108451901207318,0.0000974749692101501,missense|LC,4003074723,4,3074723,
GRID2IP,ENSG00000215045,0.0207389596855904,0.587217226131788,0.010964562219536,-0.000160547008252175,missense|LC,7006497775,7,6497775,
PDCD11,ENSG00000148843,0.0207595698350825,0.0100269207508948,0.463604783300978,0.00050872443478895,missense|LC,10103392121,10,103392121,
TSPAN8,ENSG00000127324,0.0207982463523518,0.0116445035127433,0.224936516136502,-0.00186481625867292,missense|LC,12071125264,12,71125264,
ASB13,ENSG00000196372,0.0208376253975205,0.337548643689047,0.0104689001447943,-0.000791796225120758,missense|LC,10005640595,10,5640595,
LSM4,ENSG00000130520,0.0208500649729786,0.0446681106192252,0.0149836799165433,0.00426287386841092,missense|LC,19018307377,19,18307377,
NMRAL1,ENSG00000153406,0.0208748503177038,0.0113281356430521,0.0824765514361607,-0.00150619582110513,missense|LC,16004461702,16,4461702,
APOF,ENSG00000175336,0.0208902240041754,0.0107715719026013,0.278453739343739,-0.00250331686144603,missense|LC,12056355569,12,56355569,
NELFE,ENSG00000204356,0.0209160117116978,0.0178880484055368,0.0179359073794431,-0.00100829089646746,missense|LC,6031947099,6,31947099,
KLF11,ENSG00000172059,0.0209459183321568,0.0134609577092279,0.055029429612621,-0.001233244323794,missense|LC,2010043619,2,10043619,
P3H4,ENSG00000141696,0.0209640807439029,0.0141218207028725,0.0285776747983089,-0.00115454984136259,missense|LC,17041802877,17,41802877,
MRPS2,ENSG00000122140,0.0209904096641348,0.73769727709375,0.0103315114242996,-0.000266855744104917,missense|LC,9135495357,9,135495357,
KIF16B,ENSG00000089177,0.020993558864172,0.0457422072566112,0.0141681478574658,-0.000503603326702414,missense|LC,20016366849,20,16366849,
HOOK3,ENSG00000168172,0.0210376743445748,0.0152054436974394,0.0339312446006711,-0.00191927022868464,missense|LC,8042897048,8,42897048,
CFLAR,ENSG00000003402,0.0210671907549604,0.139483281148131,0.0105489450255314,0.00173283484212062,missense|LC,2201129791,2,201129791,
DLL3,ENSG00000090932,0.0210866926228649,0.0135609428843952,0.0411204143139945,-0.0011443525807987,missense|LC,19039498880,19,39498880,
SNTG1,ENSG00000147481,0.0210939425269128,0.138477429887023,0.0109903319067867,-0.000609199356323455,missense|LC,8050394160,8,50394160,
GNL3,ENSG00000163938,0.0211159366037401,0.750236650645211,0.0112369450523886,-0.000153600669815337,missense|LC,3052681652,3,52681652,
MAP3K14,ENSG00000006062,0.0211246195013267,0.0116315950836696,0.0812802293416875,-0.00110512524019782,missense|LC,17045261875,17,45261875,
ENG,ENSG00000106991,0.0211532015695323,0.314480441405072,0.0113568684731257,-0.000436501849045982,missense|LC,9127810017,9,127810017,
PARD6A,ENSG00000102981,0.021189812478083,0.0113303818571433,0.184127140740236,0.00232280148435086,missense|LC,16067655960,16,67655960,
USP13,ENSG00000058056,0.021238941428204,0.0481295720899286,0.0153772812614448,0.000975840035695803,missense|LC,3179653097,3,179653097,
PIGM,ENSG00000143315,0.0212628175221777,0.955949752200656,0.0119180508283745,-0.000017288883079422,missense|LC,1160030391,1,160030391,
KRTAP5-2,ENSG00000205867,0.0212659475671559,0.0107353049248363,0.243472343456668,-0.00318620297259768,missense|LC,11001597589,11,1597589,
CYP11A1,ENSG00000140459,0.0212740785551095,0.0115365561228493,0.193739333724047,0.000870137114085354,missense|LC,15074332768,15,74332768,
TLE2,ENSG00000065717,0.0212858244574543,0.0109841627472564,0.353306579906503,0.00830504798637696,missense|LC,19002993332,19,2993332,
ZNF197,ENSG00000186448,0.0213120499244943,0.515748131566721,0.011793818095057,-0.000287189189379793,missense|LC,3044629018,3,44629018,
MAST1,ENSG00000105613,0.0213123150871138,0.623625035469774,0.0106536626691176,0.000279303069631367,missense|LC,19012834432,19,12834432,
HECW1,ENSG00000002746,0.0213149121966835,0.0138988617925204,0.105145356452742,0.000524299972869775,missense|LC,7043114172,7,43114172,
PCDHA11,ENSG00000249158,0.0213244051959931,0.0106116660092967,0.30942601247684,0.000817504998509537,missense|LC,5140868957,5,140868957,
ARMC6,ENSG00000105676,0.0213286537159234,0.130715940740251,0.0109306287765183,0.000979507339753845,missense|LC,19019030857,19,19030857,
RTN4,ENSG00000115310,0.0213309498777332,0.0933923216502526,0.0165277942560988,0.000976930286363366,missense|LC,2054968051,2,54968051,
LPAR5,ENSG00000184574,0.0213857953424309,0.160321640795431,0.0104059135427159,-0.00114369331627175,missense|LC,12006620027,12,6620027,
KRT1,ENSG00000167768,0.0213909670506464,0.0269524435631683,0.0160442253725833,-0.000909038317314572,missense|LC,12052675098,12,52675098,
ISLR,ENSG00000129009,0.0214265516430561,0.910291535688427,0.0109954024033523,-0.0000439268901935572,missense|LC,15074174786,15,74174786,
IGF2,ENSG00000167244,0.0214302965066949,0.144400251682184,0.0109486581077949,-0.00150832176638837,missense|LC,11002132948,11,2132948,
CDC42EP2,ENSG00000149798,0.0214333898871145,0.221086038931965,0.0138415577327423,-0.000952760499418828,missense|LC,11065320796,11,65320796,
ZNF283,ENSG00000167637,0.0214801339781202,0.0141274738894515,0.0553325193014466,-0.00126856846550558,missense|LC,19043831274,19,43831274,
CCL4,ENSG00000275302,0.021484925163479,0.0135091525470692,0.126360986057085,-0.00206920779184426,missense|LC,17036103824,17,36103824,
RAB3IP,ENSG00000127328,0.0215137869232427,0.545963444693196,0.011530519306951,0.000575057256341775,missense|LC,12069739757,12,69739757,
ZNF879,ENSG00000234284,0.0215393741558062,0.780048994668206,0.0116831447039789,0.000205251168167495,missense|LC,5179024922,5,179024922,
EPX,ENSG00000121053,0.0215481358872245,0.555343016747045,0.0110155952922935,-0.000154181388417372,missense|LC,17058192793,17,58192793,
RNF181,ENSG00000168894,0.0215831653648719,0.0202932938101195,0.0193741370941118,-0.00176969447886587,missense|LC,2085591589,2,85591589,
MNAT1,ENSG00000020426,0.0215961800610657,0.0113802668467996,0.272747296742045,-0.00368255716790907,missense|LC,14060734793,14,60734793,
ST6GALNAC6,ENSG00000160408,0.0216034123853797,0.23037706588859,0.0110301142701892,0.000827249536790721,missense|LC,9127886374,9,127886374,
GABRA1,ENSG00000022355,0.0216390502069289,0.586845557237785,0.0106526536803727,0.00102735121493571,missense|LC,5161850742,5,161850742,
PLK5,ENSG00000185988,0.0216914998700382,0.0117768609376223,0.208675860080432,-0.000856388639407449,missense|LC,19001526891,19,1526891,
SORL1,ENSG00000137642,0.0217702150133193,0.722320259781206,0.011497752451632,0.0000872131652457223,missense|LC,11121452239,11,121452239,
DNAJC15,ENSG00000120675,0.0218301675779412,0.146174195209208,0.0129039226508805,0.00157469722206983,missense|LC,13043023564,13,43023564,
ZNF517,ENSG00000197363,0.0219175382750714,0.0516902889484354,0.0132026489577661,0.00085988869227938,missense|LC,8144800400,8,144800400,
MYH2,ENSG00000125414,0.0219228708852106,0.104548658356405,0.0112037811727659,0.000387859711718992,missense|LC,17010516159,17,10516159,
AC004922.1,ENSG00000284292,0.0219309537606791,0.174074855616681,0.0120384400200035,0.000686088944112734,missense|LC,7099333299,7,99333299,
STX16-NPEPL1,ENSG00000254995,0.0219462776749478,0.0264771187906006,0.0184118413805875,-0.00156154368968141,missense|LC,20058651915,20,58651915,
CDH26,ENSG00000124215,0.0219555484383744,0.824598345195182,0.0108455342027159,0.000128172116070031,missense|LC,20059958658,20,59958658,
PADI2,ENSG00000117115,0.0219730631843125,0.0111275748898254,0.794118902972334,-0.00111899142685746,missense|LC,1017069007,1,17069007,
EVPLL,ENSG00000214860,0.0220094163887619,0.0868434298631406,0.0122921170281669,0.00133260239294179,missense|LC,17018380835,17,18380835,
TSC22D3,ENSG00000157514,0.0220340293719966,0.0122913475435653,0.103169786173708,-0.00350181699013643,missense|LC,23107714472,X,107714472,
P3R3URF-PIK3R3,ENSG00000278139,0.0220386382632558,0.0140487866965746,0.0415507072780925,-0.00131352969195869,missense|LC,1046043619,1,46043619,
MUC13,ENSG00000173702,0.0220518644085955,0.764407459532669,0.0122053905963326,0.000116785616101234,missense|LC,3124908082,3,124908082,
CDK2,ENSG00000123374,0.0221095304086307,0.402054713112338,0.0149658942536876,-0.00104715585661263,missense|LC,12055965847,12,55965847,
MINAR1,ENSG00000169330,0.0221108550878278,0.011282576146738,0.0977572723550961,-0.000602218587649392,missense|LC,15079456062,15,79456062,
MAP3K7CL,ENSG00000156265,0.0221131441919521,0.0119715316198026,0.647377929886514,0.00325039253824592,missense|LC,21029085783,21,29085783,
CTSW,ENSG00000172543,0.0221203273190104,0.794824423408852,0.0114631625445965,-0.000138665773830928,missense|LC,11065879788,11,65879788,
ONECUT3,ENSG00000205922,0.0221323313348573,0.0180495721231068,0.0278120198439016,-0.00106701701054483,missense|LC,19001753635,19,1753635,
MARCKS,ENSG00000277443,0.0221484994066484,0.204150748772016,0.0137570563125869,0.000582848541785374,missense|LC,6113857688,6,113857688,
GRAP,ENSG00000154016,0.0221492459620044,0.0121900587070662,0.076494709884011,0.00426220951610688,missense|LC,17019017213,17,19017213,
CLIC3,ENSG00000169583,0.0221550457882159,0.0130562000353767,0.368439002640002,-0.00179518012648274,missense|LC,9136992440,9,136992440,
GRM5,ENSG00000168959,0.0221659922000825,0.42809187535507,0.0115665791710584,0.000433614946583716,missense|LC,11088508540,11,88508540,
CLDN18,ENSG00000066405,0.0221796055902408,0.0186375526184883,0.0681433630566617,0.00175262395250599,missense|LC,3137998800,3,137998800,
PHF14,ENSG00000106443,0.0222172871789478,0.094249394201434,0.0122485860284123,0.00187006258403201,missense|LC,7010974254,7,10974254,
EYA3,ENSG00000158161,0.0222509336704302,0.0172063564399573,0.0299484649643429,0.00456207279132359,missense|LC,1027966418,1,27966418,
OR4S1,ENSG00000176555,0.0222917337273117,0.973460955403439,0.0118455149231709,-0.0000139827909683667,missense|LC,11048306177,11,48306177,
NAT10,ENSG00000135372,0.0222979106119182,0.614213164273547,0.011470689402902,-0.000157203409884859,missense|LC,11034108180,11,34108180,
NBPF15,ENSG00000266338,0.0222999792668594,0.0117351981424192,0.581580218185034,0.00101195273751611,missense|LC,1144422820,1,144422820,
KRT85,ENSG00000135443,0.0223007755555982,0.824314152033613,0.0107099595029212,-0.000135989880798756,missense|LC,12052360774,12,52360774,
MTRNR2L10,ENSG00000256045,0.0223147086815403,0.687412593167746,0.0124916335252584,-0.000823692734291107,missense|LC,23055181876,X,55181876,
CHD1,ENSG00000153922,0.0223177843722208,0.0186947771210536,0.034701096892228,-0.000913577304080769,missense|LC,5098856336,5,98856336,
INPP5A,ENSG00000068383,0.0223254656389096,0.164393638081999,0.0124241497398682,-0.00108182409795422,missense|LC,10132538037,10,132538037,
ZNF175,ENSG00000105497,0.022340533724261,0.0117303542237068,0.14163652087186,0.00140585340772618,missense|LC,19051573251,19,51573251,
NBPF6,ENSG00000186086,0.0223448817255276,0.020875910289466,0.024800379159674,0.00253093386219025,missense|LC,1108467321,1,108467321,
ADCY5,ENSG00000173175,0.0224237627299879,0.898950256677249,0.0118852927664942,0.0000429424020149847,missense|LC,3123284467,3,123284467,
DYM,ENSG00000141627,0.0224406338490178,0.0133091929235157,0.0586929205487902,-0.00129028865229752,missense|LC,18049043958,18,49043958,
DNAJC30,ENSG00000176410,0.0224499273408216,0.671434137286602,0.011693198898572,0.00039346183891689,missense|LC,7073682632,7,73682632,
NRAS,ENSG00000213281,0.0224736985463914,0.0171881504816409,0.0384187951859177,0.00543117784256199,missense|LC,1114708468,1,114708468,
DOHH,ENSG00000129932,0.0224844353620057,0.013979371513809,0.0457162753251079,-0.00105172640345792,missense|LC,19003491401,19,3491401,
GZMA,ENSG00000145649,0.0225026947825623,0.616651736688579,0.0116096278809211,-0.000443133468439529,missense|LC,5055102660,5,55102660,
MAP3K2,ENSG00000169967,0.0225103347951365,0.812450965289545,0.0126716597993746,0.000123487424134444,missense|LC,2127293731,2,127293731,
TPRG1L,ENSG00000158109,0.0225299497244694,0.0108427199439822,0.282191435220145,-0.003033818014139,missense|LC,1003624954,1,3624954,
NKAIN3,ENSG00000185942,0.0225519041395026,0.0376045259609809,0.0165748391814411,-0.00405849299239896,missense|LC,8062248998,8,62248998,
PIWIL1,ENSG00000125207,0.0226421695108459,0.0233381957312554,0.0235141893745856,0.00160850973382861,missense|LC,12130342558,12,130342558,
MYZAP,ENSG00000263155,0.022715391174329,0.0164639863766887,0.0429188164034603,-0.000724225877757133,missense|LC,15057591922,15,57591922,
METAP1D,ENSG00000172878,0.0227431927453661,0.0331055210049632,0.0155468297978951,-0.0104545884026606,missense|LC,2171999861,2,171999861,
MTA1,ENSG00000182979,0.0227746407837973,0.360290644690682,0.0131659563630775,-0.000549803976786591,missense|LC,14105419969,14,105419969,
AASS,ENSG00000008311,0.022789099286075,0.747653276217758,0.0130080024690409,-0.000107500927582186,missense|LC,7122076458,7,122076458,
MFSD3,ENSG00000167700,0.0228063238237789,0.0120543901976036,0.391746663626583,-0.00103191047692854,missense|LC,8144504213,8,144504213,
HMX1,ENSG00000215612,0.0228078462497577,0.129593827570868,0.0121235129661372,0.000769496549320668,missense|LC,4008866990,4,8866990,
KCNF1,ENSG00000162975,0.0228387655330771,0.0393313774742724,0.0146859774298234,0.00177880247472548,missense|LC,2010912337,2,10912337,
DHX15,ENSG00000109606,0.0228494061794886,0.654901402210859,0.0126665247555021,-0.000534216240917432,missense|LC,4024527883,4,24527883,
WSB1,ENSG00000109046,0.0228547159868266,0.871623270975997,0.011683004379635,-0.000111787312506046,missense|LC,17027294268,17,27294268,
USP19,ENSG00000172046,0.0228559433865624,0.043124209196155,0.0173562355293331,0.000672535285993903,missense|LC,3049103753,3,49103753,
ATL1,ENSG00000198513,0.0229096920766619,0.506995157538701,0.0113309976929326,0.000741808252744961,missense|LC,14050560164,14,50560164,
LATS2,ENSG00000150457,0.0229621771323917,0.0276860879141867,0.0241055057172528,-0.000776952245159077,missense|LC,13020974774,13,20974774,
CISD2,ENSG00000145354,0.0229652795801016,0.0202744243590729,0.0319540760665324,0.00642943967661181,missense|LC,4102868608,4,102868608,
VAMP5,ENSG00000168899,0.0229774431757748,0.0118078137769876,0.210850861120058,0.00400302198551187,missense|LC,2085579592,2,85579592,
ZNF358,ENSG00000198816,0.0229880983705537,0.0199294949284472,0.0207271019977195,-0.00101719798113751,missense|LC,19007519082,19,7519082,
LDLRAD1,ENSG00000203985,0.0229942504067174,0.0146387149881864,0.040712377959254,0.00190003913348933,missense|LC,1054008905,1,54008905,
SPTSSB,ENSG00000196542,0.0230029060330074,0.558491130226034,0.0127473923998234,-0.00176402534945122,missense|LC,3161346092,3,161346092,
CFAP157,ENSG00000160401,0.0230213880990504,0.21715204171391,0.0127086768658059,-0.000671356558971564,missense|LC,9127706926,9,127706926,
HAUS6,ENSG00000147874,0.0230788032656914,0.0306528050242625,0.0157489065887958,0.000770303304265873,missense|LC,9019049601,9,19049601,
DUSP6,ENSG00000139318,0.0231255162544945,0.0208656697743135,0.0237555228719831,0.00195067071774901,missense|LC,12089349160,12,89349160,
CDK5R1,ENSG00000176749,0.0231426426367369,0.0175981566015745,0.0243328782357469,-0.00249286821244652,missense|LC,17032487555,17,32487555,
PRDX2,ENSG00000167815,0.0231527745030227,0.0128202618753133,0.360670805374365,0.00265475265279007,missense|LC,19012791824,19,12791824,
IZUMO3,ENSG00000205442,0.0231620541620762,0.393257972269068,0.0124793045721803,0.000658665901410511,missense|LC,9024543215,9,24543215,
TTC6,ENSG00000139865,0.0231623496173277,0.011616544419099,0.254351932771958,-0.000575210986454766,missense|LC,14037622065,14,37622065,
LOXHD1,ENSG00000167210,0.0231677285360685,0.0617066169837928,0.0144538040312616,-0.000398838352859477,missense|LC,18046477360,18,46477360,
WNT7B,ENSG00000188064,0.023200750866636,0.0320795415334563,0.0168750842708782,0.00189600766839324,missense|LC,22045922708,22,45922708,
CETN1,ENSG00000177143,0.0232232682679874,0.0183798507573214,0.140301608112794,-0.00171482890028697,missense|LC,18000580285,18,580285,
ATP8A2,ENSG00000132932,0.0232558261340474,0.0225533023808326,0.0277107248681259,-0.0011495417316621,missense|LC,13025372142,13,25372142,
FEZF2,ENSG00000153266,0.023261784131438,0.177871652580808,0.0130774032581147,0.000450988360157,missense|LC,3062369966,3,62369966,
GNGT2,ENSG00000167083,0.0232922964593106,0.0298070119628923,0.0180340518256352,-0.00648242306340363,missense|LC,17049206684,17,49206684,
HOXB13,ENSG00000159184,0.0233130876114505,0.0138998534514057,0.153295146704623,-0.00165968654548474,missense|LC,17048721691,17,48721691,
AC024598.1,ENSG00000285837,0.023352466695313,0.0512564259416852,0.0157956237044675,-0.00141056898847726,missense|LC,10062376086,10,62376086,
KCNC3,ENSG00000131398,0.0233652566597085,0.0139703537820574,0.27933977077795,0.000989006522176933,missense|LC,19050307004,19,50307004,
AL110118.2,ENSG00000259066,0.0233729275498603,0.0311048487655157,0.0194960988712125,0.00185089220166257,missense|LC,14093183048,14,93183048,
LCE6A,ENSG00000235942,0.0233755467747493,0.0343735537149374,0.0162623122125332,0.00264080588033734,missense|LC,1152843419,1,152843419,
ZNF418,ENSG00000196724,0.0234643162023456,0.260992279665726,0.0123667679939705,-0.000461859437591883,missense|LC,19057926087,19,57926087,
GAS6,ENSG00000183087,0.0234928103187827,0.0611368230525655,0.0138982823787522,-0.000709952717351501,missense|LC,13113820762,13,113820762,
VAT1L,ENSG00000171724,0.0235602095536094,0.590192376016316,0.0119664605689751,0.000471549394340526,missense|LC,16077788583,16,77788583,
PSMB9,ENSG00000240065,0.023563913762449,0.015795309377394,0.0612662616684301,-0.0012050377766207,missense|LC,6032849195,6,32849195,
DCDC2,ENSG00000146038,0.0235828877384988,0.919813865782432,0.011779029658752,0.0000988105931766907,missense|LC,6024174695,6,24174695,
CREBRF,ENSG00000164463,0.0235905403033865,0.616051707722325,0.0129663077207708,0.000338528396533367,missense|LC,5173080717,5,173080717,
TMEM68,ENSG00000167904,0.0236347266836943,0.252776475670583,0.0143526529053694,-0.000656607109896256,missense|LC,8055740080,8,55740080,
C1GALT1C1L,ENSG00000223658,0.0236415473835541,0.348010519131057,0.0122640991785232,0.000734527345429575,missense|LC,2043675326,2,43675326,
CLCN7,ENSG00000103249,0.0236759978076325,0.363486967436812,0.0113287178823438,0.000552582534942649,missense|LC,16001442303,16,1442303,
PIP5K1A,ENSG00000143398,0.0237511098586217,0.0627735035268008,0.0138018127027952,0.00154042221180686,missense|LC,1151198929,1,151198929,
ABCG2,ENSG00000118777,0.0237596813139287,0.0132888840497679,0.0582107063620412,0.000881181963571252,missense|LC,4088092154,4,88092154,
TAS1R1,ENSG00000173662,0.02387937070364,0.0122392301375627,0.481530401164094,0.000636624362849997,missense|LC,1006550334,1,6550334,
HS3ST2,ENSG00000122254,0.0239260110803675,0.0144716485358716,0.0506856568312101,0.00185668946836581,missense|LC,16022814492,16,22814492,
AC137834.1,ENSG00000258830,0.0239705506988451,0.825970370880403,0.0148266720200259,0.00075179228299984,missense|LC,12057244609,12,57244609,
DNAJB7,ENSG00000172404,0.0239900768304587,0.793139761262518,0.0130528393309102,0.0000893425896737969,missense|LC,22040856369,22,40856369,
MAPKAPK3,ENSG00000114738,0.0240025249965038,0.016618412112124,0.0590823045643729,-0.00156744030443331,missense|LC,3050607518,3,50607518,
GJB1,ENSG00000169562,0.0240089603803029,0.0122792438603458,0.185563580615648,0.00261895363157254,missense|LC,23071223636,X,71223636,
ZNF625,ENSG00000257591,0.0240623958971814,0.0379924391088088,0.021094821685577,-0.00222378695226861,missense|LC,19012140068,19,12140068,
SLC7A11,ENSG00000151012,0.0240889179993856,0.0141431977633172,0.112378167378955,0.000839899983346861,missense|LC,4138171847,4,138171847,
PDK2,ENSG00000005882,0.0241167846459689,0.0170311233721802,0.0337963826700483,0.00216286929152413,missense|LC,17050095392,17,50095392,
IL34,ENSG00000157368,0.0241345116533309,0.0133194120471459,0.185621088586096,0.00133906656434593,missense|LC,16070646860,16,70646860,
CLEC2L,ENSG00000236279,0.0241657103082931,0.0211722150318101,0.0218796356369695,-0.00157325056028977,missense|LC,7139523829,7,139523829,
ZNF727,ENSG00000214652,0.0241944932753275,0.0272195824423462,0.0157202794705955,0.000833333575192541,missense|LC,7064045510,7,64045510,
TBX20,ENSG00000164532,0.0242025156115365,0.602979100932319,0.0131076391393108,0.000498082714697364,missense|LC,7035202407,7,35202407,
WFDC3,ENSG00000124116,0.0243701071391212,0.0130039563949289,0.235747092471452,-0.00239990848964553,missense|LC,20045774323,20,45774323,
CASK,ENSG00000147044,0.024370651929517,0.681737854031018,0.0136557019895907,-0.000507580247420046,missense|LC,23041520384,X,41520384,
FBXW10,ENSG00000171931,0.0244196848591105,0.313495710686861,0.0125918209198878,-0.000266064669035943,missense|LC,17018744102,17,18744102,
PPP1R21,ENSG00000162869,0.0244290746735897,0.415353285780005,0.0137234515187112,-0.000369461453963753,missense|LC,2048440909,2,48440909,
COMMD5,ENSG00000170619,0.0244357781608568,0.11253719153311,0.0169172854300903,0.000756827201165807,missense|LC,8144845890,8,144845890,
AXIN1,ENSG00000103126,0.0244623952286709,0.0483893619248164,0.0143761413115614,0.000572901426103688,missense|LC,16000282323,16,282323,
MCEE,ENSG00000124370,0.0244690687511359,0.0154613398888193,0.0360340345315646,0.00123262135598403,missense|LC,2071109893,2,71109893,
EPHA5,ENSG00000145242,0.0244812847795868,0.508473237167123,0.0123329577639673,0.000403313252208631,missense|LC,4065324090,4,65324090,
RBP1,ENSG00000114115,0.0245027774992432,0.0142601460973968,0.237372815297658,0.00230407515403939,missense|LC,3139517559,3,139517559,
SLC25A32,ENSG00000164933,0.0245262864201784,0.0200852234382567,0.0360870262320756,-0.00234613108656016,missense|LC,8103400321,8,103400321,
TTLL6,ENSG00000170703,0.024550202532447,0.834198939474737,0.0122309858968894,0.000106534296705025,missense|LC,17048768907,17,48768907,
NLGN1,ENSG00000169760,0.0246231555535267,0.0140346947898287,0.0870547881687745,-0.00372561421299884,missense|LC,3173604511,3,173604511,
LAMC3,ENSG00000050555,0.0246273421474569,0.036535634645028,0.0179745569195398,0.000385954339191536,missense|LC,9131009086,9,131009086,
PRR11,ENSG00000068489,0.0246916612391261,0.0478195201977915,0.0151944906982557,-0.000802857030078294,missense|LC,17059154864,17,59154864,
UBE2D2,ENSG00000131508,0.0247135165962512,0.0355339410593399,0.0208899006193908,-0.0160268819421052,missense|LC,5139561727,5,139561727,
SPRYD4,ENSG00000176422,0.0247369259897617,0.0874778036986629,0.018582572605977,-0.00112298938300423,missense|LC,12056468493,12,56468493,
FSTL3,ENSG00000070404,0.0247404545574995,0.252667215147131,0.0149903306431407,-0.000472046054190449,missense|LC,19000676407,19,676407,
AC012213.5,ENSG00000285982,0.0247683257592952,0.0195869588402002,0.0366020912127193,-0.00247012136818845,missense|LC,8103400321,8,103400321,
PC,ENSG00000173599,0.0247866025976978,0.591936487703941,0.0126948663946878,0.000223148643394062,missense|LC,11066843550,11,66843550,
KIFC2,ENSG00000167702,0.0248163369656728,0.0308717788581535,0.018216814764945,-0.000530870424314509,missense|LC,8144463733,8,144463733,
GTF3A,ENSG00000122034,0.0248200216782084,0.0162407222494128,0.0427764334449767,-0.00111124825255319,missense|LC,13027424670,13,27424670,
POPDC3,ENSG00000132429,0.024843834431297,0.0760863949748916,0.0154199132200156,0.0015566530361004,missense|LC,6105158399,6,105158399,
TEX50,ENSG00000232113,0.0248508929484585,0.075315232290859,0.013892584050978,-0.00266773487077958,missense|LC,1173635472,1,173635472,
UBE2Q2,ENSG00000140367,0.024863857427132,0.115774136590428,0.0135965420421102,0.00100428354160293,missense|LC,15075843586,15,75843586,
JADE1,ENSG00000077684,0.0249082073627934,0.0148219030505075,0.0593434690774506,0.00151857388313974,missense|LC,4128827804,4,128827804,
AMIGO3,ENSG00000176020,0.0249089621816487,0.0135904179887261,0.331277483933235,-0.00141439930570936,missense|LC,3049712397,3,49712397,
MTMR9,ENSG00000104643,0.0249878700389521,0.636837873407165,0.0148403230035831,-0.000180272867768894,missense|LC,8011284799,8,11284799,
AC009879.3,ENSG00000285791,0.024998749707025,0.348985218174278,0.0132374133904554,0.00109041741984259,missense|LC,8066428998,8,66428998,
H4C6,ENSG00000274618,0.0250003511731339,0.293546999448785,0.01509930745997,-0.00119636601900414,missense|LC,6026240355,6,26240355,
BDH2,ENSG00000164039,0.0250093340358072,0.0607126930815026,0.0194295675477606,-0.000935652395910102,missense|LC,4103079631,4,103079631,
ARID5B,ENSG00000150347,0.0250472370082058,0.0927048318976611,0.0180057638612239,0.00173467011699939,missense|LC,10061901628,10,61901628,
SH2B1,ENSG00000178188,0.0250989971181048,0.511517520953128,0.0134228134766973,-0.000332353184660915,missense|LC,16028842870,16,28842870,
QRICH2,ENSG00000129646,0.0251598973839604,0.0260881003566166,0.0234098164836432,-0.000489043525545415,missense|LC,17076270108,17,76270108,
CD84,ENSG00000066294,0.0251613025772125,0.0143620339432071,0.169702069019107,-0.00153392561778259,missense|LC,1160548248,1,160548248,
FNBP4,ENSG00000109920,0.0252124125490746,0.0134978799573597,0.0813675598770282,-0.000869226454753448,missense|LC,11047714234,11,47714234,
AC090227.2,ENSG00000266997,0.0252179164508451,0.341414403150881,0.0127048067975699,0.00139681926588088,missense|LC,18049791383,18,49791383,
NLRX1,ENSG00000160703,0.0252363432346536,0.484048983426474,0.0133548725512485,0.000188736823838619,missense|LC,11119171313,11,119171313,
BCL2L2,ENSG00000129473,0.0252418502493378,0.0139040979300118,0.318189935089444,0.00417467018063058,missense|LC,14023301835,14,23301835,
BTBD9,ENSG00000183826,0.0252441000715576,0.549537975280821,0.0136456278959353,-0.000487889725401959,missense|LC,6038174882,6,38174882,
TECTB,ENSG00000119913,0.02525356941867,0.950780607933453,0.0144134771724762,0.0000103461050397512,missense|LC,10112283667,10,112283667,
PAPOLB,ENSG00000218823,0.0252645408719143,0.223153950285169,0.0149708698607428,0.000625829509091422,missense|LC,7004859862,7,4859862,
C1orf189,ENSG00000163263,0.0252856995601751,0.161839247514126,0.0140918265756568,-0.00257616026643389,missense|LC,1154199394,1,154199394,
CLCC1,ENSG00000121940,0.0253267172039381,0.376912901578335,0.0135043389654542,0.000430657107995905,missense|LC,1108929633,1,108929633,
TGFBR3,ENSG00000069702,0.0253335584119576,0.0694419986269244,0.0143883997333134,-0.000649898303719292,missense|LC,1091683678,1,91683678,
DOCK11,ENSG00000147251,0.0253591401398766,0.0129811671708958,0.378740397755789,0.000566794337499825,missense|LC,23118495925,X,118495925,
OR2L2,ENSG00000203663,0.0253624014542998,0.0131573306038724,0.091087660530861,-0.00104994490262636,missense|LC,1248038230,1,248038230,
SLC35E2A,ENSG00000215790,0.0253798304413173,0.0182718011016625,0.144763881712184,0.00111685868042021,missense|LC,1001722650,1,1722650,
CHAMP1,ENSG00000198824,0.0253889420267895,0.487020502445353,0.0138314572222467,-0.000317666620979477,missense|LC,13114323733,13,114323733,
NUDT16L1,ENSG00000168101,0.0253951323690775,0.0171394493895355,0.0244341328991786,0.000955437585954479,missense|LC,16004688696,16,4688696,
TRPM2,ENSG00000142185,0.0254284816602006,0.0180326537689193,0.0485844611989548,-0.000515413976002636,missense|LC,21044353690,21,44353690,
FAAP100,ENSG00000185504,0.0254372954572183,0.738020626894562,0.0130943759651578,-0.0000835177124562096,missense|LC,17081534986,17,81534986,
FAM47C,ENSG00000198173,0.0254405896410197,0.0132640077103127,0.721679576042381,-0.000689053636194429,missense|LC,23037008332,X,37008332,
SPINK13,ENSG00000214510,0.0254516633307063,0.0134735753722146,0.0993849430729621,-0.00334131046522972,missense|LC,5148270003,5,148270003,
MTRNR2L5,ENSG00000249860,0.0254577657924907,0.0642065712533204,0.0180810211513289,0.00237357867131422,missense|LC,10055599860,10,55599860,
NEK7,ENSG00000151414,0.0254628158940313,0.0249451134205455,0.0223601279875847,0.00121045534655314,missense|LC,1198197931,1,198197931,
ARSI,ENSG00000183876,0.0254777436160721,0.0201090636680994,0.0454924104667684,-0.00112262547873499,missense|LC,5150297122,5,150297122,
G6PD,ENSG00000160211,0.0254800775068946,0.491426251091811,0.0142454787048236,0.000364445570552656,missense|LC,23154531875,X,154531875,
USP9X,ENSG00000124486,0.0255104641301774,0.17196478749175,0.0125201218313484,0.000806700448453931,missense|LC,23041123610,X,41123610,
UVRAG,ENSG00000198382,0.0255202875565081,0.0145153101396207,0.0809909540218675,0.00118168430436079,missense|LC,11075815365,11,75815365,
FOXD3,ENSG00000187140,0.0255280227586405,0.729493300059601,0.0145422847978832,-0.000139817007812015,missense|LC,1063320932,1,63320932,
VPS28,ENSG00000160948,0.0255551395550518,0.0155612841209724,0.0505907182432714,0.00241131592393752,missense|LC,8144423697,8,144423697,
OBI1,ENSG00000152193,0.0255719279889485,0.0136433204890737,0.101066223573182,0.00116577126529288,missense|LC,13078615527,13,78615527,
NAA60,ENSG00000122390,0.0255863331350176,0.0139587978930542,0.584030617896188,-0.00171102193504041,missense|LC,16003440693,16,3440693,
TTYH2,ENSG00000141540,0.025624475116366,0.974693683573492,0.0131544558714667,-0.00000196547260312639,missense|LC,17074209105,17,74209105,
OCEL1,ENSG00000099330,0.0256270549499865,0.0460166709292247,0.0169271130765,0.00103269266590792,missense|LC,19017226182,19,17226182,
AL031708.1,ENSG00000261732,0.0256278482092301,0.688596525571577,0.0133435638049324,0.000820026896752847,missense|LC,16001632120,16,1632120,
GK3P,ENSG00000229894,0.025647060800386,0.0167306579665073,0.0404022730544954,0.00106478164738075,missense|LC,4165278013,4,165278013,
DAAM1,ENSG00000100592,0.0256491784856053,0.0135584862564599,0.444219528674622,0.00131168679102241,missense|LC,14059263453,14,59263453,
UBE2T,ENSG00000077152,0.0256680666749134,0.0695913488858332,0.0146751366905928,-0.00186226111551108,missense|LC,1202331730,1,202331730,
AP1S1,ENSG00000106367,0.0256777136297299,0.0148147504534055,0.0866787130560583,0.00398801243681566,missense|LC,7101154359,7,101154359,
ZDHHC4,ENSG00000136247,0.0256788443835559,0.113275907901765,0.0179121043151167,-0.000712355312424406,missense|LC,7006580502,7,6580502,
LRRC14,ENSG00000160959,0.0256864785265147,0.937975174897109,0.012987464972595,-0.0000393519327440729,missense|LC,8144512992,8,144512992,
PRSS55,ENSG00000184647,0.0256986985611674,0.308438718659408,0.0138895330609291,0.000343069484793265,missense|LC,8010525489,8,10525489,
CHEK2,ENSG00000183765,0.0257006115782571,0.227620283922723,0.0132114453277774,0.000631408465067587,missense|LC,22028687869,22,28687869,
ABI3,ENSG00000108798,0.0257016276468484,0.173190683420461,0.015702583230406,-0.000665885758221968,missense|LC,17049206684,17,49206684,
ROR1,ENSG00000185483,0.0257748467557609,0.0201062313460855,0.0265857193372536,0.00427394128639205,missense|LC,1063774363,1,63774363,
MALSU1,ENSG00000156928,0.0257971007266591,0.648196404626244,0.0137339261540651,0.000274176768407832,missense|LC,7023299223,7,23299223,
ZNF165,ENSG00000197279,0.0258022203847342,0.16943852079358,0.0143984000661248,0.000881108720104371,missense|LC,6028085408,6,28085408,
NEO1,ENSG00000067141,0.0258055380447821,0.0235412998596503,0.0326228443360185,-0.000826287774897836,missense|LC,15073052601,15,73052601,
TMEM35B,ENSG00000243749,0.0258085491102023,0.0202382671622123,0.173722236382908,-0.00181246258104359,missense|LC,1034981837,1,34981837,
FBRS,ENSG00000156860,0.025820922734359,0.320813342657759,0.0141312302536659,-0.00031288876951084,missense|LC,16030653432,16,30653432,
FSIP1,ENSG00000150667,0.0258522953804066,0.346130809811048,0.0137689202453137,0.000493844431257399,missense|LC,15039595315,15,39595315,
RAPGEF3,ENSG00000079337,0.0258576385554998,0.0151331563443923,0.075699742102822,0.000909134334560811,missense|LC,12047737504,12,47737504,
RCHY1,ENSG00000163743,0.0258587431973074,0.130046826644685,0.0132388505862246,-0.00224172451344379,missense|LC,4075482454,4,75482454,
PARD6G,ENSG00000178184,0.0259083767810196,0.496520570318972,0.0130256016778563,0.000530854443775861,missense|LC,18080159607,18,80159607,
APPL1,ENSG00000157500,0.0259146925274065,0.0137742600508807,0.70072794919468,-0.00133666776199543,missense|LC,3057227798,3,57227798,
CPSF7,ENSG00000149532,0.0259354676632786,0.662850436125406,0.0130519016331206,-0.000441078061718918,missense|LC,11061397701,11,61397701,
AGBL1,ENSG00000273540,0.0259356822079728,0.0363762959342319,0.0203023797264995,-0.000614687282051439,missense|LC,15086079978,15,86079978,
CXCL8,ENSG00000169429,0.0259387625929537,0.192213000696953,0.0139523880262949,0.00226755704073643,missense|LC,4073740598,4,73740598,
TGFB2,ENSG00000092969,0.025964569546948,0.015354350745216,0.047548260678172,-0.00103199142105271,missense|LC,1218346634,1,218346634,
NMNAT2,ENSG00000157064,0.0259755669899134,0.210836583571833,0.014481760941615,-0.00158614830440401,missense|LC,1183243241,1,183243241,
ZNF385B,ENSG00000144331,0.0259955682065141,0.123160453822595,0.0147959157780402,-0.00064050467082352,missense|LC,2179443161,2,179443161,
STARD3NL,ENSG00000010270,0.0260205507808898,0.117917894943804,0.0135880856925878,0.00274070665238218,missense|LC,7038207442,7,38207442,
RAD51AP1,ENSG00000111247,0.0260245278941884,0.0148353331363444,0.054805639838915,-0.00095535814699314,missense|LC,12004534066,12,4534066,
EEF1AKNMT,ENSG00000010165,0.0260941702172608,0.0348568843059927,0.0284141285414095,0.00127133239846105,missense|LC,1171781694,1,171781694,
TTYH3,ENSG00000136295,0.0261192071611099,0.0138354021917489,0.226711935508186,0.00112327065131397,missense|LC,7002632044,7,2632044,
THRSP,ENSG00000151365,0.0261225006243763,0.0217206109809072,0.0241637217971726,0.00164887719446134,missense|LC,11078063796,11,78063796,
NTRK2,ENSG00000148053,0.026128904564629,0.923113924157453,0.0139111641870243,-0.0000434168001044038,missense|LC,9084670677,9,84670677,
PROB1,ENSG00000228672,0.0262096868089992,0.0135359691304258,0.638037110735447,-0.000712078080840992,missense|LC,5139387640,5,139387640,
PAQR8,ENSG00000170915,0.0262922356110095,0.0152314927299759,0.229537167786734,0.00205765020061412,missense|LC,6052403142,6,52403142,
MMP24,ENSG00000125966,0.0263171247350742,0.806524384893907,0.014586498156713,-0.000108819946593165,missense|LC,20035226768,20,35226768,
ADAP1,ENSG00000105963,0.0263209765827231,0.0138904809925608,0.0923714579453234,-0.00139370296509421,missense|LC,7000893705,7,893705,
LCA5,ENSG00000135338,0.0263363172963951,0.0135702512084117,0.471261702075673,0.00170539471312374,missense|LC,6079486951,6,79486951,
USP21,ENSG00000143258,0.0263467710283551,0.0162829976406823,0.201753592009961,-0.00124418998403759,missense|LC,1161156892,1,161156892,
COL18A1,ENSG00000182871,0.0263817562702314,0.442908080599415,0.0135706745591395,0.000107769311007943,missense|LC,21045455532,21,45455532,
GLI3,ENSG00000106571,0.0263849428689279,0.0406285500316084,0.0191490963694715,0.000597488249755785,missense|LC,7041964275,7,41964275,
OR52H1,ENSG00000181616,0.0263863171139306,0.358425202409616,0.0146263195723076,0.000391749791128189,missense|LC,11005544490,11,5544490,
XPO5,ENSG00000124571,0.0263943686597544,0.736900924384032,0.0140757279797714,-0.000172567623026986,missense|LC,6043517334,6,43517334,
CLCN1,ENSG00000188037,0.0264282431393702,0.0150811598538669,0.060814455726677,-0.000696380513593384,missense|LC,7143316160,7,143316160,
ACAT1,ENSG00000075239,0.0265105165412717,0.0137863524789547,0.236001801864276,-0.00187156097629301,missense|LC,11108121521,11,108121521,
KCNQ1,ENSG00000053918,0.0265522196951145,0.0162565646127232,0.091822466585019,0.00135524299587936,missense|LC,11002445006,11,2445006,
NUS1,ENSG00000153989,0.0265713181261725,0.0154214382191022,0.0917305050441064,0.00159717665696537,missense|LC,6117675582,6,117675582,
COX6A1,ENSG00000111775,0.0265775240474565,0.0173602287177541,0.0407727328682177,0.00277367686088911,missense|LC,12120438056,12,120438056,
ESCO1,ENSG00000141446,0.0265798053366412,0.0528668145952969,0.0166972139119969,0.000835652534933977,missense|LC,18021530256,18,21530256,
PEX12,ENSG00000108733,0.0266433169051414,0.65420380308969,0.0148434413931213,0.000191607069124706,missense|LC,17035575717,17,35575717,
TRIML1,ENSG00000184108,0.0266686680147475,0.0139070245999703,0.385727830551182,0.00172284082445124,missense|LC,4188139475,4,188139475,
ENDOV,ENSG00000173818,0.0267637069817247,0.281989561624124,0.0153699990953826,0.000639977405073777,missense|LC,17080415089,17,80415089,
PRPH,ENSG00000135406,0.0268038570840536,0.0150150343732326,0.10884448502647,-0.000886898418258464,missense|LC,12049295098,12,49295098,
BOP1,ENSG00000261236,0.0268333466083828,0.688736014161896,0.0142952856947917,0.000113535695987443,missense|LC,8144262037,8,144262037,
GPR87,ENSG00000138271,0.0268612557937444,0.245923077543507,0.0176126337407603,0.00060794829776984,missense|LC,3151294153,3,151294153,
HMBS,ENSG00000256269,0.0268775696442525,0.617079597892103,0.0149765536093591,0.000323073238755063,missense|LC,11119081023,11,119081023,
SMDT1,ENSG00000183172,0.0268829115551562,0.0172144731458107,0.137772542588838,-0.00228359460826779,missense|LC,22042077195,22,42077195,
STK40,ENSG00000196182,0.0268831721117407,0.0297871947394603,0.0246107029945255,-0.00162186328933569,missense|LC,1036341647,1,36341647,
KDM3B,ENSG00000120733,0.0268947483330433,0.0155023857026324,0.253628027625132,0.00094998492448392,missense|LC,5138352703,5,138352703,
CASP10,ENSG00000003400,0.0269312324114467,0.0159320531083827,0.095007802953901,0.00123982302405703,missense|LC,2201185742,2,201185742,
PRKD1,ENSG00000184304,0.027043384405676,0.131334070987252,0.0146077353866534,-0.000479789119376939,missense|LC,14029577180,14,29577180,
DSCAM,ENSG00000171587,0.0270642043687435,0.0138854688063277,0.279308590731013,0.00106580420005591,missense|LC,21040012963,21,40012963,
RPS12,ENSG00000112306,0.0270773751165267,0.0299049734067793,0.0212690162902462,-0.00254742000286337,missense|LC,6132814686,6,132814686,
STAT1,ENSG00000115415,0.02713328145491,0.230145639943245,0.0207912915692444,0.000794621631443809,missense|LC,2190970614,2,190970614,
NUDCD2,ENSG00000170584,0.0271832512039084,0.939908244462518,0.0152693819875217,0.0000867005605450783,missense|LC,5163441869,5,163441869,
STARD8,ENSG00000130052,0.027205334652425,0.0196130378991275,0.0479887019574647,0.00071467127133566,missense|LC,23068647785,X,68647785,
TNFRSF10B,ENSG00000120889,0.0272123886248606,0.841067284225213,0.0138794825801148,-0.000145467649985927,missense|LC,8023015602,8,23015602,
COL8A1,ENSG00000144810,0.0272136913823662,0.771050937474087,0.014042721295786,0.000180977483878169,missense|LC,3099790618,3,99790618,
FAM200A,ENSG00000221909,0.0272529660477971,0.120169361854137,0.0144409137325429,0.00115667155024649,missense|LC,7099546579,7,99546579,
MRM2,ENSG00000122687,0.0272678856642264,0.893956786161468,0.014052454472959,-0.000110439418717387,missense|LC,7002229891,7,2229891,
PLPP1,ENSG00000067113,0.0273578295999122,0.168940384469702,0.0142704840786506,-0.0010489950525406,missense|LC,5055422823,5,55422823,
SIRPB2,ENSG00000196209,0.0273824611857372,0.305152511043334,0.0146549380528631,-0.000762646966585289,missense|LC,20001476072,20,1476072,
GPR50,ENSG00000102195,0.0273925932519639,0.0219915827528654,0.0456605351398196,0.00106992346535555,missense|LC,23151176697,X,151176697,
KIRREL2,ENSG00000126259,0.0274092369149649,0.0724702546327487,0.0151519011750826,-0.000831209644634475,missense|LC,19035857046,19,35857046,
TMEM120B,ENSG00000188735,0.0274261334808581,0.689854932476616,0.019593067716656,-0.000206192725937369,missense|LC,12121712815,12,121712815,
FMOD,ENSG00000122176,0.0274696998270807,0.0219575757806431,0.0399584038174357,0.00125753385277575,missense|LC,1203342233,1,203342233,
ALPG,ENSG00000163286,0.0274781007126258,0.0155315586348318,0.140334701676228,0.000974910442319201,missense|LC,2232406785,2,232406785,
PAPLN,ENSG00000100767,0.0275103181457135,0.662740040513888,0.0138090313959325,-0.0000909194454811183,missense|LC,14073239593,14,73239593,
LZTS3,ENSG00000088899,0.0276013662977663,0.0154031684035798,0.177025129763636,0.00110285015680962,missense|LC,20003164353,20,3164353,
SLC66A1,ENSG00000040487,0.0276050525010632,0.0210980202406208,0.0462759499395847,-0.00216159482962217,missense|LC,1019307327,1,19307327,
ZNF599,ENSG00000153896,0.0278200652972851,0.0342450383887211,0.0214099407195123,-0.000771854668399804,missense|LC,19034758945,19,34758945,
SOD1,ENSG00000142168,0.0278253977187359,0.0312116856051706,0.0205206454977296,0.00277402034335625,missense|LC,21031659689,21,31659689,
FOXM1,ENSG00000111206,0.0278871207880642,0.0160801144553879,0.0999715052659651,0.00125312613245182,missense|LC,12002854801,12,2854801,
UGT2B4,ENSG00000156096,0.0279395019004897,0.0249482618873742,0.024968433107696,-0.000948820118887437,missense|LC,4069480491,4,69480491,
PCDHGA8,ENSG00000253767,0.0279911843513325,0.200126624517292,0.0204934212458112,0.000229905010812386,missense|LC,5141387815,5,141387815,
SLC10A6,ENSG00000145283,0.0280225785872988,0.777105338583343,0.0151530020648973,-0.000181602768845549,missense|LC,4086823629,4,86823629,
TUB,ENSG00000166402,0.0280408851988109,0.0155531041875381,0.203119899466361,0.000781490530276493,missense|LC,11008038641,11,8038641,
OTP,ENSG00000171540,0.0280495741128065,0.796261443504499,0.0165159567726479,0.00010863350879442,missense|LC,5077630197,5,77630197,
PKD1,ENSG00000008710,0.0280569551470358,0.0351396241085791,0.0340403386928287,0.000226731766706293,missense|LC,16002083710,16,2083710,
TFAP2E,ENSG00000116819,0.0281270258568386,0.0164594127855581,0.0660325007269298,0.00115122197634584,missense|LC,1035573439,1,35573439,
MED11,ENSG00000161920,0.0282312542769059,0.19036085473769,0.0149890472149572,0.0022968345000364,missense|LC,17004731413,17,4731413,
PCBP2,ENSG00000197111,0.0282975618546519,0.142439386381809,0.015364815260778,0.00397571541448525,missense|LC,12053454742,12,53454742,
IDNK,ENSG00000148057,0.0283071727395928,0.0157300759555924,0.187168269126305,-0.002898954540143,missense|LC,9083623097,9,83623097,
ATAD3C,ENSG00000215915,0.0283155679961853,0.114563750368981,0.0143707199837071,-0.000343773240820115,missense|LC,1001450570,1,1450570,
AP000721.1,ENSG00000256100,0.028353148082754,0.0155253316115072,0.150845632681833,0.00348761813076424,missense|LC,11063974603,11,63974603,
COL6A5,ENSG00000172752,0.0283607129937923,0.0182957735305266,0.0639795498271577,-0.000415581853188841,missense|LC,3130373613,3,130373613,
KDM1A,ENSG00000004487,0.0284551724946766,0.020101330615599,0.0771614197033418,-0.00114009642007725,missense|LC,1023019437,1,23019437,
OR6Q1,ENSG00000279051,0.0284563002137878,0.0923655056065338,0.0153015054814473,-0.00107705390563275,missense|LC,11058030929,11,58030929,
SCO2,ENSG00000284194,0.0285024265851812,0.014489112718901,0.27229213628202,0.00199746770346083,missense|LC,22050518575,22,50518575,
IRAK1BP1,ENSG00000146243,0.0285244226732181,0.131649920214009,0.0166091060917932,0.000974074917142237,missense|LC,6078867491,6,78867491,
RUSF1,ENSG00000140688,0.0285368290644967,0.0796596253228707,0.0175087503384201,-0.00113575683109734,missense|LC,16031484602,16,31484602,
FERMT3,ENSG00000149781,0.0285423823647126,0.179963197708193,0.0160788112926383,-0.000458293174557052,missense|LC,11064202802,11,64202802,
ANKRD2,ENSG00000165887,0.0285519078139347,0.019333024181401,0.0328470709917226,0.000971889908707431,missense|LC,10097567841,10,97567841,
PKHD1,ENSG00000170927,0.0286357489132998,0.0149739628828838,0.118770069835293,-0.000475022338168342,missense|LC,6051619018,6,51619018,
RPL30,ENSG00000156482,0.0286619065422491,0.0402431385687183,0.0243491445516468,-0.00902991710127209,missense|LC,8098041762,8,98041762,
TEX15,ENSG00000133863,0.0287570411989669,0.0237577960624722,0.0409196555129306,0.000456054687329703,missense|LC,8030833249,8,30833249,
HOXB6,ENSG00000108511,0.0287669887415617,0.0148595621707392,0.390209235928435,0.00246331027972202,missense|LC,17048592112,17,48592112,
B3GNTL1,ENSG00000175711,0.0287675426259785,0.976784206783866,0.0150307109511238,-6.45141382005509e-7,missense|LC,17082939308,17,82939308,
PPP1R3G,ENSG00000219607,0.0288325584964072,0.0144500870484561,0.512563733829196,0.00218656263235672,missense|LC,6005085431,6,5085431,
CLDN22,ENSG00000177300,0.0288743319353447,0.016979349626998,0.0830729011067087,-0.00244150239146731,missense|LC,4183315608,4,183315608,
ADCY7,ENSG00000121281,0.0288848701284742,0.0196378519014668,0.0524279275995783,0.000696309543724968,missense|LC,16050288068,16,50288068,
KCTD1,ENSG00000134504,0.0289373998489548,0.019369041738295,0.112195802255519,0.00237615609064292,missense|LC,18026455641,18,26455641,
TRIM56,ENSG00000169871,0.028952980219577,0.111303423988342,0.0149521710390922,0.000534325093444001,missense|LC,7101087239,7,101087239,
ATP5MD,ENSG00000173915,0.028990349654739,0.0256459170525654,0.0251030261560123,-0.0032536864864059,missense|LC,10103385274,10,103385274,
ZNF90,ENSG00000213988,0.0291522494936327,0.0586293282416163,0.0210207004108417,0.000591333776305398,missense|LC,19020078026,19,20078026,
PHKG2,ENSG00000156873,0.0291617021877247,0.0232431728332029,0.0441997833300646,-0.00187127112249739,missense|LC,16030743670,16,30743670,
RNF180,ENSG00000164197,0.0292004484519712,0.150394108101629,0.0158075244210264,0.000846050036542993,missense|LC,5064200750,5,64200750,
CUL1,ENSG00000055130,0.0292332665666009,0.0153765281541294,0.283458820710969,0.00442020223569149,missense|LC,7148730023,7,148730023,
TBCA,ENSG00000171530,0.0292492447214576,0.0164948024597783,0.188640464929918,-0.00307295591494764,missense|LC,5077691360,5,77691360,
MYH15,ENSG00000144821,0.0292659672623586,0.0149910748018987,0.181178141788982,0.000625021795279074,missense|LC,3108375623,3,108375623,
GSS,ENSG00000100983,0.0292898111763268,0.828793238502318,0.0151749215325339,0.00012487604838556,missense|LC,20034925609,20,34925609,
DSC3,ENSG00000134762,0.0293932212412615,0.0500280849430196,0.0205242481306701,0.00307992730986126,missense|LC,18030994104,18,30994104,
SCAP,ENSG00000114650,0.0294978873513428,0.0287829736179209,0.0313784952250731,0.000741412052045485,missense|LC,3047408683,3,47408683,
LRRC10B,ENSG00000204950,0.0297305708873969,0.0165895108702446,0.167720810144598,-0.00130449640107603,missense|LC,11061508888,11,61508888,
ATF7,ENSG00000170653,0.0297437523508536,0.0157205868348123,0.557976128830904,-0.00293831015827459,missense|LC,12053507057,12,53507057,
ARR3,ENSG00000120500,0.0297612454502716,0.510153930803411,0.0170989112133823,-0.000365595474501811,missense|LC,23070269291,X,70269291,
JADE2,ENSG00000043143,0.0297675939430858,0.0360798179562896,0.0208799032159097,-0.00100406366808229,missense|LC,5134525663,5,134525663,
OGDHL,ENSG00000197444,0.0297904202754836,0.569233626189112,0.0156707130957005,0.000172257253299604,missense|LC,10049735117,10,49735117,
MCOLN3,ENSG00000055732,0.0298069306375975,0.692678335103943,0.0154841574271993,0.000328859976713557,missense|LC,1085019045,1,85019045,
ADSL,ENSG00000239900,0.0298126208467765,0.512344014340359,0.0149634777790471,-0.000447595548906514,missense|LC,22040346459,22,40346459,
DNAAF1,ENSG00000154099,0.0298209338698213,0.0278818015945623,0.0332158865654812,0.00081289320062047,missense|LC,16084145288,16,84145288,
ZNF850,ENSG00000267041,0.0298335539912565,0.18988437468135,0.0150899601050638,0.00052237905691965,missense|LC,19036747666,19,36747666,
ZCCHC10,ENSG00000155329,0.0298438254856765,0.0315671753843941,0.0230671021311586,-0.00291126118050284,missense|LC,5132998506,5,132998506,
QPCTL,ENSG00000011478,0.0298533422514379,0.0183975666485987,0.0420051823100387,-0.00093453775686294,missense|LC,19045687671,19,45687671,
AKAP8L,ENSG00000011243,0.0298879351657376,0.0163448817723838,0.0931802884508537,0.00110171008964193,missense|LC,19015376874,19,15376874,
MCM10,ENSG00000065328,0.0298993699375373,0.0183138868072663,0.0472523158868983,-0.00097231414889574,missense|LC,10013156692,10,13156692,
ME1,ENSG00000065833,0.029915955422123,0.0244117791133028,0.0435969203867499,-0.00139656565371549,missense|LC,6083211867,6,83211867,
CDK5RAP2,ENSG00000136861,0.0299235110844651,0.0291963999736073,0.0301501121979452,-0.000594006253024501,missense|LC,9120389186,9,120389186,
COL3A1,ENSG00000168542,0.029941963992076,0.820637304715584,0.0163270096051806,-0.0000719825411985605,missense|LC,2188974439,2,188974439,
PDCD10,ENSG00000114209,0.0299516371809466,0.0217948624470798,0.0326463963854856,0.00258448834803545,missense|LC,3167684313,3,167684313,
POLI,ENSG00000101751,0.029956958964903,0.015953984468165,0.148898387100445,0.000977698844102161,missense|LC,18054269409,18,54269409,
TMPRSS12,ENSG00000186452,0.0299911222318543,0.0176292023824114,0.176057288831525,-0.001266889135994,missense|LC,12050842867,12,50842867,
ALYREF,ENSG00000183684,0.0299973190924393,0.0521127512742073,0.0207104729006081,0.00214580513758885,missense|LC,17081888021,17,81888021,
PSCA,ENSG00000167653,0.0300261966955266,0.116934775930496,0.0174819836422403,-0.0020781026387047,missense|LC,8142680432,8,142680432,
CRELD2,ENSG00000184164,0.0300597822813323,0.125189094684924,0.0226858561536746,-0.000420679863098796,missense|LC,22049913636,22,49913636,
PCDHGA4,ENSG00000262576,0.030095964756167,0.381921764982892,0.0163778261998786,0.000303911299428744,missense|LC,5141350174,5,141350174,
C6,ENSG00000039537,0.0301338544252712,0.862927198441778,0.0158952918558368,0.0000457230007334414,missense|LC,5041142776,5,41142776,
UBL4A,ENSG00000102178,0.030183038346192,0.454518520255324,0.0168606230051461,-0.00142904189783997,missense|LC,23154478718,X,154478718,
GNA15,ENSG00000060558,0.0301856991405746,0.151247044787196,0.0201486693472495,-0.000677500990407468,missense|LC,19003136354,19,3136354,
FBXL15,ENSG00000107872,0.0302136292064383,0.17178766043098,0.0232813711346174,-0.000776443974037294,missense|LC,10102414816,10,102414816,
VWA3B,ENSG00000168658,0.0302170599480773,0.672579726746862,0.016086953848506,0.000118783195908771,missense|LC,2098093013,2,98093013,
PRMT8,ENSG00000111218,0.0302733852435257,0.0926189152127667,0.0170558437918837,-0.00221926107570797,missense|LC,12003491085,12,3491085,
OR2W1,ENSG00000204704,0.0303071858056625,0.0341866811975038,0.0247163627834995,-0.0020920352920964,missense|LC,6029044150,6,29044150,
CNKSR1,ENSG00000142675,0.0303511909142383,0.0465381686942737,0.0255778184488709,0.000834704134914532,missense|LC,1026177442,1,26177442,
IRX2,ENSG00000170561,0.0303741537914188,0.500624423474203,0.0155202004373041,0.000380562052943585,missense|LC,5002747510,5,2747510,
ADAMTS5,ENSG00000154736,0.03039231438805,0.0161709691129689,0.19999917067304,0.00108226315162875,missense|LC,21026923962,21,26923962,
FGL1,ENSG00000104760,0.0304088248649108,0.610077721992768,0.0174567195507864,0.000227051827501038,missense|LC,8017864496,8,17864496,
AC112504.2,ENSG00000285558,0.0304150279807474,0.0225151699968527,0.12022663519903,0.00858104709721083,missense|LC,3141738241,3,141738241,
RRP7A,ENSG00000189306,0.0304159531223807,0.0401221978976387,0.0208475394919294,0.000918099062929982,missense|LC,22042508909,22,42508909,
BEST4,ENSG00000142959,0.0304261331217494,0.222549491687024,0.0172618871780739,0.000576377870915802,missense|LC,1044778589,1,44778589,
PPP1R7,ENSG00000115685,0.0304770620135089,0.0206136228931992,0.0392524624045038,0.00140122532405708,missense|LC,2241149572,2,241149572,
CDS2,ENSG00000101290,0.0305131001969842,0.916169768938583,0.0164654311306884,-0.000109470262400798,missense|LC,20005127003,20,5127003,
SLC25A20,ENSG00000178537,0.0305370429295121,0.0159906503238352,0.279204712092257,-0.00215715461315522,missense|LC,3048857641,3,48857641,
PCOLCE,ENSG00000106333,0.0305858153002609,0.708167482295977,0.0187571717792994,0.000150591169155185,missense|LC,7100599934,7,100599934,
ACAN,ENSG00000157766,0.0305907801055392,0.0869757763128449,0.0185685543017831,-0.000404357527103005,missense|LC,15088836159,15,88836159,
LAMB2,ENSG00000172037,0.0306077230311327,0.0948134406378651,0.0171205027733156,-0.000474526527745062,missense|LC,3049116115,3,49116115,
RPA3,ENSG00000106399,0.0306157065138265,0.0156150985334104,0.186723044392897,0.00463071787422944,missense|LC,7007636968,7,7636968,
CYP1A2,ENSG00000140505,0.030721380023632,0.0294452982880681,0.0315658138176544,0.000957472005745609,missense|LC,15074749676,15,74749676,
MBD3,ENSG00000071655,0.0307340600191763,0.0164871571686472,0.303716930187191,-0.0017070942226997,missense|LC,19001578201,19,1578201,
C3orf22,ENSG00000180697,0.0307354417458822,0.0966764571859704,0.0173776476302978,-0.00276943291901864,missense|LC,3126549584,3,126549584,
ANKRD54,ENSG00000100124,0.030735497291366,0.0167201064387539,0.585439047056201,-0.00219350583257801,missense|LC,22037831854,22,37831854,
SHKBP1,ENSG00000160410,0.0307391991277584,0.469629479727386,0.0156437727062599,0.000346327975828003,missense|LC,19040571905,19,40571905,
CYP39A1,ENSG00000146233,0.0307616104870327,0.770760017856024,0.0162468055851943,0.0000803526572392564,missense|LC,6046550311,6,46550311,
QRFPR,ENSG00000186867,0.0308440218786021,0.0180965251862256,0.252433018631814,-0.00125905922219119,missense|LC,4121329279,4,121329279,
UBAP2,ENSG00000137073,0.0308515519275805,0.966213903231734,0.0155951275525962,-0.0000111611365988765,missense|LC,9033916872,9,33916872,
CDC16,ENSG00000130177,0.0308556172033855,0.642487835416264,0.0155836887894178,0.000413170891549823,missense|LC,13114234996,13,114234996,
SH2D5,ENSG00000189410,0.0308564896261551,0.404715050596073,0.0166790939139436,0.000406786802740517,missense|LC,1020715395,1,20715395,
LBH,ENSG00000213626,0.0308694991169087,0.0175341498891259,0.517190507063965,0.00378274458922245,missense|LC,2030231661,2,30231661,
KDM2B,ENSG00000089094,0.0309020637423798,0.0275454900589734,0.0281605742618802,0.00076518148102499,missense|LC,12121430061,12,121430061,
KSR1,ENSG00000141068,0.0309677652888939,0.100262564080759,0.0174526948694518,0.000722586824783201,missense|LC,17027526348,17,27526348,
SYVN1,ENSG00000162298,0.0309962624436386,0.0179216519707394,0.11199316025329,-0.00172427282480851,missense|LC,11065122280,11,65122280,
RSRP1,ENSG00000117616,0.0310453767931517,0.0184610081261625,0.257180660550286,0.00085842298602636,missense|LC,1025242569,1,25242569,
ZNF324B,ENSG00000249471,0.0310691005312486,0.292786392955379,0.0158545457701744,-0.000698715089628847,missense|LC,19058452629,19,58452629,
SDC4,ENSG00000124145,0.0310764452286156,0.486349939201532,0.0160532744405193,0.00066192509792701,missense|LC,20045327176,20,45327176,
FZD10,ENSG00000111432,0.0311578273689324,0.708218155668011,0.0165301238961866,0.000290046749442626,missense|LC,12130162878,12,130162878,
SLC6A6,ENSG00000131389,0.0312019664501536,0.0395265737332756,0.0191395346893676,-0.000733761116081888,missense|LC,3014443594,3,14443594,
TCIRG1,ENSG00000110719,0.0312350728506143,0.497658162233421,0.0163518823087181,0.000213219845085953,missense|LC,11068036112,11,68036112,
RAB11A,ENSG00000103769,0.0312870767412845,0.0177083246884352,0.110638254759983,0.00852613824431877,missense|LC,15065869361,15,65869361,
SLC27A5,ENSG00000083807,0.0313292806053427,0.0479035763305063,0.0202000156158291,0.000528629391595302,missense|LC,19058498431,19,58498431,
DYNAP,ENSG00000178690,0.0314185173041708,0.0176065980983683,0.222904812603116,0.00216154662888456,missense|LC,18054591159,18,54591159,
ARPC3,ENSG00000111229,0.0314430391388474,0.0271414796720925,0.0259787654986292,-0.00165582722257062,missense|LC,12110429827,12,110429827,
ADORA1,ENSG00000163485,0.0314518915466185,0.0199894350662115,0.101488967242586,-0.00142542956570552,missense|LC,1203128237,1,203128237,
C11orf87,ENSG00000185742,0.0314805380340178,0.0336983224987896,0.0218644956066594,-0.00191191823528673,missense|LC,11109423545,11,109423545,
ATP6V0D1,ENSG00000159720,0.0314839756461012,0.440985399196721,0.016140529065761,-0.00138199930993037,missense|LC,16067435574,16,67435574,
POLR2C,ENSG00000102978,0.03151802980636,0.0160570078489947,0.172726127293058,0.00379457839589489,missense|LC,16057458202,16,57458202,
FBXO46,ENSG00000177051,0.031524442602174,0.018952018562264,0.0582757287010881,0.00163593405409172,missense|LC,19045711629,19,45711629,
LRPAP1,ENSG00000163956,0.0315745290614972,0.459499822350479,0.0180800630797854,-0.000305348911238939,missense|LC,4003500142,4,3500142,
BABAM1,ENSG00000105393,0.0315963866152938,0.016115591660774,0.626956447161772,-0.0020710452730511,missense|LC,19017262441,19,17262441,
C1QB,ENSG00000173369,0.0316250761678324,0.21405756629276,0.0176654041742981,-0.00101421016460289,missense|LC,1022659384,1,22659384,
AHCYL1,ENSG00000168710,0.0316308424143468,0.0414350592142394,0.0224290936174372,-0.00529871273138505,missense|LC,1109984880,1,109984880,
KBTBD11-OT1,ENSG00000283239,0.0316662361419133,0.181954767340396,0.0186489364691085,0.00104521392258291,missense|LC,8001770986,8,1770986,
FAM155A,ENSG00000204442,0.031806508833791,0.0246084717576376,0.0267371681303354,0.000847030168507692,missense|LC,13107170408,13,107170408,
NRL,ENSG00000129535,0.031923336691394,0.0314323148059552,0.0283975816734158,-0.00201355055630481,missense|LC,14024073669,14,24073669,
IL36B,ENSG00000136696,0.0319451818530696,0.0173188883198925,0.566266956425769,-0.00261685419373487,missense|LC,2113022665,2,113022665,
ATG101,ENSG00000123395,0.0319543188086184,0.576058996127339,0.0176474496887536,0.000822753502799868,missense|LC,12052073541,12,52073541,
LVRN,ENSG00000172901,0.0319565883608586,0.0501985035532047,0.0205428644054589,-0.000784964889595424,missense|LC,5115962543,5,115962543,
H1-5,ENSG00000184357,0.0319632433495257,0.142052394207387,0.0179139973064415,-0.000554007826568749,missense|LC,6027865244,6,27865244,
SLC12A9,ENSG00000146828,0.0320002984659224,0.0759272658226973,0.0177644647563212,0.000536122521211837,missense|LC,7100854120,7,100854120,
CLN8,ENSG00000182372,0.0320048836989832,0.172714064409123,0.0182406556069354,0.000995070240561827,missense|LC,8001770986,8,1770986,
CBFA2T2,ENSG00000078699,0.0320797367697605,0.156447261341415,0.0199639229972428,-0.000742044529685069,missense|LC,20033562366,20,33562366,
UPK3B,ENSG00000243566,0.0321668977548237,0.0200799813722856,0.0501947775792595,-0.000738801915111627,missense|LC,7076505428,7,76505428,
CXorf58,ENSG00000165182,0.0322069644265286,0.0229486146064799,0.0707511423573169,-0.000908715177057061,missense|LC,23023907617,X,23907617,
ZNF813,ENSG00000198346,0.0322230193934814,0.818330044338666,0.0181617944772248,0.0000883774043488656,missense|LC,19053479271,19,53479271,
POLRMT,ENSG00000099821,0.0322614910982637,0.0167348777573746,0.171149128590373,0.000550284493970637,missense|LC,19000613124,19,613124,
CTU2,ENSG00000174177,0.0322696719162922,0.0281435830809474,0.0396580942280917,-0.00072559474501295,missense|LC,16088702623,16,88702623,
KIAA0232,ENSG00000170871,0.032313493834639,0.0179857965974719,0.101288471272529,0.000940170844990882,missense|LC,4006824415,4,6824415,
SRR,ENSG00000167720,0.0323241322665135,0.0216187285237249,0.0689848397262544,0.00229220040733144,missense|LC,17002298956,17,2298956,
CD1A,ENSG00000158477,0.032407679518893,0.276534639912528,0.0187977335707669,0.000504174418300159,missense|LC,1158254122,1,158254122,
PWP1,ENSG00000136045,0.0324204720939683,0.819556578179017,0.0181664625425182,-0.0000799985153659492,missense|LC,12107685811,12,107685811,
IGFBP5,ENSG00000115461,0.0324386938757929,0.0191043890195248,0.374906522601371,-0.00198486783879927,missense|LC,2216676707,2,216676707,
ZMYM6,ENSG00000163867,0.0325436048416826,0.0603166455137577,0.0189530254531511,0.000601355102035644,missense|LC,1034981837,1,34981837,
EXPH5,ENSG00000110723,0.0326135989567381,0.0165835002237458,0.50560541531341,-0.000543779454630529,missense|LC,11108509456,11,108509456,
FAM181A,ENSG00000140067,0.03270772119399,0.030383621385875,0.0261615612032103,-0.00108623345273495,missense|LC,14093925204,14,93925204,
GCC1,ENSG00000179562,0.032742728352651,0.543691354263291,0.0173769706561586,0.00030358335555679,missense|LC,7127581965,7,127581965,
ADGRF1,ENSG00000153292,0.032749793077573,0.0203868549791721,0.052283979137713,0.000724156484504909,missense|LC,6047000182,6,47000182,
PRAMEF14,ENSG00000204481,0.0328294774841921,0.0532927706684487,0.0231611471161182,0.000481999755024503,missense|LC,1013342374,1,13342374,
TSPAN2,ENSG00000134198,0.0328444837234048,0.16210190206321,0.0173639862786269,0.00124092361109179,missense|LC,1115050440,1,115050440,
CACNA1E,ENSG00000198216,0.0328780528597361,0.747175588030513,0.0161013791087495,-0.000115038473138903,missense|LC,1181483692,1,181483692,
SIAH1,ENSG00000196470,0.0328929931424784,0.0193664039621009,0.49460962164186,-0.00491761071821471,missense|LC,16048361497,16,48361497,
CLSPN,ENSG00000092853,0.0329106925273795,0.0314707157890953,0.0266120526588735,0.000657882142107251,missense|LC,1035732079,1,35732079,
ZGPAT,ENSG00000197114,0.0329182484149653,0.262990457730216,0.0177642691753548,0.000654776892421426,missense|LC,20063706286,20,63706286,
MEX3C,ENSG00000176624,0.0329758093314032,0.0192831298425322,0.0888626689878946,0.00112252926705219,missense|LC,18051176271,18,51176271,
AKAP12,ENSG00000131016,0.0330631724319801,0.0416851917569708,0.0265807185234297,-0.00041309452207078,missense|LC,6151240440,6,151240440,
C17orf113,ENSG00000267221,0.0330990898452415,0.0165398062924984,0.568222392439533,0.00137612295870118,missense|LC,17042034178,17,42034178,
UBAP1,ENSG00000165006,0.0331496419483077,0.268120895440726,0.0185560852047191,-0.000719745485298391,missense|LC,9034178965,9,34178965,
RNF112,ENSG00000128482,0.0331510228773269,0.0608387787237085,0.0237514822182665,-0.00117310086438477,missense|LC,17019411329,17,19411329,
PISD,ENSG00000241878,0.0331731609074227,0.0780738274049246,0.0179527939444295,-0.000851820427822563,missense|LC,22031614698,22,31614698,
CNGA4,ENSG00000132259,0.0332193544820645,0.0647473333755813,0.0259750130620807,0.000502098207586123,missense|LC,11006235392,11,6235392,
PPM1H,ENSG00000111110,0.0332492435343905,0.0387626986898866,0.0310756476389705,-0.0012729419226492,missense|LC,12062648385,12,62648385,
ACTR1B,ENSG00000115073,0.0332576897976188,0.545215607754407,0.0205201042147412,-0.000308739675498571,missense|LC,2097656790,2,97656790,
TAS1R3,ENSG00000169962,0.0332584398211845,0.0545756773416857,0.0258832232887873,-0.000562871245460918,missense|LC,1001326799,1,1326799,
CCT4,ENSG00000115484,0.0332886336471044,0.0230247144939891,0.0569154197489008,0.00169332756006796,missense|LC,2061868648,2,61868648,
TNFSF18,ENSG00000120337,0.0333020526240818,0.347495952066241,0.0195074136460012,0.00066415450143205,missense|LC,1173041309,1,173041309,
CHAT,ENSG00000070748,0.0333062203554917,0.127247268952509,0.0181614338910093,-0.000509727381703181,missense|LC,10049614042,10,49614042,
C9orf85,ENSG00000155621,0.0333121883375688,0.0269135446775282,0.0564630970232907,0.00139708689647863,missense|LC,9071911676,9,71911676,
CRLS1,ENSG00000088766,0.0333971963977738,0.263941859788555,0.0196631187418709,-0.000802497490747974,missense|LC,20006006194,20,6006194,
ELAC1,ENSG00000141642,0.0334375864574804,0.0775506593212365,0.0218471098822373,-0.000938158221849152,missense|LC,18050974309,18,50974309,
FAM3D,ENSG00000198643,0.0334544870090351,0.370569088029237,0.0233979155951256,-0.000429961883003354,missense|LC,3058634211,3,58634211,
PGK1,ENSG00000102144,0.0334653748734343,0.0221980614248538,0.046142469409046,0.00152625067118766,missense|LC,23078104313,X,78104313,
CCDC74B,ENSG00000152076,0.0334828740755571,0.252249678383244,0.0184050850419746,0.000370767881789273,missense|LC,2130139442,2,130139442,
KIF5B,ENSG00000170759,0.0334918961205449,0.189751476611989,0.0218004909781678,-0.000691086613785132,missense|LC,10032015455,10,32015455,
PCNT,ENSG00000160299,0.033517256987762,0.0372827220233038,0.0396857365776646,-0.00031231121295075,missense|LC,21046322364,21,46322364,
NDUFAF3,ENSG00000178057,0.0335238866036528,0.501580706141631,0.0185860553936585,0.00066357854693071,missense|LC,3049017123,3,49017123,
ELANE,ENSG00000197561,0.0335483420692525,0.047246631955609,0.0236671277290923,-0.000960165459134971,missense|LC,19000846084,19,846084,
ASNS,ENSG00000070669,0.0335697062798925,0.0278603987075896,0.031129091919797,-0.00134628404030623,missense|LC,7097852168,7,97852168,
CHST15,ENSG00000182022,0.0336017037601106,0.86148880726908,0.0175746309607852,-0.000132976148514871,missense|LC,10124006495,10,124006495,
MACF1,ENSG00000127603,0.033617982476839,0.900030945615541,0.0174675347961886,0.0000197664066219817,missense|LC,1039084163,1,39084163,
PKN1,ENSG00000123143,0.0336215949025378,0.0173284988805334,0.373239520352565,-0.00128198836561877,missense|LC,19014440262,19,14440262,
SPRYD7,ENSG00000123178,0.0336600312762937,0.133049155275552,0.0183516812721777,-0.00303173432048274,missense|LC,13049915053,13,49915053,
DMWD,ENSG00000185800,0.0336616027018491,0.234008793238142,0.017884422877151,0.000819949329265778,missense|LC,19045777948,19,45777948,
MAP4K5,ENSG00000012983,0.0336947711409135,0.209994420858166,0.01885112587168,-0.000429843254972843,missense|LC,14050419984,14,50419984,
SLX1B,ENSG00000181625,0.0336973411563226,,,,missense|LC,16029457731,16,29457731,
ZNF684,ENSG00000117010,0.033701289855091,0.0199392601671333,0.185961502552741,-0.000983741875393626,missense|LC,1040533084,1,40533084,
KLK1,ENSG00000167748,0.033743963782059,0.0214632463923305,0.194215206853139,-0.00123403786872175,missense|LC,19050819115,19,50819115,
COX6B1,ENSG00000126267,0.0337770111937473,0.112330192633524,0.0203526685251862,-0.00237630112607153,missense|LC,19035643644,19,35643644,
FOLR2,ENSG00000165457,0.0337798721342881,0.0175040587906325,0.167576993567682,-0.00245558223663513,missense|LC,11072216817,11,72216817,
AL049650.1,ENSG00000256566,0.0338037913138984,0.0192667580481167,0.559173547833043,0.00734132871164193,missense|LC,20002462581,20,2462581,
SUSD1,ENSG00000106868,0.0338154334972278,0.0185399582783956,0.273489265966825,-0.000792106396973983,missense|LC,9112041788,9,112041788,
CMA1,ENSG00000092009,0.0338275477906123,0.019317966581692,0.0583554811016443,-0.00119402585449092,missense|LC,14024505415,14,24505415,
TUBB2B,ENSG00000137285,0.0338361280832632,0.786862809609055,0.0190681656952614,-0.000748371291341826,missense|LC,6003224620,6,3224620,
PUS1,ENSG00000177192,0.0338378384118341,0.0201132042733556,0.197172700188794,-0.00109655276787433,missense|LC,12131929648,12,131929648,
TSHZ1,ENSG00000179981,0.0338932373598702,0.0191163918940496,0.094993854863396,-0.000623398610659234,missense|LC,18075208237,18,75208237,
SEH1L,ENSG00000085415,0.033921583863513,0.021949267511981,0.0883408891676892,-0.00240378817006666,missense|LC,18012948067,18,12948067,
RAB27A,ENSG00000069974,0.0340050909270633,0.032442096629737,0.0354995985339266,0.00164854411518855,missense|LC,15055205433,15,55205433,
DNAJB13,ENSG00000187726,0.0340060093331177,0.664726712911958,0.0204564334805347,-0.000199273812649906,missense|LC,11073951035,11,73951035,
AC010422.8,ENSG00000285589,0.0340586186848035,0.12059257489693,0.0189574349013101,-0.00155152317516219,missense|LC,19012663219,19,12663219,
ARHGAP11A,ENSG00000198826,0.0340886336243083,0.774127218986997,0.0202389177578977,-0.000111453689914707,missense|LC,15032616084,15,32616084,
ASMTL,ENSG00000169093,0.0340937890370177,0.918447781639885,0.0186995782574804,-0.000026736872228382,missense|LC,23001403210,X,1403210,
ZNF710,ENSG00000140548,0.0341565746881418,0.0339676191271646,0.0248243156712431,-0.00100711336682046,missense|LC,15090045254,15,90045254,
SMIM22,ENSG00000267795,0.0341852132033778,0.101521631076954,0.0196959515725208,0.00185526573990355,missense|LC,16004783428,16,4783428,
HMGCLL1,ENSG00000146151,0.0341978686042458,0.0324770044761701,0.0257547850813542,-0.0012001743263956,missense|LC,6055435644,6,55435644,
CSAG3,ENSG00000268916,0.0341982336082721,0.019480618940692,0.0782452046624036,-0.00207223349287623,missense|LC,23152759437,X,152759437,
SLCO3A1,ENSG00000176463,0.0342245418602747,0.0203602882728329,0.582494373328773,0.00329266913751899,missense|LC,15091853774,15,91853774,
MFSD4B,ENSG00000173214,0.0342442450096456,0.0727468746616553,0.0221559990751764,0.000747233953982472,missense|LC,6111259596,6,111259596,
ADGRF5,ENSG00000069122,0.0342857265276347,0.0630210588777387,0.0238153323175302,0.000600143189023932,missense|LC,6046853960,6,46853960,
MYRIP,ENSG00000170011,0.034297861762829,0.046414164303234,0.0229221655137929,-0.00461685294966944,missense|LC,3039900799,3,39900799,
SRC,ENSG00000197122,0.0343565227972271,0.0181768131627112,0.768168041352094,-0.0032050524209733,missense|LC,20037384025,20,37384025,
AAMP,ENSG00000127837,0.0344069998912579,0.380855970482489,0.0184525825335868,0.000666536623794868,missense|LC,2218262624,2,218262624,
CD74,ENSG00000019582,0.0344451197467256,0.0189851940161908,0.110967039696336,0.00145272573170932,missense|LC,5150396200,5,150396200,
LRP6,ENSG00000070018,0.0344458123771754,0.0170872976734743,0.520873212111903,0.000955963304221699,missense|LC,12012111105,12,12111105,
ZRANB1,ENSG00000019995,0.0344626449926412,0.0189763896674202,0.426842173263507,-0.00164123206639097,missense|LC,10124940437,10,124940437,
MKLN1,ENSG00000128585,0.0344909738975906,0.310009790589506,0.0170000693971717,0.0011262837700635,missense|LC,7131327731,7,131327731,
MCFD2,ENSG00000180398,0.0345519112588959,0.0272602865427231,0.0426210046955192,0.00285169996390727,missense|LC,2046905375,2,46905375,
SLC22A12,ENSG00000197891,0.0345848436813503,0.23407004625675,0.0177825742309181,-0.000590510730155227,missense|LC,11064591443,11,64591443,
CC2D1A,ENSG00000132024,0.0345954942467257,0.190129364246922,0.018157026042702,0.000319932201034582,missense|LC,19013904784,19,13904784,
ATF7IP,ENSG00000171681,0.0346823155339315,0.0269828706036415,0.0402264366847551,0.000639969188006094,missense|LC,12014385327,12,14385327,
ALG10B,ENSG00000175548,0.0346983870407307,0.696158835260567,0.0191628541022668,-0.000160276742739166,missense|LC,12038316757,12,38316757,
BIN3,ENSG00000147439,0.0347031864205936,0.0210847301983307,0.234718439525062,0.00140324284639324,missense|LC,8022615418,8,22615418,
CLCA1,ENSG00000016490,0.0347185576966812,0.719908732074481,0.0177452565965134,-0.000182165963837157,missense|LC,1086468918,1,86468918,
TREM2,ENSG00000095970,0.0347483220231339,0.0203999985568393,0.273106326124894,-0.000817252472402,missense|LC,6041153667,6,41153667,
CNTF,ENSG00000242689,0.0347662357715325,0.355292014260704,0.0185229811483304,-0.000574617853451449,missense|LC,11058617666,11,58617666,
TWNK,ENSG00000107815,0.0347790392856812,0.0179041493094638,0.274808487646146,0.0014238533770786,missense|LC,10100983202,10,100983202,
EOLA2,ENSG00000197021,0.0347857770499106,0.0223707256216978,0.109160698871946,0.000813307848388438,missense|LC,23149929864,X,149929864,
CCDC28A,ENSG00000024862,0.0348133043213291,0.710658520441546,0.0206923070325015,-0.00025151330248389,missense|LC,6138773398,6,138773398,
SLCO2A1,ENSG00000174640,0.0348230729696086,0.0338520376532863,0.0322136158972606,-0.000909672723717727,missense|LC,3133928164,3,133928164,
GNAT1,ENSG00000114349,0.0348425516610242,0.0768137411347836,0.0215120872295993,-0.00162384623773445,missense|LC,3050186613,3,50186613,
NHLH2,ENSG00000177551,0.0348506537831091,0.0189498244747908,0.460528608030134,-0.00397919351715837,missense|LC,1115837870,1,115837870,
ZFP62,ENSG00000196670,0.0348722707508554,0.0197296715973199,0.115136534832658,-0.00113273609696037,missense|LC,5180847611,5,180847611,
KRTAP19-7,ENSG00000244362,0.0348832462466667,0.0249547782053854,0.10160301159513,0.00242043319841821,missense|LC,21030561026,21,30561026,
PDF,ENSG00000258429,0.0348964948842122,0.413308017097869,0.0176278995345052,-0.000663378320907662,missense|LC,16069322455,16,69322455,
MAP3K4,ENSG00000085511,0.0349135295803572,0.873081273026124,0.0205883469114578,0.000205240116771337,missense|LC,6160991815,6,160991815,
MTCH1,ENSG00000137409,0.0349194300084302,0.352441937012196,0.018201718225153,0.000847726470919461,missense|LC,6036963144,6,36963144,
FAM184B,ENSG00000047662,0.0349502883823598,0.27284914166279,0.0180932764123345,0.000290821584304038,missense|LC,4017632483,4,17632483,
TFAP2A,ENSG00000137203,0.0350161447395366,0.0176474100695363,0.278149108459532,0.0026374088151538,missense|LC,6010397878,6,10397878,
AWAT2,ENSG00000147160,0.0350489022166226,0.0189028351070049,0.627108513668945,-0.00293283761548717,missense|LC,23070035556,X,70035556,
EPB41,ENSG00000159023,0.0350665140198995,0.446434497588269,0.0185562102829149,0.00101642211737835,missense|LC,1028887161,1,28887161,
PPT2-EGFL8,ENSG00000258388,0.0350776565764533,0.0254825772397632,0.0321916834830394,-0.00196385512486905,missense|LC,6032149233,6,32149233,
TARBP1,ENSG00000059588,0.0351203694239053,0.192206133934177,0.018287288273194,0.000354275759527147,missense|LC,1234391473,1,234391473,
IGF1,ENSG00000017427,0.035162510555544,0.0415542602357239,0.026010198228968,-0.00177327238577879,missense|LC,12102417477,12,102417477,
WNK3,ENSG00000196632,0.0351747091912962,0.0934074207065787,0.0218891058605677,0.000772006642803656,missense|LC,23054198275,X,54198275,
EID2,ENSG00000176396,0.0351818022245416,0.02088835680579,0.455771852784889,-0.00118869012609258,missense|LC,19039539296,19,39539296,
PBDC1,ENSG00000102390,0.0351920779759586,0.0433966179994907,0.0250919573320402,-0.00280624543413705,missense|LC,23076173066,X,76173066,
ADK,ENSG00000156110,0.035221401684444,0.924396526554507,0.0186485582013369,-0.000116699947078525,missense|LC,10074151186,10,74151186,
MED13L,ENSG00000123066,0.0352497900427701,0.637816512745144,0.0194340187211678,0.000179231951970567,missense|LC,12115961170,12,115961170,
TAS2R10,ENSG00000121318,0.0352552218297151,0.168942482884011,0.0182368026886548,-0.00132025738768947,missense|LC,12010825296,12,10825296,
MFSD13A,ENSG00000138111,0.0352618993374338,0.0254495959112079,0.0489454794608344,0.00126836944705241,missense|LC,10102468958,10,102468958,
RRP1,ENSG00000160214,0.0353547464864953,0.0201887401641572,0.0676215573945875,-0.000877152277265099,missense|LC,21043789504,21,43789504,
LZTR1,ENSG00000099949,0.0354407150557478,0.19397690066227,0.0182930431364627,-0.000703133282986984,missense|LC,22020977597,22,20977597,
LIN28A,ENSG00000131914,0.035476076148856,0.915514674162081,0.0190326155042393,-0.0000806597042327226,missense|LC,1026410805,1,26410805,
CBFA2T3,ENSG00000129993,0.0354935391304827,0.0553470006880613,0.0240954654130751,-0.000520165881414952,missense|LC,16088876904,16,88876904,
USP27X,ENSG00000273820,0.0355356245781715,0.601180266381004,0.0186019029507392,0.000654726645799029,missense|LC,23049880259,X,49880259,
ORAI2,ENSG00000160991,0.0355503192973745,0.0185515568321917,0.196991468649829,0.0031111405562974,missense|LC,7102436233,7,102436233,
SLC4A8,ENSG00000050438,0.0355694369484438,0.924263562894931,0.0183315153271181,0.000067340291791767,missense|LC,12051424906,12,51424906,
KERA,ENSG00000139330,0.0355890284343184,0.0271660330734831,0.0597010440955514,-0.00225797455263081,missense|LC,12091051303,12,91051303,
JAM2,ENSG00000154721,0.0355932614115327,0.0184454092478565,0.608927827088647,0.00247190271321864,missense|LC,21025639774,21,25639774,
TMEM121,ENSG00000184986,0.0355955259515557,0.276764131376335,0.0200327740608601,-0.000627269121725289,missense|LC,14105528718,14,105528718,
CCDC43,ENSG00000180329,0.0355987555744787,0.0395094512732639,0.0280925154960268,0.00249314424081988,missense|LC,17044673311,17,44673311,
TEX13B,ENSG00000170925,0.0356127342175323,0.0268445936751609,0.0483107389323032,-0.00107913484598304,missense|LC,23107980985,X,107980985,
TSEN15,ENSG00000198860,0.0356578108041776,0.0202801077042566,0.31312554681454,-0.00306472790578206,missense|LC,1184051623,1,184051623,
KIF6,ENSG00000164627,0.0356599256546923,0.403401698603977,0.0204035315245168,-0.000365762159865433,missense|LC,6039336464,6,39336464,
NUP98,ENSG00000110713,0.0356768982652453,0.28631114437597,0.0178212369143735,0.000353699462351212,missense|LC,11003670021,11,3670021,
ZNF544,ENSG00000198131,0.035690659446968,0.0296025769902608,0.03683478032664,0.000560746520825068,missense|LC,19058243968,19,58243968,
ADGRL2,ENSG00000117114,0.0357840053546787,0.0291426818184878,0.038272034387518,0.000592539234430485,missense|LC,1081427078,1,81427078,
TRMT1,ENSG00000104907,0.0357860018310189,0.467317265628591,0.0197839696628357,-0.000362074696572055,missense|LC,19013100596,19,13100596,
RBM25,ENSG00000119707,0.0358260733446538,0.55553700174782,0.0177485468314172,-0.000742411767623469,missense|LC,14073071598,14,73071598,
HECW2,ENSG00000138411,0.0358361670344037,0.398998562704628,0.0192485676364349,-0.000361893248738884,missense|LC,2196201251,2,196201251,
MAPK15,ENSG00000181085,0.0358736481261315,0.0389388366964183,0.0284482980527861,-0.000712309062231759,missense|LC,8143716288,8,143716288,
TLR7,ENSG00000196664,0.0359071818318448,0.0201657925002213,0.179397759208987,0.000771478366432905,missense|LC,23012867531,X,12867531,
ZNF346,ENSG00000113761,0.0359088151188489,0.0192172863919814,0.243047758494871,0.00243924004295893,missense|LC,5177022634,5,177022634,
ITGA7,ENSG00000135424,0.0359548486035509,0.052799329440851,0.0248758548441872,-0.000642127859194915,missense|LC,12055681598,12,55681598,
INHBE,ENSG00000139269,0.0359777679991687,0.187459475356074,0.0212624524430836,0.000617292152242327,missense|LC,12057455457,12,57455457,
TESK2,ENSG00000070759,0.0360101567073084,0.0205689880119979,0.354170203396647,-0.000986570483500346,missense|LC,1045339772,1,45339772,
KBTBD6,ENSG00000165572,0.0360189946463447,0.0202064430770086,0.0949159044043031,-0.00169300011857683,missense|LC,13041130445,13,41130445,
ASCC2,ENSG00000100325,0.0360397552708768,0.903958546980982,0.0192060884715208,0.0000545217735971425,missense|LC,22029788912,22,29788912,
RIN3,ENSG00000100599,0.036136283391522,0.142422760224856,0.018706578410208,0.000405357335997628,missense|LC,14092513857,14,92513857,
SUPT4H1,ENSG00000213246,0.0361803965324891,0.0320943145711851,0.107752884308374,-0.00141897570178796,missense|LC,17058346197,17,58346197,
DNAH14,ENSG00000185842,0.036203242407605,0.0282565887533921,0.0328010343867869,0.00100140662949473,missense|LC,1224952654,1,224952654,
PNLIPRP1,ENSG00000187021,0.0362158933429462,0.427068652315247,0.0188777009596945,0.00057916951872246,missense|LC,10116591082,10,116591082,
KIF2C,ENSG00000142945,0.0362835587172065,0.777583907520058,0.0222713451381319,-0.000135986947645904,missense|LC,1044739868,1,44739868,
MTR,ENSG00000116984,0.0363227397138629,0.0196255696207072,0.329836247486042,0.000705254458577497,missense|LC,1236795291,1,236795291,
EIF2B3,ENSG00000070785,0.0363359740915211,0.019652734973501,0.103401149965245,0.00143975229104792,missense|LC,1044850862,1,44850862,
METTL8,ENSG00000123600,0.0363425455103619,0.651346175467711,0.0218396354685723,-0.000220380484481861,missense|LC,2171324125,2,171324125,
OTUD6B,ENSG00000155100,0.0363581783540337,0.0206064647188895,0.0982537114573283,-0.00111475966676822,missense|LC,8091070210,8,91070210,
POTEC,ENSG00000183206,0.0363675857498503,0.0218533739104563,0.324393266057656,0.000995980644954731,missense|LC,18014511899,18,14511899,
PLET1,ENSG00000188771,0.0364799013791888,0.0224015202375432,0.773200442917243,-0.00221866370330321,missense|LC,11112248704,11,112248704,
LENEP,ENSG00000163352,0.0364819699139486,0.170886038260448,0.0200025200397466,-0.0018052007997305,missense|LC,1154988591,1,154988591,
RHOF,ENSG00000139725,0.0365099939279695,0.309074351224161,0.0208985551978738,0.000645178632739142,missense|LC,12121773348,12,121773348,
AC004080.3,ENSG00000257184,0.0365370471655336,0.0216662288553823,0.0850137280048185,-0.00229019336732853,missense|LC,7027163561,7,27163561,
AZIN1,ENSG00000155096,0.036551270309904,0.0224642985265564,0.0573793574921346,0.00115596502681973,missense|LC,8102828537,8,102828537,
CRISP2,ENSG00000124490,0.0366138421059543,0.023694119878788,0.0798765860569363,-0.00238553781596064,missense|LC,6049692685,6,49692685,
HLA-DQA2,ENSG00000237541,0.0366688264852992,0.115025342408709,0.0203751943811813,-0.000621436082352802,missense|LC,6032741369,6,32741369,
TBC1D8,ENSG00000204634,0.0366866410532184,0.019456852443362,0.368035914254921,-0.000928557508698013,missense|LC,2101002651,2,101002651,
FOXL3,ENSG00000248767,0.0366953141841198,0.0242098150711894,0.0555417295860088,-0.00126185708566971,missense|LC,7000290130,7,290130,
LRRC72,ENSG00000205858,0.0367002373661138,0.204408001480899,0.0208848178759956,0.00115913748826617,missense|LC,7016526895,7,16526895,
H4C1,ENSG00000278637,0.0367697547005752,0.0400299037137222,0.0346299036278045,-0.00446877953203806,missense|LC,6026017008,6,26017008,
TTC7A,ENSG00000068724,0.0367789038116557,0.0213800917052972,0.0578177842612941,0.00079616491062375,missense|LC,2046941420,2,46941420,
DEGS2,ENSG00000168350,0.0367864144260729,0.402271005835867,0.0204285904531103,0.000399740384861326,missense|LC,14100141100,14,100141100,
ESAM,ENSG00000149564,0.0368205507717962,0.030121101792944,0.0342218876816363,0.000956374823673828,missense|LC,11124748304,11,124748304,
DUS4L-BCAP29,ENSG00000288558,0.0368292980140894,0.711709278535963,0.0224967062363696,0.000238032492879623,missense|LC,7107580767,7,107580767,
TTC21A,ENSG00000168026,0.0368573117796377,0.321819043248751,0.0186259247829567,-0.000473869020378188,missense|LC,3039102705,3,39102705,
BCAP29,ENSG00000075790,0.036894671649213,0.718932766657776,0.0225097286377967,0.000231617970112298,missense|LC,7107575267,7,107575267,
RARA,ENSG00000131759,0.0369868368018811,0.0192797071653852,0.390152998007131,-0.00185767910193656,missense|LC,17040331113,17,40331113,
KCNK6,ENSG00000099337,0.0370293279190252,0.0211856447249399,0.308417524402946,-0.00159476212311844,missense|LC,19038315300,19,38315300,
DUS4L,ENSG00000105865,0.0370517599804722,0.167227956379811,0.0190286597737832,0.0016454174439262,missense|LC,7107563709,7,107563709,
LYG1,ENSG00000144214,0.0370575299071325,0.0191765703702222,0.250057322849031,0.00274711065753477,missense|LC,2099284330,2,99284330,
EIF3M,ENSG00000149100,0.0370605772645196,0.181262432064649,0.0205472972308089,-0.0016683934219416,missense|LC,11032583763,11,32583763,
TBCB,ENSG00000105254,0.0370860926489796,0.0230725746504103,0.100218916710744,0.00268904525637461,missense|LC,19036111137,19,36111137,
ZNF222,ENSG00000159885,0.0370869768629712,0.0207543725755556,0.285824457961643,-0.00100746872876003,missense|LC,19044025343,19,44025343,
AL355312.5,ENSG00000285991,0.0371201031151673,0.196277300735681,0.0188053113674653,-0.00174039288217295,missense|LC,6149826231,6,149826231,
OR7A5,ENSG00000188269,0.03712536800055,0.0217097763779404,0.119875347153111,0.000904800056070787,missense|LC,19014827180,19,14827180,
MYH10,ENSG00000133026,0.0371857645280698,0.515030491588634,0.0196741616909872,0.000257024233062353,missense|LC,17008475702,17,8475702,
ZNF562,ENSG00000171466,0.0372111733070659,0.0365435940940487,0.0310037962875854,-0.000822129976433513,missense|LC,19009652862,19,9652862,
RIOK3,ENSG00000101782,0.0372734240140682,0.0495193978775634,0.0224237264811687,-0.000782784014628564,missense|LC,18023453401,18,23453401,
CDK18,ENSG00000117266,0.037291074426802,0.706476585335675,0.0218438499258828,0.000181128827139802,missense|LC,1205523050,1,205523050,
STRAP,ENSG00000023734,0.0372920790397913,0.0248689213550556,0.105013907621433,-0.00129889787075595,missense|LC,12015882644,12,15882644,
PCDHGC4,ENSG00000242419,0.0373736752441093,0.0842758960004908,0.0205483620542144,0.000565467453498235,missense|LC,5141485129,5,141485129,
FHOD1,ENSG00000135723,0.0373864120572965,0.101874060601885,0.0201317026397387,0.00057422596626632,missense|LC,16067227102,16,67227102,
KRTAP12-2,ENSG00000221864,0.0374071169593012,0.244278007124283,0.0217036478626274,-0.00042052275566086,missense|LC,21044666354,21,44666354,
SMPDL3A,ENSG00000172594,0.0374258614691727,0.306955935945995,0.0219447307243336,-0.000474312164791388,missense|LC,6122789303,6,122789303,
PSG2,ENSG00000242221,0.0374351754054216,0.0202258786622627,0.244994848242552,-0.0010940441657014,missense|LC,19043066488,19,43066488,
MEP1A,ENSG00000112818,0.0374369392896844,0.346452331943821,0.0204187728211157,-0.000365213531992537,missense|LC,6046793323,6,46793323,
CLPTM1,ENSG00000104853,0.0374681423805143,0.0276006271217752,0.062275484581938,-0.00133675080649679,missense|LC,19044954563,19,44954563,
SLC19A3,ENSG00000135917,0.0375140532441103,0.0211253638279998,0.319850871180486,0.000994642052482494,missense|LC,2227687315,2,227687315,
KLK3,ENSG00000142515,0.0375297271512135,0.0876489960314235,0.0208008812515634,0.00129010456041344,missense|LC,19050854871,19,50854871,
C20orf203,ENSG00000198547,0.0375632863463741,0.665579084239884,0.0193832938113075,0.000416408391727419,missense|LC,20032650386,20,32650386,
NEK10,ENSG00000163491,0.0376143428822245,0.0205848128516183,0.0986394957527713,-0.000720097417492113,missense|LC,3027256285,3,27256285,
HGH1,ENSG00000235173,0.0376959061381886,0.0317124656078245,0.0340596926812325,0.000989337105053234,missense|LC,8144137750,8,144137750,
TMOD2,ENSG00000128872,0.0376987903454733,0.690309884922613,0.0190520612658774,0.000401764939316057,missense|LC,15051766370,15,51766370,
TAGLN2,ENSG00000158710,0.0377052958581821,0.0533786634463873,0.0261989576827807,-0.00187046708541527,missense|LC,1159918675,1,159918675,
BICC1,ENSG00000122870,0.0377382346258779,0.0464479489967407,0.0276229902304417,0.000825490921618432,missense|LC,10058513060,10,58513060,
FAM50A,ENSG00000071859,0.0377389241317542,0.0337181655220629,0.0381282321462646,0.000988829736350163,missense|LC,23154439146,X,154439146,
APOH,ENSG00000091583,0.0377592580939731,0.10502106679782,0.0215487823935219,0.00153322276783992,missense|LC,17066212081,17,66212081,
OR13G1,ENSG00000197437,0.0377794275781221,0.407943740273053,0.0215806038919623,-0.000551715953902571,missense|LC,1247672055,1,247672055,
KRTAP2-3,ENSG00000212724,0.0379161884268673,0.0361661323514522,0.0299850903217944,0.00179936970656694,missense|LC,17041054614,17,41054614,
PGM1,ENSG00000079739,0.0379414740678781,0.0213109767532332,0.331927752248975,-0.00136137990272996,missense|LC,1063623140,1,63623140,
ALG6,ENSG00000088035,0.0380030097617767,0.831096597860562,0.0187051566239247,-0.000240495625093627,missense|LC,1063370952,1,63370952,
MTRNR2L7,ENSG00000256892,0.0380078905944877,0.0220950834026679,0.390203733358633,-0.00864283459448002,missense|LC,10037601902,10,37601902,
COL15A1,ENSG00000204291,0.0380115656535047,0.571856778719483,0.0199390946279677,0.000478782141448393,missense|LC,9098943930,9,98943930,
GIMAP1,ENSG00000213203,0.0380233251766481,0.707736533534397,0.0194856736155676,-0.000359149939577841,missense|LC,7150718936,7,150718936,
WSCD2,ENSG00000075035,0.0380426796013609,0.0199433079793151,0.773776601399548,-0.00130610904951511,missense|LC,12108195699,12,108195699,
URAD,ENSG00000183463,0.0380513224040462,0.59175066970891,0.0191460201598859,-0.00068046400122795,missense|LC,13027978023,13,27978023,
USP32,ENSG00000170832,0.0380627348707646,0.805512411622517,0.0200890871333826,-0.0000880310578750972,missense|LC,17060179156,17,60179156,
TAS2R19,ENSG00000212124,0.0381128031257563,0.0259406234219122,0.257997316256587,-0.00106224954389093,missense|LC,12011021614,12,11021614,
DLGAP3,ENSG00000116544,0.0381167739988817,0.0557449528594283,0.0249969554335981,-0.000901556111084085,missense|LC,1034866014,1,34866014,
GOLGA6L9,ENSG00000197978,0.0381250819321072,0.722545609137108,0.0206191751813452,0.0000949891364189574,missense|LC,15082431742,15,82431742,
BTN3A1,ENSG00000026950,0.0381441118097312,0.876852128853206,0.0209283143244541,-0.0000697548776265237,missense|LC,6026405501,6,26405501,
NDUFA4L2,ENSG00000185633,0.0381516372575209,0.0228967055533146,0.333112391631255,-0.00280798142288571,missense|LC,12057229903,12,57229903,
RPTOR,ENSG00000141564,0.0381564864344562,0.637205847422783,0.0216358826508524,0.000180523424100832,missense|LC,17080542190,17,80542190,
WIF1,ENSG00000156076,0.0381869592793941,0.181490796044959,0.0201770876083581,-0.00115969232721882,missense|LC,12065051231,12,65051231,
FAAH2,ENSG00000165591,0.038211628260612,0.164845191703021,0.022716497483855,0.000432841395456484,missense|LC,23057286754,X,57286754,
CENPM,ENSG00000100162,0.0384036952110892,0.204200116283292,0.0212881105608145,0.00122224814574528,missense|LC,22041938935,22,41938935,
EXOC6,ENSG00000138190,0.0384505846983865,0.0223328761347023,0.248440925205697,0.000936968394660392,missense|LC,10092848416,10,92848416,
TRAK1,ENSG00000182606,0.0384641317363184,0.885047091611561,0.0204832496358651,0.0000448925905716959,missense|LC,3042091400,3,42091400,
TECPR1,ENSG00000205356,0.0384732801813409,0.825280230332264,0.0206355262064517,-0.0000722651439247345,missense|LC,7098212207,7,98212207,
COA1,ENSG00000106603,0.0385176391933671,0.0272512958365863,0.0679765251305702,0.00395814115375385,missense|LC,7043639531,7,43639531,
DCAF8,ENSG00000132716,0.0385554296650814,0.0287766017715599,0.0589376639327839,-0.00207364809863372,missense|LC,1160211217,1,160211217,
TRPS1,ENSG00000104447,0.03855809201117,0.0194064940001923,0.229285390343225,-0.00136422855568523,missense|LC,8115413943,8,115413943,
SCN9A,ENSG00000169432,0.0385807996120644,0.0219649623662085,0.415111495160305,0.000387355573867668,missense|LC,2166198616,2,166198616,
PTGES3,ENSG00000110958,0.0385843203997216,0.0193282131350354,0.265128204812747,0.00555094130916088,missense|LC,12056664394,12,56664394,
ARF3,ENSG00000134287,0.0386112178743612,0.021494675924764,0.128884744356734,0.00998386619535452,missense|LC,12048931351,12,48931351,
DEPTOR,ENSG00000155792,0.038633773268051,0.567793275288256,0.0209879643347258,-0.000561199285614991,missense|LC,8119873710,8,119873710,
BNIP3L,ENSG00000104765,0.0386419610481082,0.933766782170622,0.0203580391923934,-0.000122956300455604,missense|LC,8026381053,8,26381053,
GNA12,ENSG00000146535,0.0386879478075091,0.28127687282246,0.0191347753348929,-0.00120978267902172,missense|LC,7002731148,7,2731148,
RELT,ENSG00000054967,0.0386983346892282,0.0204754803223514,0.187280377400195,0.000778059263022971,missense|LC,11073389093,11,73389093,
HTR3C,ENSG00000178084,0.0387035233710106,0.0348411923422782,0.0339627355089898,-0.00125053584169857,missense|LC,3184053033,3,184053033,
NOC3L,ENSG00000173145,0.0387980444506594,0.182323227312841,0.0216516279756824,0.000522809076212339,missense|LC,10094334190,10,94334190,
RAB11FIP1,ENSG00000156675,0.0388038383340574,0.176118942340264,0.020091284773039,0.000388086409656435,missense|LC,8037862838,8,37862838,
BCL3,ENSG00000069399,0.0388048899569112,0.569612168856794,0.023384445151942,0.000354586724007291,missense|LC,19044745022,19,44745022,
FMR1NB,ENSG00000176988,0.0388361407907312,0.0459672353921218,0.0317698757179854,0.00244484877810994,missense|LC,23147981390,X,147981390,
ATG4C,ENSG00000125703,0.0388486207157834,0.240345676435464,0.0215994255265753,-0.000547085644134004,missense|LC,1062803754,1,62803754,
SLC12A6,ENSG00000140199,0.038912432411882,0.0194477577922896,0.404871502464971,-0.00138390501192978,missense|LC,15034225060,15,34225060,
FBXL18,ENSG00000155034,0.0390175158701997,0.111460512752167,0.0233733822904765,0.000690393769287104,missense|LC,7005481685,7,5481685,
CSNK1G2,ENSG00000133275,0.0390321397635924,0.0492229706818498,0.0294383959344533,0.00102867954908204,missense|LC,19001969678,19,1969678,
BECN1,ENSG00000126581,0.0390469792039141,0.0248754530457644,0.0482159976004087,0.00142522788820176,missense|LC,17042805657,17,42805657,
SYCN,ENSG00000179751,0.0390700795777165,0.026238424308662,0.0528524918176574,0.00258333223799936,missense|LC,19039197963,19,39197963,
SRRM2,ENSG00000167978,0.0390987800800819,0.370484686201641,0.0191445927349294,-0.000136286172996438,missense|LC,16002756254,16,2756254,
SPEG,ENSG00000072195,0.0391254974441628,0.794779669435238,0.0194759577370871,-0.0000529185389830311,missense|LC,2219434922,2,219434922,
SFMBT1,ENSG00000163935,0.0391410361403912,0.713885512852721,0.0200730373751354,-0.000219229830403719,missense|LC,3052905008,3,52905008,
SNW1,ENSG00000100603,0.0392013766557479,0.249076575097743,0.021708382835948,0.00106592264739501,missense|LC,14077715718,14,77715718,
PHIP,ENSG00000146247,0.0392318010507487,0.0845684540334124,0.0254773897121822,-0.00136698981171176,missense|LC,6078935431,6,78935431,
DDX17,ENSG00000100201,0.0392499615673856,0.0685230405097926,0.0263193600635174,0.00139689547029851,missense|LC,22038479523,22,38479523,
METTL1,ENSG00000037897,0.0392906467205626,0.315609344681949,0.0200176282892544,-0.000932821203416736,missense|LC,12057763552,12,57763552,
H4C8,ENSG00000158406,0.0393165155115548,0.572395976623572,0.0212244377618763,-0.0010061846073289,missense|LC,6026285072,6,26285072,
ASXL1,ENSG00000171456,0.0393271595933313,0.0198291224493883,0.328238885688834,0.000723569871940858,missense|LC,20032358729,20,32358729,
BICRA,ENSG00000063169,0.0393417145319649,0.0238152982493972,0.0997970331530402,0.000653248805409206,missense|LC,19047673520,19,47673520,
KIF9,ENSG00000088727,0.0393736659540537,0.141056644926429,0.0223391084751285,0.000501701801466821,missense|LC,3047228604,3,47228604,
SKIL,ENSG00000136603,0.0393990182534706,0.0684162460094579,0.0274544388828821,-0.000878901917317614,missense|LC,3170360254,3,170360254,
GSAP,ENSG00000186088,0.0394033131330398,0.0228143893772081,0.285798287898182,-0.00116038929398259,missense|LC,7077311341,7,77311341,
DHPS,ENSG00000095059,0.0394166196028479,0.966976561814927,0.0204409485693088,-0.0000226681421879515,missense|LC,19012670705,19,12670705,
STAC2,ENSG00000141750,0.0394797470155515,0.042801156261983,0.0276803245098441,-0.00085825522636745,missense|LC,17039212248,17,39212248,
ZNF543,ENSG00000178229,0.0395101146187766,0.0230019012852569,0.0759836882395041,0.000879665943659578,missense|LC,19057317343,19,57317343,
DMD,ENSG00000198947,0.0395151213196299,0.173724086896512,0.0212592431349188,0.000536790882259567,missense|LC,23031121824,X,31121824,
HSPD1,ENSG00000144381,0.0395597015572652,0.0221888940147205,0.187065728334653,-0.00239227116792762,missense|LC,2197487055,2,197487055,
TSPYL4,ENSG00000187189,0.0395769746121732,0.362468321281042,0.021806736244476,-0.000335175660868259,missense|LC,6116252651,6,116252651,
TBC1D19,ENSG00000109680,0.0395860417961289,0.0242679154860642,0.703621731107218,-0.00137111887752748,missense|LC,4026584115,4,26584115,
ORAI1,ENSG00000276045,0.0396392474128504,0.110054792590588,0.0284448184723864,-0.000834785271932869,missense|LC,12121626676,12,121626676,
GSK3A,ENSG00000105723,0.0396406494030511,0.473054671299502,0.0217797102257689,0.000640947661687759,missense|LC,19042225193,19,42225193,
INMT,ENSG00000241644,0.039651672988994,0.0243477547320106,0.102102304519534,-0.000948230449105866,missense|LC,7030752022,7,30752022,
RAB32,ENSG00000118508,0.0396534652496087,0.0303497498142562,0.0435691769099691,-0.00226233824367362,missense|LC,6146543753,6,146543753,
BARHL1,ENSG00000125492,0.0396677071725559,0.218878804200946,0.0209424036803144,0.00135430584281298,missense|LC,9132582723,9,132582723,
POLN,ENSG00000130997,0.039715293975679,0.0401905114069451,0.0317553813766169,-0.00075378301046566,missense|LC,4002072029,4,2072029,
MASP2,ENSG00000009724,0.0397515726909192,0.30664490686505,0.0220012004712133,-0.00031550282625462,missense|LC,1011022044,1,11022044,
LARP7,ENSG00000174720,0.0397691454817523,0.0631460098451042,0.0244490296008792,0.000838894538456301,missense|LC,4112633101,4,112633101,
GPR19,ENSG00000183150,0.0398077446209105,0.373167769109582,0.020954185459753,0.00077438678121,missense|LC,12012661165,12,12661165,
APOB,ENSG00000084674,0.0398651704479124,0.673747124818167,0.0196802530747322,-0.0000610312757340943,missense|LC,2021001656,2,21001656,
FRYL,ENSG00000075539,0.0398780464241243,0.17943140107364,0.0201086785615621,-0.000330675573103014,missense|LC,4048492689,4,48492689,
PRG2,ENSG00000186652,0.0398846493312244,0.0598803755158764,0.0249778332049008,0.00126554529775547,missense|LC,11057387411,11,57387411,
GPC2,ENSG00000213420,0.0398850547158227,0.682352586537655,0.0214511828448886,0.0002327402596826,missense|LC,7100166415,7,100166415,
PDLIM7,ENSG00000196923,0.039953192686032,0.0891515985007949,0.0233448304753849,-0.000631095921981814,missense|LC,5177483605,5,177483605,
DGKK,ENSG00000274588,0.0399543197572341,0.0218688333293311,0.701459185715158,0.000668482081078968,missense|LC,23050368894,X,50368894,
MPP7,ENSG00000150054,0.039978319499073,0.0294876158870117,0.0375742749657961,-0.000909075070128531,missense|LC,10028054024,10,28054024,
ZFYVE1,ENSG00000165861,0.0400002831235236,0.0285055662056094,0.0524334042415643,-0.00174075068103928,missense|LC,14072970794,14,72970794,
HNRNPH1,ENSG00000169045,0.0400690261620893,0.0210679663314063,0.315263085802464,0.00469060210817232,missense|LC,5179609287,5,179609287,
LRRC37A3,ENSG00000176809,0.0401074793596907,0.212733072287238,0.0208926719444592,0.000410062245061336,missense|LC,17064854480,17,64854480,
RAB27B,ENSG00000041353,0.0401703462947441,0.753571836468568,0.0200237507781232,-0.000505489336534166,missense|LC,18054877502,18,54877502,
PLA2G2F,ENSG00000158786,0.0401765286506661,0.0222095500986557,0.510563479629112,-0.00215090411052329,missense|LC,1020139378,1,20139378,
ZBTB17,ENSG00000116809,0.0402151234141854,0.843739061960495,0.0217260998230827,0.000129591224388606,missense|LC,1015937030,1,15937030,
PREP,ENSG00000085377,0.0402295464589306,0.307239582544392,0.0200900642730963,-0.000698711987831623,missense|LC,6105278036,6,105278036,
ERP44,ENSG00000023318,0.0402312978114491,0.46310347473512,0.0234321866508422,0.00199296965242254,missense|LC,9099982593,9,99982593,
FBLN2,ENSG00000163520,0.0402313439185713,0.771939705748748,0.0206671434564367,0.0000756910383085138,missense|LC,3013549041,3,13549041,
CAMKV,ENSG00000164076,0.0402365067084571,0.476965144515612,0.0226910888584979,0.00062947749484998,missense|LC,3049856299,3,49856299,
CDC42EP4,ENSG00000179604,0.0403289275443406,0.487428975133512,0.0202004078372497,-0.000510078088466146,missense|LC,17073285374,17,73285374,
ZNF704,ENSG00000164684,0.0403437949994909,0.0234758121117579,0.095348474038837,0.00208209909204434,missense|LC,8080641326,8,80641326,
BRICD5,ENSG00000182685,0.0403552439353856,0.569623444365469,0.0225646967887759,-0.000245364237422654,missense|LC,16002205597,16,2205597,
TUFT1,ENSG00000143367,0.0403562980370706,0.0426937467480628,0.0287757123951766,0.00149053041087474,missense|LC,1151535555,1,151535555,
CDK8,ENSG00000132964,0.0403840140373117,0.0214669763786484,0.710419450234625,-0.00423695971040192,missense|LC,13026254570,13,26254570,
CYSLTR2,ENSG00000152207,0.0404709237952422,0.0352265922820363,0.0497776422621805,-0.000399285352765742,missense|LC,13048706769,13,48706769,
PPL,ENSG00000118898,0.0404762230219661,0.0349213635507961,0.0542979557535662,-0.000417213986408145,missense|LC,16004877507,16,4877507,
THAP2,ENSG00000173451,0.0404887232178065,0.0787987107572967,0.032246357539232,0.0012531517954026,missense|LC,12071662929,12,71662929,
MRPL22,ENSG00000082515,0.0405184421884255,0.0444208670233934,0.0289707133778634,0.00182246615057704,missense|LC,5154936965,5,154936965,
MFAP4,ENSG00000166482,0.0405188273808121,0.0285902067675754,0.11850639260214,-0.00101918965610729,missense|LC,17019378446,17,19378446,
NEDD9,ENSG00000111859,0.0405289788876859,0.0222521251611201,0.28457183460748,-0.00100693625491523,missense|LC,6011185045,6,11185045,
BAZ2A,ENSG00000076108,0.0405826949238052,0.879829629599713,0.0214318117040266,0.0000411649530001784,missense|LC,12056598495,12,56598495,
PARP12,ENSG00000059378,0.0407049424944091,0.519168904143164,0.0238513432621911,0.000265350708210973,missense|LC,7140019949,7,140019949,
NFKB2,ENSG00000077150,0.0407371266481101,0.326737536453153,0.0231876112470575,-0.000471771975065837,missense|LC,10102395875,10,102395875,
NUDT5,ENSG00000165609,0.0407616611677191,0.460871125565542,0.0225948708468647,-0.000877276787323723,missense|LC,10012160868,10,12160868,
FAM98C,ENSG00000130244,0.0407953166284919,0.0222595328731081,0.0996014134781825,-0.00144332522972948,missense|LC,19038403041,19,38403041,
ZKSCAN1,ENSG00000106261,0.040796241024851,0.0305529878161579,0.0533798704581396,0.000870300289319867,missense|LC,7100023402,7,100023402,
PLXNA2,ENSG00000076356,0.0408668042470542,0.133866190936442,0.020927785958454,-0.000345432127493209,missense|LC,1208027188,1,208027188,
AFDN,ENSG00000130396,0.0408697961309822,0.0236557972916827,0.120461741093688,0.000710125153307831,missense|LC,6167864490,6,167864490,
NAXD,ENSG00000213995,0.0408808045634854,0.021605084284285,0.270159271401013,-0.00124625348603259,missense|LC,13110615663,13,110615663,
EREG,ENSG00000124882,0.0409953121425759,0.0586560342312035,0.0262124638804344,-0.00232702709462948,missense|LC,4074365254,4,74365254,
RAB20,ENSG00000139832,0.040997953447572,0.183300216879535,0.0222963218498484,-0.0011671370134778,missense|LC,13110523498,13,110523498,
SLC17A8,ENSG00000179520,0.0410416184764592,0.0237434229018263,0.0988779929031989,-0.00118913203397665,missense|LC,12100357381,12,100357381,
PIK3R6,ENSG00000276231,0.0410503223583009,0.0289465329554359,0.0495268726643824,0.000699513206566813,missense|LC,17008797725,17,8797725,
LILRA6,ENSG00000244482,0.0410867762745001,0.751421005065164,0.0233266754981077,0.0000846564483372391,missense|LC,19054238787,19,54238787,
TANGO6,ENSG00000103047,0.0411056102393031,0.0326032731220439,0.039279614398213,0.000771544246752557,missense|LC,16068843541,16,68843541,
MARCHF8,ENSG00000165406,0.0411124320096391,0.772121962316496,0.0225545385508542,0.000104638463137059,missense|LC,10045458162,10,45458162,
RAET1E,ENSG00000164520,0.0411309571138986,0.174591977580748,0.0208992663152683,-0.00179175655131215,missense|LC,6149888469,6,149888469,
UBR3,ENSG00000144357,0.0411434025247605,0.933068126126527,0.0225173148631537,-0.000038329050362099,missense|LC,2169824452,2,169824452,
PRDM10,ENSG00000170325,0.0411478356443644,0.318820829594366,0.021416257011968,-0.000344585417633666,missense|LC,11129902185,11,129902185,
OIT3,ENSG00000138315,0.0411632567546841,0.0409173302319648,0.0313129856563801,-0.000987309033713804,missense|LC,10072893730,10,72893730,
OR4A15,ENSG00000181958,0.0411849139441801,0.355321169284952,0.0211872930361323,0.000520971490831749,missense|LC,11055367838,11,55367838,
PABPC1,ENSG00000070756,0.0412230070444969,0.0655016257607369,0.0319010899990803,0.00080669682141498,missense|LC,8100704258,8,100704258,
KRTAP26-1,ENSG00000197683,0.0412329929048232,0.0283168911024021,0.0441374455502824,0.00117028324644461,missense|LC,21030319315,21,30319315,
GBA3,ENSG00000249948,0.0412683134921809,0.0595650617102499,0.0257012677550615,-0.000724748754292511,missense|LC,4022692958,4,22692958,
CCL16,ENSG00000275152,0.0413233573836255,0.213138195144552,0.022294779258919,-0.00179347496351711,missense|LC,17035977496,17,35977496,
GOLGA8B,ENSG00000215252,0.0413669558328524,0.0320082303244134,0.0493980901215507,-0.00459200186490335,missense|LC,15034527636,15,34527636,
EN2,ENSG00000164778,0.0413702451824548,0.023468624246525,0.492484832552101,0.00162383227726178,missense|LC,7155458230,7,155458230,
EPHX4,ENSG00000172031,0.041405407900983,0.505233442896431,0.0205630470428172,-0.000768899525748539,missense|LC,1092030007,1,92030007,
TMEM210,ENSG00000185863,0.0415218034012459,0.0210267484262274,0.204552859023799,-0.0028442581115943,missense|LC,9137167363,9,137167363,
ZW10,ENSG00000086827,0.0416657438255436,0.283206115130138,0.0228457736161223,-0.000528069088927315,missense|LC,11113733581,11,113733581,
DYSF,ENSG00000135636,0.0416682840225656,0.527809477054283,0.0217194194267363,0.000127724932246011,missense|LC,2071466563,2,71466563,
BDKRB2,ENSG00000168398,0.04167196086798,0.0523403940673572,0.0266268206339921,0.0012691782715175,missense|LC,14096237061,14,96237061,
IFNL2,ENSG00000183709,0.0416736943390432,0.0298270370103834,0.0403314410949203,-0.000900906763219695,missense|LC,19039264434,19,39264434,
NT5C,ENSG00000125458,0.0417254617561796,0.0680515442983144,0.0272826494544399,-0.00197110986138248,missense|LC,17075128544,17,75128544,
SLC2A6,ENSG00000160326,0.0417579614787428,0.591821540442158,0.0234517781448053,0.000183748966491701,missense|LC,9133467885,9,133467885,
CGB3,ENSG00000104827,0.0417703290425209,0.0281461918848617,0.236120986880744,-0.00182863638124846,missense|LC,19049018273,19,49018273,
TIMM29,ENSG00000142444,0.0417782799940724,0.0345102741078809,0.0363263689399124,0.00147376071658161,missense|LC,19010923747,19,10923747,
USHBP1,ENSG00000130307,0.0417919187075673,0.42570604106501,0.021558058178812,-0.000318915469425555,missense|LC,19017244835,19,17244835,
SLC35F1,ENSG00000196376,0.0418178228175258,0.931301232550033,0.023037165548446,-0.000195794871120869,missense|LC,6117907691,6,117907691,
PGRMC2,ENSG00000164040,0.0418419613749227,0.0226164219576391,0.430661851226745,0.00151497180036096,missense|LC,4128271311,4,128271311,
AL031847.1,ENSG00000285629,0.0418626262498837,0.832616280049204,0.0249475516956303,-0.00109244799712253,missense|LC,1006154577,1,6154577,
C22orf15,ENSG00000169314,0.041866778650506,0.964310247262111,0.0239170348439401,-0.000012068325218897,missense|LC,22023763207,22,23763207,
PIGL,ENSG00000108474,0.0418824704125006,0.0274558177741968,0.0942546716784673,-0.00105369648608114,missense|LC,17016217166,17,16217166,
DIPK1C,ENSG00000187773,0.0419136323475613,0.0467298612869388,0.029641444175865,-0.000722198889803729,missense|LC,18074436413,18,74436413,
ACVR1,ENSG00000115170,0.0419424359788854,0.241509575306599,0.0287546510321921,-0.000595499795789171,missense|LC,2157737418,2,157737418,
C1QTNF2,ENSG00000145861,0.0420044768307105,0.0214384690711608,0.363233630866079,0.00193517254648819,missense|LC,5160349057,5,160349057,
CCHCR1,ENSG00000204536,0.042042164504165,0.022794491727709,0.3723222015412,0.000944259285072959,missense|LC,6031137934,6,31137934,
IFNK,ENSG00000147896,0.0420444132000528,0.0395337673575751,0.0354747300772664,0.00202721035924984,missense|LC,9027524256,9,27524256,
JADE3,ENSG00000102221,0.0420812440923322,0.0402743456040009,0.0374382289948417,0.00544609142887815,missense|LC,23046984855,X,46984855,
RPF1,ENSG00000117133,0.0420944705844573,0.0227107706835387,0.245466440857505,0.000695836961051209,missense|LC,1084479199,1,84479199,
MEX3D,ENSG00000181588,0.0421092331930507,0.0301698977275011,0.0457285315150344,-0.00058744945908963,missense|LC,19001555226,19,1555226,
ZNF347,ENSG00000197937,0.0421124792444152,0.0231705245790063,0.211465561399896,-0.000840219264705952,missense|LC,19053140240,19,53140240,
ARMCX2,ENSG00000184867,0.0421170460731526,0.818604603485641,0.0229532434414799,0.000111428360172921,missense|LC,23101655644,X,101655644,
SLC1A3,ENSG00000079215,0.0421307967684783,0.0271571651174211,0.157433544819308,0.00106030989015124,missense|LC,5036608363,5,36608363,
NLRP7,ENSG00000167634,0.0421316651656772,0.0441388256359472,0.0325730834169504,0.000644410564828622,missense|LC,19054923655,19,54923655,
PREX1,ENSG00000124126,0.0421359704406732,0.701589598355818,0.0219516884204279,0.000100580938732271,missense|LC,20048625774,20,48625774,
PRRC2B,ENSG00000130723,0.0421396202548701,0.0363512516085277,0.0454196008862515,-0.000430955985771561,missense|LC,9131430120,9,131430120,
S100G,ENSG00000169906,0.0421672652770984,0.144222834544207,0.0267712883903001,0.00289861938764769,missense|LC,23016650958,X,16650958,
C5AR1,ENSG00000197405,0.0422567536680635,0.0226207763613755,0.217217671059822,-0.00120606194823796,missense|LC,19047309811,19,47309811,
AL713999.1,ENSG00000273088,0.0422648316570423,0.0249396803844908,0.0965328364478441,-0.00256750955627384,missense|LC,1155169327,1,155169327,
PEX2,ENSG00000164751,0.0423035161183136,0.915648056352896,0.0231268581334152,-0.0000702939800746319,missense|LC,8076983045,8,76983045,
C1orf112,ENSG00000000460,0.0424034010760015,0.0231219303596233,0.246483952385257,0.000850781166349778,missense|LC,1169792498,1,169792498,
ARMC2,ENSG00000118690,0.0424319061416941,0.0332265905227551,0.0510889243296102,0.00103906019832303,missense|LC,6108854219,6,108854219,
ARPC1A,ENSG00000241685,0.0424740719454679,0.404249311055634,0.0236764955768225,-0.00083586099077741,missense|LC,7099333299,7,99333299,
C2CD4C,ENSG00000183186,0.0424917763013443,0.118643977515926,0.0229680616852929,-0.000574069298553985,missense|LC,19000407012,19,407012,
GUCA1B,ENSG00000112599,0.0425214894607636,0.536574109643449,0.0222416637447866,0.000696915468300753,missense|LC,6042178284,6,42178284,
MAN2B1,ENSG00000104774,0.0425261645982848,0.668009866261261,0.0226483377756876,-0.000136253913840452,missense|LC,19012643174,19,12643174,
FIGN,ENSG00000182263,0.0425272247161304,0.257670010921896,0.0232899817261525,0.00060440915718886,missense|LC,2163609490,2,163609490,
C17orf50,ENSG00000270806,0.0425435007247289,0.731544583203892,0.0255642985251039,-0.000164608930842022,missense|LC,17035756321,17,35756321,
KCNMB2,ENSG00000197584,0.0425510814864379,0.0318545448179257,0.0514682698314155,0.00252754774896413,missense|LC,3178807357,3,178807357,
AC117457.1,ENSG00000275163,0.0425510814864379,0.0318545448179257,0.0514682698314155,0.00252754774896413,missense|LC,3178493400,3,178493400,
TESC,ENSG00000088992,0.0425898751781543,0.022224918564089,0.410435340883773,0.00328749110178682,missense|LC,12117039040,12,117039040,
RPP21,ENSG00000241370,0.0426177785505253,0.0850296314363364,0.028999236417275,-0.00106979083093165,missense|LC,6030340219,6,30340219,
ASAP3,ENSG00000088280,0.0426255697364029,0.399082747283807,0.022052363846939,0.000206975269061633,missense|LC,1023424493,1,23424493,
SLX1A,ENSG00000132207,0.0426471422265701,0.0352824368095601,0.0500449215622611,0.00563054297804097,missense|LC,16030194649,16,30194649,
CREBBP,ENSG00000005339,0.042655012709651,0.0220051875716361,0.542320669290842,-0.000493536211708078,missense|LC,16003727558,16,3727558,
PSPC1,ENSG00000121390,0.0427110090897033,0.806300266336631,0.0219749620979269,0.000306619640627092,missense|LC,13019703108,13,19703108,
PLPPR2,ENSG00000105520,0.0427186105655741,0.445198537281706,0.0255606405927131,-0.000351872124667278,missense|LC,19011350716,19,11350716,
ICA1,ENSG00000003147,0.042767897416189,0.580857858741195,0.0239878892805923,0.000383802570739154,missense|LC,7008113930,7,8113930,
NVL,ENSG00000143748,0.0427858054597123,0.676052762338757,0.023393059829258,0.00015870252055032,missense|LC,1224227554,1,224227554,
RETREG3,ENSG00000141699,0.0429282211062596,0.0227957072771829,0.153335110895772,0.001852915425919,missense|LC,17042577018,17,42577018,
NEXMIF,ENSG00000050030,0.0429286929606594,0.825026539331722,0.023387279479992,-0.0000824499713106907,missense|LC,23074739385,X,74739385,
ISCA2,ENSG00000165898,0.042977723964992,0.0526772244902011,0.0281370889666597,-0.00329537665949802,missense|LC,14074493078,14,74493078,
AL157935.2,ENSG00000257524,0.0430254148983052,0.90114703927904,0.0226964223924881,-0.0000915241575627347,missense|LC,9127867931,9,127867931,
RSPH3,ENSG00000130363,0.043059969441953,0.0249484127042252,0.0696075777256655,-0.000960538265290634,missense|LC,6158977470,6,158977470,
DNPEP,ENSG00000123992,0.0430825250338578,0.382255598068993,0.0227569635442945,0.000655992024273727,missense|LC,2219374230,2,219374230,
DNAL1,ENSG00000119661,0.043100458879011,0.0358547452320321,0.0834143858199371,0.00153857082482885,missense|LC,14073644894,14,73644894,
CACNB3,ENSG00000167535,0.0431613894556937,0.93105322128164,0.0229460813331901,0.0000593136847270644,missense|LC,12048814441,12,48814441,
ANGPTL6,ENSG00000130812,0.043188960832575,0.136201561587812,0.0236967614555439,0.000628802535423542,missense|LC,19010087341,19,10087341,
SLC26A1,ENSG00000145217,0.043194793024868,0.0232231976251039,0.192825729687464,0.000565727660213048,missense|LC,4000986999,4,986999,
OR1G1,ENSG00000183024,0.0432020920881788,0.299671369132493,0.0227548807977335,0.000709742895494597,missense|LC,17003126575,17,3126575,
ARHGAP40,ENSG00000124143,0.0432298770402152,0.788424568134065,0.0233574103604945,-0.000111149221496078,missense|LC,20038601802,20,38601802,
ZEB2,ENSG00000169554,0.0432716236285349,0.948211769414489,0.0239698409811316,-0.0000200402432113807,missense|LC,2144389362,2,144389362,
SOX10,ENSG00000100146,0.043278084654304,0.0433192936524424,0.0360323128038086,-0.0018369796380876,missense|LC,22037967320,22,37967320,
DEFB4A,ENSG00000171711,0.043403018595181,0.100461747993878,0.0320649641558637,0.00786225321417333,missense|LC,8007894610,8,7894610,
OTOF,ENSG00000115155,0.0434054130623531,0.149069637923184,0.0227189117347326,0.000342766818545356,missense|LC,2026453218,2,26453218,
CYP4F3,ENSG00000186529,0.0434511166149314,0.41238093912221,0.0231143033033538,-0.000210340341558358,missense|LC,19015641307,19,15641307,
CEACAM4,ENSG00000105352,0.0434640637559031,0.0229970554611694,0.213109525899505,0.00134358098700333,missense|LC,19041619278,19,41619278,
IL24,ENSG00000162892,0.0434772844777138,0.0256156061714889,0.165754568298509,0.001485198222166,missense|LC,1206897754,1,206897754,
RPL3L,ENSG00000140986,0.0434793400827345,0.203347518237106,0.0226590952713623,-0.000302987356908978,missense|LC,16001939007,16,1939007,
WLS,ENSG00000116729,0.0434976621326504,0.978196744567481,0.0228279404608637,0.00000656867584605901,missense|LC,1068098484,1,68098484,
MGA,ENSG00000174197,0.0435225335679181,0.971756306477489,0.0229458379112844,0.00000434200892218131,missense|LC,15041668837,15,41668837,
UBA6,ENSG00000033178,0.0435523868741526,0.692310902972551,0.025064389200121,-0.000150410260510242,missense|LC,4067618919,4,67618919,
FBXL6,ENSG00000182325,0.0435541895476167,0.0239091108264458,0.15138024741623,-0.000727889578350338,missense|LC,8144353229,8,144353229,
ELOF1,ENSG00000130165,0.0435957910906678,0.0452396536747907,0.0348205702624689,-0.00641585530949083,missense|LC,19011549234,19,11549234,
TUBB,ENSG00000196230,0.0436339949066151,0.256239785340321,0.024922201226389,-0.00274662631054893,missense|LC,6030716826,6,30716826,
H1-0,ENSG00000189060,0.0436613654017453,0.687527097791828,0.0240516329965682,-0.000743967605927431,missense|LC,22037805496,22,37805496,
NAPA,ENSG00000105402,0.0436899239902429,0.725134056511079,0.0227453735937422,0.000341820212905502,missense|LC,19047483110,19,47483110,
UBR1,ENSG00000159459,0.0436917582483694,0.0251751445419204,0.127944764396572,0.000843976841426092,missense|LC,15042945216,15,42945216,
POLR2D,ENSG00000144231,0.0437482262168362,0.378239155859724,0.021824448110692,-0.00210290089774651,missense|LC,2127848080,2,127848080,
DNAJC27,ENSG00000115137,0.0437990774367218,0.022740878502388,0.261528693295704,-0.00248104255786109,missense|LC,2024947510,2,24947510,
HABP4,ENSG00000130956,0.0438133077346465,0.0758206308126663,0.0282260404629614,0.00156727628796194,missense|LC,9096450151,9,96450151,
CEP170,ENSG00000143702,0.0438235695949274,0.031949118263371,0.0456917805035235,0.000678236774020435,missense|LC,1243126367,1,243126367,
ZSWIM7,ENSG00000214941,0.0438504000811535,0.518905247596998,0.0249722617382261,-0.00102968102150508,missense|LC,17015974614,17,15974614,
VASH1,ENSG00000071246,0.0439010415738931,0.0236450993403494,0.113076110392357,0.00184182834963854,missense|LC,14076762734,14,76762734,
TFR2,ENSG00000106327,0.0439116255344797,0.0238153790262574,0.166866073325078,0.000744860952384039,missense|LC,7100620741,7,100620741,
GPAT4,ENSG00000158669,0.0439203837420171,0.0254151691089547,0.139980596552278,0.00335113463581341,missense|LC,8041599028,8,41599028,
TSC2,ENSG00000103197,0.0439366118906598,0.555697475968528,0.0224625395043765,0.000127326026318792,missense|LC,16002043441,16,2043441,
SRGAP2B,ENSG00000196369,0.0439638193475748,0.654490295510923,0.023344789372217,-0.00129802485519962,missense|LC,1144955388,1,144955388,
ABHD5,ENSG00000011198,0.043972844000518,0.06711712522215,0.0291923937206681,0.00169874244601963,missense|LC,3043690881,3,43690881,
PPP1R9A,ENSG00000158528,0.0439939431230142,0.451833587385086,0.0237165097247429,-0.000703143767416955,missense|LC,7094910050,7,94910050,
CCDC188,ENSG00000234409,0.0440311288683706,0.620459484093743,0.0234945443064245,-0.000329454100477166,missense|LC,22020143418,22,20143418,
OR7C1,ENSG00000127530,0.0440588470293253,0.0299558185315598,0.0876935299229387,-0.000957589295725911,missense|LC,19014792303,19,14792303,
FAM107A,ENSG00000168309,0.0440692168182313,0.0527464584119927,0.0315599655313133,0.000994003326521711,missense|LC,3058566545,3,58566545,
MTMR3,ENSG00000100330,0.0441340251289314,0.121930928378999,0.0240382777689517,-0.00316553256613221,missense|LC,22029971001,22,29971001,
FLNB,ENSG00000136068,0.0441545970183251,0.536864914541945,0.0232629447151531,-0.000147459343165502,missense|LC,3058008460,3,58008460,
MZT2A,ENSG00000173272,0.0441573258273475,0.365770592353033,0.0251929496132635,-0.000303776236003318,missense|LC,2131479162,2,131479162,
RABL3,ENSG00000144840,0.0441887518607224,0.0475159017838751,0.03005358441197,-0.00149959373412446,missense|LC,3120682039,3,120682039,
MAPKAPK2,ENSG00000162889,0.0442173828858429,0.0297237945422182,0.142311631301639,0.00138742705395721,missense|LC,1206685320,1,206685320,
CATSPERE,ENSG00000179397,0.0442635511252123,0.122673428666342,0.0233855675409831,0.000542066370599623,missense|LC,1244461333,1,244461333,
GGT6,ENSG00000167741,0.0442788553737522,0.358061937875792,0.026751704711294,0.000353411671710795,missense|LC,17004551927,17,4551927,
FRS3,ENSG00000137218,0.0442933902983706,0.294430027901661,0.0255305467599649,0.00044190855837226,missense|LC,6041770547,6,41770547,
MED10,ENSG00000133398,0.0443055762485892,0.0244378306957322,0.624599435678888,-0.00415331843343476,missense|LC,5006372447,5,6372447,
SUPT3H,ENSG00000196284,0.0443348972211062,0.0329756975095404,0.0418215622038312,-0.00265174209693619,missense|LC,6044829718,6,44829718,
KLRC3,ENSG00000205810,0.0443992073643557,0.144682109535014,0.0228873436774006,-0.00194279454140306,missense|LC,12010415587,12,10415587,
KIR2DS4,ENSG00000221957,0.0444583667351047,0.42081884228112,0.0291887126829407,-0.00021389909253211,missense|LC,19054829331,19,54829331,
CCDC71L,ENSG00000253276,0.0444829708346459,0.488372357782339,0.0250145206077321,0.000333988560847612,missense|LC,7106660050,7,106660050,
C20orf194,ENSG00000088854,0.0444866737274793,0.159757052128843,0.0232268654475759,-0.000506240630091193,missense|LC,20003252562,20,3252562,
NACC1,ENSG00000160877,0.0444940624117626,0.0659118883178422,0.0277364846540642,0.00127866775799828,missense|LC,19013115177,19,13115177,
MCIDAS,ENSG00000234602,0.044520612939576,0.166037483598501,0.0332166410257972,-0.000730418414960568,missense|LC,5055220285,5,55220285,
CLASP2,ENSG00000163539,0.0445230223339281,0.0277605994516814,0.128167138968245,-0.000751392894932438,missense|LC,3033498605,3,33498605,
CHMP1A,ENSG00000131165,0.044525635971815,0.024103281881632,0.302988306998966,-0.00218968945222443,missense|LC,16089640478,16,89640478,
CCDC89,ENSG00000179071,0.044632860309737,0.0862986648903497,0.0320164572672305,-0.000890025999048926,missense|LC,11085684913,11,85684913,
CNTROB,ENSG00000170037,0.0446446728668842,0.0231470526128977,0.31154610528022,0.00078486398134163,missense|LC,17007927287,17,7927287,
FIBP,ENSG00000172500,0.0446640857586051,0.781714515336439,0.0252222504799584,-0.000203493628695438,missense|LC,11065879788,11,65879788,
F5,ENSG00000198734,0.0446660126652455,0.101170846560024,0.0249132334491263,0.000450532872982511,missense|LC,1169514240,1,169514240,
PCDHA9,ENSG00000204961,0.0446706117601284,0.0239156794056353,0.29794700265766,0.000605159302222971,missense|LC,5140843382,5,140843382,
CES3,ENSG00000172828,0.0447155595168311,0.0248077182637737,0.461756220351973,0.000830481765386411,missense|LC,16066961254,16,66961254,
ATP6V0E2,ENSG00000171130,0.0447791712628577,0.535277919647175,0.0245975721240503,-0.000361262128744054,missense|LC,7149873783,7,149873783,
SAP30,ENSG00000164105,0.0447907068290196,0.0240508926019699,0.555107928050683,0.00241149991850568,missense|LC,4173371062,4,173371062,
KCNJ1,ENSG00000151704,0.0448258275463784,0.0419737949671972,0.0539862916122268,-0.00192969184003731,missense|LC,11128839058,11,128839058,
RFX6,ENSG00000185002,0.0448329573774064,0.539580835112122,0.0241806996548016,0.000236070830380444,missense|LC,6116877216,6,116877216,
SURF4,ENSG00000148248,0.0448641480690019,0.901342047839929,0.0232101502914386,0.000186829117250366,missense|LC,9133356440,9,133356440,
TMEM126B,ENSG00000171204,0.0448743273992889,0.0346499461274297,0.0378747366296246,0.00170996303916976,missense|LC,11085628529,11,85628529,
DAB2,ENSG00000153071,0.0448997496056707,0.88047942235362,0.025179153730706,0.0000544461496882673,missense|LC,5039374990,5,39374990,
AP000781.2,ENSG00000254979,0.0449415999569303,0.922965003460582,0.024041077308653,0.000103621939146986,missense|LC,11057387411,11,57387411,
CCDC30,ENSG00000186409,0.0449475193964833,0.0819538869076404,0.0275750749492536,0.000698535306856422,missense|LC,1042536444,1,42536444,
ZNF627,ENSG00000198551,0.0449658532778531,0.0482840018828159,0.033645465557449,-0.00132354284173435,missense|LC,19011597511,19,11597511,
EIF3F,ENSG00000175390,0.0449860869043991,0.0682035566133734,0.0263116189762397,0.00114446079794865,missense|LC,11007987189,11,7987189,
OR2AT4,ENSG00000171561,0.045011860152971,0.149032475023186,0.0266590936311707,-0.000608303796081959,missense|LC,11075088671,11,75088671,
OSGIN1,ENSG00000140961,0.0450685057519057,0.14183700172823,0.0235232441322304,0.000375096617085708,missense|LC,16083949392,16,83949392,
SLC17A6,ENSG00000091664,0.0450756482370247,0.0580498807695058,0.0285283744973183,0.00133040950059676,missense|LC,11022338499,11,22338499,
CCL11,ENSG00000172156,0.0450829844976437,0.0254799302857165,0.569128930392468,0.00285135978336867,missense|LC,17034285755,17,34285755,
KRT7,ENSG00000135480,0.0451578280276599,0.87712235581567,0.0254198626308808,-0.0000620288274708863,missense|LC,12052229169,12,52229169,
CMTR2,ENSG00000180917,0.0452703935540661,0.0257297383978576,0.109246994044291,-0.00123317071623738,missense|LC,16071283508,16,71283508,
BPIFB1,ENSG00000125999,0.0454111763328784,0.0277135754218126,0.914726568621387,0.00090403213350419,missense|LC,20033286000,20,33286000,
OTX1,ENSG00000115507,0.0454521778507901,0.0237036707817684,0.357038398211495,0.00249180665525463,missense|LC,2063045048,2,63045048,
ZSCAN23,ENSG00000187987,0.0454859870582293,0.0927769446800472,0.026621189713555,0.00144531169090744,missense|LC,6028434359,6,28434359,
RAD50,ENSG00000113522,0.0454896092080034,0.0472592985329201,0.0351366777565822,-0.000628119535222975,missense|LC,5132556600,5,132556600,
C9orf50,ENSG00000179058,0.0455074565372084,0.783411817827744,0.0248746728828646,0.000101945710456686,missense|LC,9129612292,9,129612292,
SMIM39,ENSG00000284479,0.0455216163675647,0.683803220980818,0.0254599837347897,0.000968625529063488,missense|LC,2131034894,2,131034894,
CXCR2,ENSG00000180871,0.045587489013,0.0267179774302253,0.613808514124998,-0.00124049107682458,missense|LC,2218134709,2,218134709,
TESK1,ENSG00000107140,0.0456239024184666,0.0258852758677462,0.108277931246409,0.00121955704583715,missense|LC,9035605603,9,35605603,
DTX2,ENSG00000091073,0.0456254813938882,0.291526529150028,0.0251097426190515,0.00032963542112232,missense|LC,7076480410,7,76480410,
LRRIQ3,ENSG00000162620,0.0456366625689522,0.392010218425893,0.0242078554567475,-0.000412551578256845,missense|LC,1074026754,1,74026754,
ZNF644,ENSG00000122482,0.045672643126804,0.0241907152696913,0.190701006541883,0.000755366532714285,missense|LC,1090916707,1,90916707,
IQCA1,ENSG00000132321,0.0456898670641193,0.024901333504976,0.357249055934643,0.000678803973617043,missense|LC,2236324675,2,236324675,
PIK3R5,ENSG00000141506,0.0457230660892799,0.0321739695181947,0.0561338000290699,0.000726375289806588,missense|LC,17008880550,17,8880550,
IFT172,ENSG00000138002,0.0457853212598858,0.04406604094365,0.0391661551995488,0.000570947996009403,missense|LC,2027439669,2,27439669,
SLC18A2,ENSG00000165646,0.0458137606342738,0.261993664697692,0.0249186109641587,0.000889398197345274,missense|LC,10117241569,10,117241569,
RAB18,ENSG00000099246,0.045846643642827,0.0272326608463099,0.203239896652398,0.00318268139978272,missense|LC,10027504287,10,27504287,
TEX14,ENSG00000121101,0.0458515177452514,0.0250288816736146,0.261200208288453,0.000798335992151559,missense|LC,17058556975,17,58556975,
KLK14,ENSG00000129437,0.0458744122673761,0.629386155452473,0.0254294999187263,0.000209022393716547,missense|LC,19051077903,19,51077903,
SEPTIN11,ENSG00000138758,0.045894200490441,0.191341712797884,0.0256533102315384,-0.00605303621864286,missense|LC,4076949807,4,76949807,
STRIP2,ENSG00000128578,0.0459124070887121,0.0263428627075454,0.200369325619122,0.000805138669556681,missense|LC,7129434340,7,129434340,
S100A9,ENSG00000163220,0.0459367621454858,0.268123448602856,0.0241800215539116,-0.0018696900563249,missense|LC,1153358219,1,153358219,
GALNT17,ENSG00000185274,0.0459660356280627,0.765072741319628,0.0256823398819593,-0.000177539800467977,missense|LC,7071132731,7,71132731,
RHOBTB3,ENSG00000164292,0.0459898698212796,0.0497093716765863,0.0292563159377788,0.000911712874280943,missense|LC,5095731044,5,95731044,
ZNF692,ENSG00000171163,0.0460024994653883,0.0804712265243809,0.0278032311820393,0.00110441864943969,missense|LC,1248847146,1,248847146,
CLPSL1,ENSG00000204140,0.0460088306609381,0.0317924322213419,0.0462121527605359,-0.00208016142825402,missense|LC,6035776538,6,35776538,
ASL,ENSG00000126522,0.0460221878861991,0.0265075442441983,0.236674554768015,-0.00121993017776972,missense|LC,7066075964,7,66075964,
DEFB113,ENSG00000214642,0.0460531334951381,0.0284339903268017,0.0715661243505226,0.00380753613367196,missense|LC,6049964016,6,49964016,
PNPLA3,ENSG00000100344,0.0460673758682449,0.378652210078656,0.0239502353622518,-0.000406857090940008,missense|LC,22043923815,22,43923815,
ATXN2,ENSG00000204842,0.0460853477992804,0.0240225882885278,0.303635742557835,-0.000582652649556954,missense|LC,12111447217,12,111447217,
WDR24,ENSG00000127580,0.0461003905895512,0.0314448000572445,0.0566637009812503,-0.000870220253871819,missense|LC,16000680402,16,680402,
PABPN1L,ENSG00000205022,0.0461501125268616,0.0300289064612518,0.0535171936744765,-0.000643633602985073,missense|LC,16088858523,16,88858523,
CHRNB4,ENSG00000117971,0.0461782018257257,0.702825000675079,0.0254411078646543,-0.00011104660985058,missense|LC,15078620561,15,78620561,
LRRC36,ENSG00000159708,0.0462569180231067,0.0275624098411915,0.12567323182044,-0.000853435361677334,missense|LC,16067326578,16,67326578,
LRRC75A,ENSG00000181350,0.0463522106832682,0.410554773409356,0.0277135389729168,0.000593645859308997,missense|LC,17016436749,17,16436749,
AL359922.1,ENSG00000264545,0.0463686373718282,0.0257695793734409,0.361981755542326,0.00459914030900486,missense|LC,9021802655,9,21802655,
TNFRSF4,ENSG00000186827,0.0464167494193038,0.0286108146382983,0.41176703555197,-0.000937342616234399,missense|LC,1001206340,1,1206340,
GGACT,ENSG00000134864,0.0464348384820535,0.0247162601739386,0.445806563089714,0.00257456241573827,missense|LC,13100527639,13,100527639,
PCOLCE2,ENSG00000163710,0.0464532166518872,0.0253075408947636,0.235005491643797,-0.00130155106999367,missense|LC,3142818271,3,142818271,
BBC3,ENSG00000105327,0.0467676123521114,0.0358764630494923,0.040303483450574,-0.00131397970801141,missense|LC,19047221627,19,47221627,
OR8D1,ENSG00000196341,0.0467852312434515,0.0292019085547912,0.0577619163746299,-0.00101609012332087,missense|LC,11124309812,11,124309812,
YAP1,ENSG00000137693,0.0467933483692671,0.57693866053909,0.0235677998483941,0.000546630713803528,missense|LC,11102110737,11,102110737,
RUVBL1,ENSG00000175792,0.0468377347506846,0.0329978094420629,0.0745973745879009,0.00324525177285778,missense|LC,3128081159,3,128081159,
GDPGP1,ENSG00000183208,0.0468796606203904,0.0419799508791865,0.0433474531249733,0.00113173020150733,missense|LC,15090230384,15,90230384,
WIPF1,ENSG00000115935,0.0468806769286808,0.0505032778405661,0.0371864532334412,0.00133143713787933,missense|LC,2174561982,2,174561982,
LOX,ENSG00000113083,0.0468857633831397,0.635062179332634,0.0258343036602775,0.000410169857456529,missense|LC,5122066688,5,122066688,
LUC7L3,ENSG00000108848,0.0469048949231273,0.0269816629108536,0.1914247757501,-0.00162386360426883,missense|LC,17050719675,17,50719675,
CYB5R4,ENSG00000065615,0.0469612591685992,0.0731893497566288,0.0284988097806562,-0.00103368859709607,missense|LC,6083857194,6,83857194,
PPIL6,ENSG00000185250,0.0469911941237167,0.0252539951722335,0.202034733776411,-0.00169858109421302,missense|LC,6109392823,6,109392823,
ANKAR,ENSG00000151687,0.0470068145568872,0.0275949792907559,0.0941264055560778,0.000755935736389886,missense|LC,2189676391,2,189676391,
HBS1L,ENSG00000112339,0.0470278260458113,0.0244336404579233,0.615993351712177,-0.00230031862831566,missense|LC,6134965239,6,134965239,
FAM149A,ENSG00000109794,0.0470749411895389,0.0326665667982997,0.11640387946884,0.000497947590979603,missense|LC,4186144841,4,186144841,
ZNF770,ENSG00000198146,0.0470765286805739,0.028180335785839,0.0672512694781462,0.00118134617025975,missense|LC,15034981272,15,34981272,
GRIN2A,ENSG00000183454,0.0470892710562942,0.716511135963304,0.025970607283903,-0.000112524999360657,missense|LC,16009763073,16,9763073,
SPINK4,ENSG00000122711,0.0471011808836856,0.0310838960706061,0.0485172788493754,0.00130647353712234,missense|LC,9033240152,9,33240152,
LY6K,ENSG00000160886,0.0471259836951913,0.0250433754462952,0.223963366082294,-0.00187191233316052,missense|LC,8142700251,8,142700251,
OR52L1,ENSG00000183313,0.0471561712228254,0.0587841061743303,0.0306776515984513,-0.000814316864798596,missense|LC,11005985860,11,5985860,
TNFSF12,ENSG00000239697,0.0471977188475926,0.204539333348101,0.025925438061165,0.00114799970467386,missense|LC,17007549053,17,7549053,
ZNF540,ENSG00000171817,0.0472697929768798,0.0246013529335146,0.283243298707956,0.00121349976938631,missense|LC,19037598364,19,37598364,
IRF2BP2,ENSG00000168264,0.0473609558518784,0.433413668387579,0.0253012327963554,-0.00049655099527625,missense|LC,1234607093,1,234607093,
CPN1,ENSG00000120054,0.0473651923287499,0.0271059334650608,0.425181828630898,0.00152970912970553,missense|LC,10100042338,10,100042338,
SESN3,ENSG00000149212,0.0474289696591046,0.130733542932387,0.026266187431335,0.00126826595278447,missense|LC,11095173232,11,95173232,
RBM3,ENSG00000102317,0.0474553320907691,0.742763436816276,0.0298541969363715,-0.000371123605991706,missense|LC,23048575153,X,48575153,
CCDC65,ENSG00000139537,0.0474661461143693,0.0283819450274366,0.173628774414534,0.000867739881252345,missense|LC,12048904213,12,48904213,
DENND2D,ENSG00000162777,0.0474859168214615,0.531645215649022,0.0281825033340122,0.000317034383331586,missense|LC,1111182130,1,111182130,
NECAB2,ENSG00000103154,0.0476356496779885,0.0447070450868361,0.0387698450370901,0.000873539897753192,missense|LC,16083965039,16,83965039,
PROCR,ENSG00000101000,0.0476435582994281,0.031471815073662,0.0539446477744707,0.0014754744991341,missense|LC,20035172087,20,35172087,
ITGB3BP,ENSG00000142856,0.0476697777280944,0.0328835070996767,0.0796609159880267,-0.00493575064105938,missense|LC,1063436760,1,63436760,
PYGO1,ENSG00000171016,0.0476804283943809,0.0266034022169706,0.344550367885799,0.00107851821037639,missense|LC,15055545934,15,55545934,
NCL,ENSG00000115053,0.0477544888703483,0.788996794080411,0.0264028613429886,0.0000803566560704709,missense|LC,2231455107,2,231455107,
TUBB2A,ENSG00000137267,0.0477686214465561,0.038261679070541,0.0714446604325348,0.00269432034595022,missense|LC,6003152442,6,3152442,
SLC1A4,ENSG00000115902,0.0477730779215648,0.10743028854874,0.030535879257874,-0.00206084431774107,missense|LC,2064989542,2,64989542,
OR2J3,ENSG00000204701,0.0477862060022853,0.0681632929908547,0.0320161280587992,0.000911158205505877,missense|LC,6029111877,6,29111877,
FYB1,ENSG00000082074,0.0477907372298463,0.0266379881572599,0.131835535354242,-0.000925307952610139,missense|LC,5039107382,5,39107382,
SAR1A,ENSG00000079332,0.0478428626301625,0.782687637900746,0.0278014258508187,0.00053015339041743,missense|LC,10070142587,10,70142587,
ZNF439,ENSG00000171291,0.0478439928162737,0.531666459805693,0.0242860700342847,-0.000441548696776572,missense|LC,19011865958,19,11865958,
H2BC7,ENSG00000277224,0.0478566635396044,0.469519833966539,0.024431215041652,0.00105821187593102,missense|LC,6026196758,6,26196758,
FABP6,ENSG00000170231,0.0478732210229141,0.0316239354510728,0.0564949667644382,-0.00152820835020366,missense|LC,5160199031,5,160199031,
NTN1,ENSG00000065320,0.0478786155894156,0.393092842730062,0.0238629888372823,-0.000645442844955514,missense|LC,17009022249,17,9022249,
LRRC2,ENSG00000163827,0.0479315052000061,0.0330171292704184,0.43342148100753,0.000976374681793967,missense|LC,3046519008,3,46519008,
LRRC37B,ENSG00000185158,0.0479663888641456,0.241572669918973,0.0259463267564193,0.000377641272950913,missense|LC,17032021148,17,32021148,
EPS8,ENSG00000151491,0.0479792856831207,0.025526514751788,0.707019103183605,-0.000564518496097114,missense|LC,12015621303,12,15621303,
TRIM58,ENSG00000162722,0.0480720736447351,0.54522576053518,0.031153419299112,-0.000267754566541192,missense|LC,1247857085,1,247857085,
DNMT1,ENSG00000130816,0.0480748181282658,0.11124550763989,0.0267193564039474,-0.000631817171219476,missense|LC,19010133569,19,10133569,
TXN,ENSG00000136810,0.0481312695828217,0.061673707925526,0.043064047576721,-0.00202045041239803,missense|LC,9110244125,9,110244125,
TRIM43,ENSG00000144015,0.048264740211002,0.897847222496586,0.0249657301089234,-0.000146797553825861,missense|LC,2095590896,2,95590896,
PPP2R1B,ENSG00000137713,0.048286928580208,0.0289463207855087,0.278460291177189,-0.000870008682046084,missense|LC,11111721909,11,111721909,
AP3M1,ENSG00000185009,0.0483327335103811,0.0309987684474049,0.0884070736298875,-0.00132780077632201,missense|LC,10074117909,10,74117909,
TSPY1,ENSG00000258992,0.0483865683395149,0.0436785163754358,0.0628472542071016,-0.00118341907932094,missense|LC,24009467257,Y,9467257,
CPSF6,ENSG00000111605,0.0483884458505537,0.195024823645352,0.0259807810377852,0.00157163076773946,missense|LC,12069239526,12,69239526,
GINS2,ENSG00000131153,0.0484040450516995,0.697872624654587,0.0252864404756631,-0.000292983133973084,missense|LC,16085672354,16,85672354,
RARRES1,ENSG00000118849,0.0484146345075742,0.148219471589679,0.028887351531458,-0.000544038725738607,missense|LC,3158697598,3,158697598,
ELOB,ENSG00000103363,0.0484503316017898,0.7643075612529,0.027677325534852,-0.000440869523583156,missense|LC,16002766421,16,2766421,
PPP1R3C,ENSG00000119938,0.0484540374060495,0.0259101054351937,0.551027856718211,0.00216061801225078,missense|LC,10091629846,10,91629846,
RBM23,ENSG00000100461,0.0484804261416321,0.685143185528157,0.025695890498886,-0.000220207406004347,missense|LC,14022901613,14,22901613,
FOXE1,ENSG00000178919,0.0485250601854494,0.236590534680306,0.026370875755242,0.00039147728589887,missense|LC,9097853816,9,97853816,
C17orf107,ENSG00000205710,0.0485753192217963,0.0305755326965118,0.0626912565239879,0.00119688738523213,missense|LC,17004894537,17,4894537,
DNAJC21,ENSG00000168724,0.0486067091805865,0.0284324776501592,0.309855587086189,-0.000903163990586452,missense|LC,5034924807,5,34924807,
FMO2,ENSG00000094963,0.0486106010151603,0.0288241557205526,0.0744806500239524,0.000665455804539778,missense|LC,1171185628,1,171185628,
ZMYM2,ENSG00000121741,0.0486237851811171,0.0322116480891551,0.133788843305982,0.00134691119674915,missense|LC,13019965168,13,19965168,
AXIN2,ENSG00000168646,0.048671319258326,0.0263029426177861,0.627969820216361,0.000671049378759631,missense|LC,17065529838,17,65529838,
C6orf89,ENSG00000198663,0.0486925452747597,0.0486220205538839,0.0331235781448774,0.000905217997705683,missense|LC,6036885924,6,36885924,
PCDHGB3,ENSG00000262209,0.0487097364558018,0.0268630161007596,0.279108700540271,-0.000864407889736852,missense|LC,5141365248,5,141365248,
FAM95C,ENSG00000283486,0.0487379410811098,0.0372083317135602,0.0407751555424851,0.00135206959169825,missense|LC,9038543231,9,38543231,
NUDT15,ENSG00000136159,0.0487551292462811,0.186936426934458,0.0274643244986991,-0.000655796955696458,missense|LC,13048037647,13,48037647,
SHROOM2,ENSG00000146950,0.0488037914339936,0.787877707845708,0.0268760626435874,-0.0000593431982030769,missense|LC,23009786475,X,9786475,
VAV1,ENSG00000141968,0.0488475791722603,0.0749805165265898,0.0303997918379934,0.000768590818301116,missense|LC,19006772712,19,6772712,
RD3L,ENSG00000227729,0.0488510737651759,0.0257965249671572,0.839830613731713,-0.00320562305887523,missense|LC,14103940776,14,103940776,
ZNF174,ENSG00000103343,0.0488551470955572,0.65840942253646,0.0253203807252688,-0.000389124384461388,missense|LC,16003397075,16,3397075,
SAV1,ENSG00000151748,0.0488820442487186,0.197614487571911,0.0278260365715265,-0.000924852358724622,missense|LC,14050629947,14,50629947,
CLUH,ENSG00000132361,0.0489559479498611,0.0346235503684855,0.0745469989054031,0.000859725415596438,missense|LC,17002690507,17,2690507,
ADCYAP1,ENSG00000141433,0.0491385805796259,0.240867779024032,0.0259171783620394,0.00163892898657895,missense|LC,18000904297,18,904297,
ZNF407,ENSG00000215421,0.049177631016177,0.0666670886386126,0.0346783752546893,-0.000671390839730641,missense|LC,18074631027,18,74631027,
PLN,ENSG00000198523,0.049206825204379,0.0260298955951641,0.219675568966361,-0.00740986681118251,missense|LC,6118558870,6,118558870,
BCAP31,ENSG00000185825,0.0492303245722342,0.0706811565978926,0.0303594281710151,0.000962987976289772,missense|LC,23153700884,X,153700884,
DUSP9,ENSG00000130829,0.0492461368786926,0.341368711144155,0.0254000526490321,0.000846809157030015,missense|LC,23153647846,X,153647846,
C12orf45,ENSG00000151131,0.0492573421922232,0.20606255489623,0.0347568957489028,-0.000936078592599301,missense|LC,12104986292,12,104986292,
SPTBN1,ENSG00000115306,0.0492722616737008,0.85855394494977,0.0267412917125801,-0.0000551291323107283,missense|LC,2054526308,2,54526308,
CD8A,ENSG00000153563,0.0492889542030154,0.941249257260972,0.0260486981989499,-0.0000741954620771055,missense|LC,2086785881,2,86785881,
DPF2,ENSG00000133884,0.0493010903623097,0.0251517721417195,0.714369365180684,-0.00364360650405916,missense|LC,11065333764,11,65333764,
WIPF2,ENSG00000171475,0.049507427887576,0.0396771954230666,0.0383573565029149,-0.000991217136257304,missense|LC,17040256331,17,40256331,
FREM1,ENSG00000164946,0.0495344242496397,0.30830273783376,0.0251534967911684,0.000230803408219132,missense|LC,9014737353,9,14737353,
ZNF365,ENSG00000138311,0.0495668810674715,0.161554080736729,0.0261834627378844,-0.00112283156257605,missense|LC,10062376086,10,62376086,
PTGER3,ENSG00000050628,0.0497418718534265,0.0341316347558104,0.0856208960043126,0.000965842840215233,missense|LC,1070952434,1,70952434,
RNF40,ENSG00000103549,0.0497630427892739,0.0478486850140033,0.0441852254838033,-0.00104319736718003,missense|LC,16030756999,16,30756999,
CRLF1,ENSG00000006016,0.049769655540403,0.0419231682346258,0.044323634032063,0.00141336982175852,missense|LC,19018588724,19,18588724,
DEFB131A,ENSG00000186146,0.0498771756657764,0.0291628713368618,0.306548595929696,0.00182527002575332,missense|LC,4009444442,4,9444442,
ZBTB16,ENSG00000109906,0.0499001408264332,0.0371767537116217,0.0419668203141275,-0.00145502125923829,missense|LC,11114063214,11,114063214,
B2M,ENSG00000166710,0.0499591366519078,0.164152833344034,0.0277298444969856,0.00384280781811738,missense|LC,15044711457,15,44711457,
PSMB4,ENSG00000159377,0.0499930846667481,0.0406231011078175,0.0714431622646954,-0.00274395757683984,missense|LC,1151399482,1,151399482,
MADD,ENSG00000110514,0.0500343228945257,0.513285060440021,0.0255872139432797,0.000185894160694687,missense|LC,11047267879,11,47267879,
FOXA1,ENSG00000129514,0.0500576265170699,0.0264243831703637,0.647849185980692,0.00150226630242081,missense|LC,14037591272,14,37591272,
IKZF4,ENSG00000123411,0.0500589762792377,0.216020469275864,0.0284547407244221,-0.000470890122363941,missense|LC,12056018069,12,56018069,
DKKL1,ENSG00000104901,0.0500634620727977,0.0285982360257047,0.683757316972066,-0.00122181498515466,missense|LC,19049359364,19,49359364,
KRTAP10-4,ENSG00000215454,0.0501275024238725,0.231648885869548,0.0280073545778629,0.000652010777153768,missense|LC,21044573609,21,44573609,
ZNF613,ENSG00000176024,0.0501354220202107,0.128645262760337,0.030185451287457,0.000726324950963112,missense|LC,19051936131,19,51936131,
JUNB,ENSG00000171223,0.0501837130090935,0.325743420367599,0.0264540273572962,-0.00148422969289411,missense|LC,19012791715,19,12791715,
ACLY,ENSG00000131473,0.0502551501113521,0.0354683684847676,0.0645371154628626,-0.00100163535562354,missense|LC,17041864728,17,41864728,
SLC12A7,ENSG00000113504,0.0502877129965965,0.0436476472648966,0.0493018990471182,-0.000634521559852441,missense|LC,5001052303,5,1052303,
ZC3H11A,ENSG00000058673,0.0503011147650428,0.0266145013240082,0.341575496774925,0.00128401341178125,missense|LC,1203797437,1,203797437,
ARFGAP3,ENSG00000242247,0.0503614445407692,0.23166981668243,0.026050972365107,0.000792752502390224,missense|LC,22042793003,22,42793003,
SPEM2,ENSG00000184560,0.0503843315122769,0.224469950666283,0.0283276551677598,0.000408758787347122,missense|LC,17007420618,17,7420618,
UST,ENSG00000111962,0.0504547041629314,0.260164876849048,0.0332254722720593,-0.000558865993139735,missense|LC,6148747297,6,148747297,
WDR13,ENSG00000101940,0.050484776000815,0.501530778997493,0.0277244224813997,0.000498244634851135,missense|LC,23048597851,X,48597851,
RAB8A,ENSG00000167461,0.0505390229276619,0.0295010481291905,0.139594867076557,0.00379997773689769,missense|LC,19016111759,19,16111759,
OMD,ENSG00000127083,0.0505586146152142,0.0315369780071241,0.162584033783729,-0.00118105340509244,missense|LC,9092415108,9,92415108,
KANK4,ENSG00000132854,0.0505825228910243,0.0271060582070015,0.275862941850543,0.00076937964821762,missense|LC,1062238233,1,62238233,
CLDN16,ENSG00000113946,0.0505883816469611,0.753940337416865,0.0319478124168171,0.000221690537047682,missense|LC,3190388164,3,190388164,
FFAR2,ENSG00000126262,0.0506040680553695,0.669112330759782,0.0271221531181118,0.000236949857616514,missense|LC,19035449622,19,35449622,
ICAM5,ENSG00000105376,0.0506860105793697,0.0269919713699652,0.262256091817845,0.0016955478421765,missense|LC,19010284952,19,10284952,
ST13,ENSG00000100380,0.0507013551215043,0.128833133671456,0.0274377970769141,0.00139756047401956,missense|LC,22040826451,22,40826451,
ABCA8,ENSG00000141338,0.0507113718398149,0.112218994740734,0.0283236453380457,-0.000404449411271276,missense|LC,17068868042,17,68868042,
PLCB2,ENSG00000137841,0.0508377113628573,0.0279812150640205,0.252172303954163,-0.000667731658653476,missense|LC,15040285456,15,40285456,
ARID1A,ENSG00000117713,0.0508454763009353,0.783065898350009,0.0260613944201326,-0.0000760177106664184,missense|LC,1026695146,1,26695146,
DENND3,ENSG00000105339,0.0509242459525437,0.0266639397508208,0.481711853238947,-0.000810151449916197,missense|LC,8141128641,8,141128641,
FAM214A,ENSG00000047346,0.0509500249219557,0.241606804781858,0.0274971145519132,0.000340912170613689,missense|LC,15052582091,15,52582091,
KAT2B,ENSG00000114166,0.050990905095446,0.0268015943703628,0.705771299985988,-0.000727394868465572,missense|LC,3020040358,3,20040358,
RAB36,ENSG00000100228,0.0510754096266169,0.63284301402083,0.0276651414050521,0.000420566696347397,missense|LC,22023140333,22,23140333,
CDC123,ENSG00000151465,0.0510770943861987,0.414758277931274,0.0253277100405842,-0.00106504027992221,missense|LC,10012196136,10,12196136,
CBX2,ENSG00000173894,0.0511145734112466,0.955735821576939,0.028991555194415,0.0000117646239842677,missense|LC,17079778184,17,79778184,
HAMP,ENSG00000105697,0.0511355478398257,0.240212433524902,0.0319034660619558,-0.000678472195407023,missense|LC,19035278616,19,35278616,
CYFIP2,ENSG00000055163,0.0512399815059683,0.12836791007873,0.0295434537174779,-0.00144965551206364,missense|LC,5157285301,5,157285301,
SMR3A,ENSG00000109208,0.0512558669264984,0.105276592545131,0.0286494444341848,0.0021463432701729,missense|LC,4070361956,4,70361956,
PEMT,ENSG00000133027,0.0512634359784992,0.0292547757480133,0.446114104527233,0.00103005378447976,missense|LC,17017505679,17,17505679,
TLR2,ENSG00000137462,0.0512738462620239,0.879518882453111,0.0284348481144792,-0.0000632224079134314,missense|LC,4153702828,4,153702828,
OR6C76,ENSG00000185821,0.0512849960261428,0.317412280891782,0.0308713810862535,0.000556362882561263,missense|LC,12055426227,12,55426227,
PLPP5,ENSG00000147535,0.0512874841726718,0.0271690197980833,0.155735086974085,0.00202385527327082,missense|LC,8038260013,8,38260013,
USP16,ENSG00000156256,0.051299067774028,0.51566058380859,0.0286470277548642,0.000341321752653631,missense|LC,21029024634,21,29024634,
SLFN12L,ENSG00000205045,0.0513000914469064,0.0506379289258752,0.0527176003017197,-0.00316573444064643,missense|LC,17035474829,17,35474829,
NKAP,ENSG00000101882,0.0513431504720664,0.748153366275085,0.0272567336005997,-0.000286749198892991,missense|LC,23119919849,X,119919849,
ZNF687,ENSG00000143373,0.0514987876278319,0.0658492521186163,0.0325471011555026,0.000632346266876383,missense|LC,1151281939,1,151281939,
ZNF324,ENSG00000083812,0.0515048852148879,0.286096642034566,0.0283240506183641,-0.000376280390017456,missense|LC,19058468113,19,58468113,
ADNP,ENSG00000101126,0.0515353768339051,0.944256481007142,0.0285205817930299,-0.0000219721338371592,missense|LC,20050890832,20,50890832,
KCND1,ENSG00000102057,0.0515508027980761,0.0289582460682949,0.0858447286485937,-0.00081235442200244,missense|LC,23048956891,X,48956891,
ZNF761,ENSG00000160336,0.0515539496448311,0.028580088822003,0.240447307699233,0.00887306702696096,missense|LC,19053447236,19,53447236,
RBM22,ENSG00000086589,0.0516019098495882,0.0270563442664118,0.354387523714484,0.00307780364849094,missense|LC,5150691631,5,150691631,
CS,ENSG00000062485,0.0516511768703588,0.0731862562010422,0.0317384626260853,0.00120223556664493,missense|LC,12056266995,12,56266995,
NPHP3-ACAD11,ENSG00000274810,0.0516724715717833,0.103640614069096,0.035069969776428,0.00078056491666677,missense|LC,3132644839,3,132644839,
LRRC75B,ENSG00000178026,0.0516820758078503,0.47387001815713,0.0284230425023166,0.000235303110292062,missense|LC,22024585806,22,24585806,
RECQL5,ENSG00000108469,0.0517000012192874,0.0298215170320983,0.0977944754918642,-0.000656621443558838,missense|LC,17075627380,17,75627380,
PTPRT,ENSG00000196090,0.0517999522995549,0.0303651741867709,0.502623763380021,-0.000537533163667457,missense|LC,20042080812,20,42080812,
IHH,ENSG00000163501,0.051861515725788,0.0316846414522303,0.0983400063479474,-0.00144565822874804,missense|LC,2219055118,2,219055118,
RSPH4A,ENSG00000111834,0.0519016185784913,0.271979742111602,0.0279656569234442,0.000542363747390289,missense|LC,6116616563,6,116616563,
DCHS2,ENSG00000197410,0.0519296466275859,0.948872970000902,0.0275151425163651,0.00000853455039003415,missense|LC,4154234406,4,154234406,
INHBC,ENSG00000175189,0.0519462673485079,0.030412413656431,0.107909713102281,-0.00216145262397143,missense|LC,12057430439,12,57430439,
EMC4,ENSG00000128463,0.0519574876637815,0.118569108386209,0.0338792311146292,-0.00228873754567068,missense|LC,15034225060,15,34225060,
STX10,ENSG00000104915,0.0519779709880115,0.679968362537542,0.0281121253766199,-0.000432215572825206,missense|LC,19013144282,19,13144282,
PACSIN3,ENSG00000165912,0.0520124310835316,0.0284872801264786,0.252117891617949,0.00130794689578411,missense|LC,11047172590,11,47172590,
NFKBIZ,ENSG00000144802,0.0520322164361242,0.140011509035662,0.0287013174406228,-0.000541120063034601,missense|LC,3101849533,3,101849533,
PID1,ENSG00000153823,0.0520903691963978,0.0330888255857117,0.0728252368789966,-0.00137538613663551,missense|LC,2229025583,2,229025583,
NIPA2,ENSG00000140157,0.0521113951242668,0.112558217912881,0.0324866193208098,0.00074886976871384,missense|LC,15022851670,15,22851670,
SENP7,ENSG00000138468,0.0521287341217263,0.818968918241816,0.0272413596361268,0.000135735477805018,missense|LC,3101319485,3,101319485,
COL26A1,ENSG00000160963,0.0521374365468347,0.479940750312312,0.0287868043249663,0.000219167257323292,missense|LC,7101362934,7,101362934,
LPAR3,ENSG00000171517,0.0521405501571562,0.128751534836996,0.0284811247861989,-0.00135653250721353,missense|LC,1084813801,1,84813801,
OR52N1,ENSG00000181001,0.0521574915839625,0.0469088509131173,0.0465039122222783,0.00165061710699122,missense|LC,11005787795,11,5787795,
CCDC181,ENSG00000117477,0.0521653364877059,0.0273309912487414,0.569263058772103,0.00124088052365519,missense|LC,1169394978,1,169394978,
DPPA3,ENSG00000187569,0.0521750172745283,0.0411896261706348,0.0553266593301381,-0.00263079694057507,missense|LC,12007711504,12,7711504,
EVX1,ENSG00000106038,0.0521813805224395,0.227558869900579,0.028613677944856,-0.000586157632312019,missense|LC,7027242924,7,27242924,
BBS12,ENSG00000181004,0.0521894903283845,0.0301172857484142,0.445257737232094,0.000850528861218416,missense|LC,4122741822,4,122741822,
ELFN2,ENSG00000166897,0.0521965760622956,0.0285908085589643,0.163507789246611,-0.000838869944913743,missense|LC,22037372967,22,37372967,
CTNNBIP1,ENSG00000178585,0.0522917592721872,0.223350860252162,0.0320889353131419,0.00231119396840959,missense|LC,1009850649,1,9850649,
NUMBL,ENSG00000105245,0.0523235584058179,0.578308145409498,0.0293655599804741,0.000185931268755967,missense|LC,19040667340,19,40667340,
GRIK2,ENSG00000164418,0.052345588031156,0.26861379387087,0.0301488647518737,-0.000731706198468717,missense|LC,6101399282,6,101399282,
IVNS1ABP,ENSG00000116679,0.0523678824990802,0.0383978534715497,0.0545456520947121,0.00150642274988629,missense|LC,1185297955,1,185297955,
RAD51C,ENSG00000108384,0.0524885871854447,0.0487312476939177,0.0359161583866917,-0.00083679995199568,missense|LC,17058692529,17,58692529,
ACSL5,ENSG00000197142,0.0524957977176373,0.556491552321882,0.0270527708181421,-0.000414951919872173,missense|LC,10112376203,10,112376203,
DLGAP4,ENSG00000080845,0.0525780527259727,0.0284099103217791,0.15405152805135,-0.000948841249943889,missense|LC,20036431619,20,36431619,
TIMM8B,ENSG00000150779,0.0525930887889304,0.0281470396862635,0.619123440204039,-0.00374687455210708,missense|LC,11112080340,11,112080340,
IL11,ENSG00000095752,0.0526190764911065,0.444225088834877,0.0303027335421762,-0.000491067750407735,missense|LC,19055359358,19,55359358,
DCLRE1B,ENSG00000118655,0.0526733557536153,0.0303505394921,0.207934466348772,0.00108525537777806,missense|LC,1113900330,1,113900330,
CDK5RAP3,ENSG00000108465,0.052742497028841,0.372161175996461,0.0304022887275344,-0.000423883447438606,missense|LC,17047970593,17,47970593,
KIF14,ENSG00000118193,0.052759543394657,0.0279065312467113,0.176831721141379,-0.000572788574193589,missense|LC,1200553302,1,200553302,
HMGB3,ENSG00000029993,0.0527625646073967,0.786402976494723,0.0305944567281624,-0.000271422713835158,missense|LC,23150980565,X,150980565,
TRPM5,ENSG00000070985,0.0528267056035168,0.467924149016833,0.027390884835818,0.00018810470461637,missense|LC,11002402539,11,2402539,
ZNF623,ENSG00000183309,0.0528564144376362,0.954907057655225,0.0303784081062159,0.0000125625720719648,missense|LC,8143649784,8,143649784,
IQANK1,ENSG00000203499,0.0528639999314855,0.0377868192431616,0.047269204764097,0.000935844161807818,missense|LC,8143729140,8,143729140,
TNNI2,ENSG00000130598,0.0528929099023743,0.108599993228029,0.0301020168788522,-0.00171150912709898,missense|LC,11001834494,11,1834494,
C10orf62,ENSG00000203942,0.0529044465925717,0.780240334141337,0.030477001905046,-0.000236744347248517,missense|LC,10097584723,10,97584723,
SURF2,ENSG00000148291,0.0529072584519215,0.573134198514824,0.0305914783652792,-0.000314079120635621,missense|LC,9133351821,9,133351821,
DHX30,ENSG00000132153,0.0529160023720724,0.644317384997471,0.028347306380152,0.000329168960909984,missense|LC,3047810607,3,47810607,
SLC22A31,ENSG00000259803,0.052932836787964,0.028633702995333,0.461063856996771,0.00107650739934071,missense|LC,16089191241,16,89191241,
SEPTIN10,ENSG00000186522,0.0529372431872385,0.968894467620448,0.0284514934971618,0.00000426279212875457,missense|LC,2109544079,2,109544079,
H2AC4,ENSG00000278463,0.0529571896083891,0.239546220935327,0.0285434164006254,-0.00123037235807604,missense|LC,6026031562,6,26031562,
PPP4R3B,ENSG00000275052,0.0530231333164429,0.496875346573847,0.0292638141037899,-0.000239433693682748,missense|LC,2055543867,2,55543867,
TTC9,ENSG00000133985,0.0530289495377929,0.0343874496479623,0.12721866389217,-0.0014963093478816,missense|LC,14070642033,14,70642033,
ZSCAN31,ENSG00000235109,0.0530372465184661,0.0594820135986107,0.0341562644490825,-0.000558276330828706,missense|LC,6028326091,6,28326091,
JCHAIN,ENSG00000132465,0.0531181586788237,0.868479362258199,0.0279806571169909,-0.000345459845257572,missense|LC,4070656296,4,70656296,
SIX3,ENSG00000138083,0.0531218467699738,0.0788025059929693,0.0332207901570709,-0.00106825504083323,missense|LC,2044942048,2,44942048,
DPH5,ENSG00000117543,0.0532471760709899,0.0306217946370775,0.11528777499649,0.00421561961838329,missense|LC,1100990344,1,100990344,
CCDC112,ENSG00000164221,0.0533087705805793,0.0279907457977961,0.217161505497434,-0.00142542993015915,missense|LC,5115262617,5,115262617,
TERF2IP,ENSG00000166848,0.0533857696803913,0.490184122511084,0.0270099912327317,0.000662522378131399,missense|LC,16075644209,16,75644209,
OR13C2,ENSG00000276119,0.0534057766518807,0.0622753890596749,0.0441285679786149,-0.00151653370011427,missense|LC,9104604603,9,104604603,
ZNF195,ENSG00000005801,0.0534188491224808,0.958576362568235,0.02818123733012,-0.0000288260986309838,missense|LC,11003358985,11,3358985,
NUP54,ENSG00000138750,0.0535131321271061,0.0296667810334532,0.33299748599278,0.00185839916998923,missense|LC,4076112275,4,76112275,
ABHD18,ENSG00000164074,0.0535164085042663,0.042328890738163,0.142823673056995,-0.00174577828821288,missense|LC,4127964967,4,127964967,
FBF1,ENSG00000188878,0.0535186683045961,0.415074529164701,0.0286842987499688,-0.000212964332045611,missense|LC,17075910724,17,75910724,
SNX31,ENSG00000174226,0.0535415207093866,0.0518559149118558,0.0433310102225871,-0.00125720940312828,missense|LC,8100573827,8,100573827,
SINHCAF,ENSG00000139146,0.0535825231726419,0.028197374160235,0.20404817529802,-0.00484354784917877,missense|LC,12031282641,12,31282641,
GATAD1,ENSG00000157259,0.0536035141897766,0.842511046640318,0.0278532556444551,-0.000276448514297516,missense|LC,7092447588,7,92447588,
PNOC,ENSG00000168081,0.0536363752081654,0.0295589394173752,0.426187437011536,-0.00276704874174211,missense|LC,8028329061,8,28329061,
SLC35A2,ENSG00000102100,0.0536397885282329,0.0290324144464846,0.188367718113412,-0.00222918923495193,missense|LC,23048901059,X,48901059,
MBD6,ENSG00000166987,0.0536812677839675,0.0287557763455725,0.43724077336978,-0.000923351521509494,missense|LC,12057524248,12,57524248,
URB1,ENSG00000142207,0.0537586128173857,0.114281488973752,0.0308578870303053,0.000411033126761963,missense|LC,21032306586,21,32306586,
SCNN1B,ENSG00000168447,0.0537805661782064,0.0416675568453512,0.0507398744053396,-0.000642936233754489,missense|LC,16023304008,16,23304008,
ST18,ENSG00000147488,0.0537889118696736,0.0995863613474047,0.0305415449076403,-0.000587087501514412,missense|LC,8052113088,8,52113088,
PRM3,ENSG00000178257,0.053801729636051,0.0960282940423018,0.0325767353754007,-0.000643878478219094,missense|LC,16011268761,16,11268761,
TMEM263,ENSG00000151135,0.0538442548580029,0.19169812400677,0.0313277020360186,0.00263194963729839,missense|LC,12106955371,12,106955371,
PHKB,ENSG00000102893,0.0538585266666741,0.24819728983131,0.0288584539614868,0.0003214649314155,missense|LC,16047459094,16,47459094,
ANAPC1,ENSG00000153107,0.0538760942281098,0.249417995729589,0.0284566558179626,-0.000336958998529679,missense|LC,2111769205,2,111769205,
HES1,ENSG00000114315,0.0539147184794877,0.0801735565027678,0.0332488519207526,0.00168959511369535,missense|LC,3194136364,3,194136364,
TMCO2,ENSG00000188800,0.0539538942667989,0.0297240521370052,0.160459707315419,0.00426131207531561,missense|LC,1040247944,1,40247944,
RIC8B,ENSG00000111785,0.0539897600047555,0.0378613385159527,0.115738383559126,0.00104928184361889,missense|LC,12106774689,12,106774689,
PCDHA3,ENSG00000255408,0.053994981978025,0.0302319199725563,0.107313685406308,0.000838353406857308,missense|LC,5140796057,5,140796057,
SH3PXD2B,ENSG00000174705,0.0540691621933643,0.0740900762699018,0.0368994943667751,-0.000788765615080646,missense|LC,5172333431,5,172333431,
AC110275.1,ENSG00000254673,0.0540881850174213,0.034690617440629,0.0987650397181283,0.0064971345198139,missense|LC,8043013427,8,43013427,
PKD2,ENSG00000118762,0.054090070639974,0.729693593785633,0.0281849988563266,-0.00012730291206112,missense|LC,4088007652,4,88007652,
MT1HL1,ENSG00000244020,0.0541639148909914,0.0354600299000254,0.0730161924790811,-0.00120961570201196,missense|LC,1237004010,1,237004010,
PPP1R10,ENSG00000204569,0.0541802738073659,0.423389695473263,0.0318174718271033,-0.000331168542873879,missense|LC,6030601490,6,30601490,
GPHA2,ENSG00000149735,0.0542205623806735,0.0314474110385805,0.102796226960438,-0.0026287083990454,missense|LC,11064930251,11,64930251,
LMNTD1,ENSG00000152936,0.0542391254215193,0.0428717552150342,0.0424854894914447,-0.000927219478053086,missense|LC,12025503723,12,25503723,
SIPA1L1,ENSG00000197555,0.0542809632786196,0.689957656769883,0.0291749701681079,0.000146678636214888,missense|LC,14071587801,14,71587801,
SAMD11,ENSG00000187634,0.0542917011427175,0.0296509960173656,0.190438350181983,0.000745770583898173,missense|LC,1000925880,1,925880,
OR8B4,ENSG00000280090,0.0543297601262883,0.0685524095176907,0.0404697664608358,0.00182890259942924,missense|LC,11124423908,11,124423908,
IFT20,ENSG00000109083,0.0543350557786718,0.0281001372169392,0.599869765427879,0.00461079554369858,missense|LC,17028325389,17,28325389,
AC135178.3,ENSG00000263809,0.0543378252899087,0.0302585900658663,0.269165781670178,0.00830683906174015,missense|LC,17008368979,17,8368979,
PLA2G4B,ENSG00000243708,0.0543775572126576,0.0282370350581435,0.22213152119886,0.000748977225803547,missense|LC,15041834609,15,41834609,
CACNG4,ENSG00000075461,0.0544383694873112,0.0581900944359637,0.0371563146834988,0.00677906430365892,missense|LC,17066964841,17,66964841,
MRPL28,ENSG00000086504,0.0544499869592651,0.402740280374223,0.0324697308146205,0.0005280990507972,missense|LC,16000367611,16,367611,
CFHR3,ENSG00000116785,0.0545383752630637,0.742161190454501,0.0306494864495529,-0.000128938183893922,missense|LC,1196774846,1,196774846,
HIRIP3,ENSG00000149929,0.0545457939399774,0.0547054394297966,0.0380960115137076,0.000783831525688859,missense|LC,16029987333,16,29987333,
FGF21,ENSG00000105550,0.0545897003980528,0.628837579507762,0.0296142144695953,-0.000362632132313135,missense|LC,19048750525,19,48750525,
TNNT3,ENSG00000130595,0.0546008800170573,0.0390514896691558,0.0761569974837317,0.00210325305463227,missense|LC,11001922784,11,1922784,
CCDC27,ENSG00000162592,0.0546159862470817,0.351939513422416,0.0293788063396767,0.000254121261599024,missense|LC,1003752402,1,3752402,
SPATA31D1,ENSG00000214929,0.05461969978687,0.0287058684126549,0.366630852235061,0.000390443083011261,missense|LC,9081988674,9,81988674,
RBPMS2,ENSG00000166831,0.0546313595729185,0.0397513860132194,0.162113295540023,0.00115409169287416,missense|LC,15064741122,15,64741122,
ISY1-RAB43,ENSG00000261796,0.054631720029195,0.535876486146601,0.0277949882776043,-0.000794413013053239,missense|LC,3129091020,3,129091020,
CPPED1,ENSG00000103381,0.0546651389204297,0.0305668037964718,0.357420550734552,0.000605096598006571,missense|LC,16012664279,16,12664279,
RNPEPL1,ENSG00000142327,0.0546855968061064,0.0344219584903011,0.933918931702219,0.000896438747166803,missense|LC,2240568531,2,240568531,
GLUD2,ENSG00000182890,0.0547371419588299,0.0970452084786552,0.0325739436500967,0.000939768400582686,missense|LC,23121047649,X,121047649,
AMER3,ENSG00000178171,0.0547441735065481,0.512716606299153,0.0274272489216931,-0.000315682735632361,missense|LC,2130761978,2,130761978,
PTPRS,ENSG00000105426,0.0547591614857266,0.0439710347369811,0.060665829542332,0.000577281380827984,missense|LC,19005206709,19,5206709,
ST14,ENSG00000149418,0.0547851751716963,0.0306338534598317,0.110392378918724,0.000932554087550701,missense|LC,11130159915,11,130159915,
COMMD2,ENSG00000114744,0.0547902654599552,0.0367682253241198,0.21821746700432,-0.00111459012050808,missense|LC,3149741479,3,149741479,
TMEM106C,ENSG00000134291,0.0548039309083346,0.0326302487154366,0.245727827808606,-0.00186452266519813,missense|LC,12047964142,12,47964142,
GNG12,ENSG00000172380,0.0548277515929265,0.121688612087974,0.0375242470701367,0.00237977455831118,missense|LC,1067705311,1,67705311,
MT1B,ENSG00000169688,0.0548493694006383,0.0334299212674414,0.180837356968464,0.00086195069777188,missense|LC,16056651864,16,56651864,
ANKRD66,ENSG00000230062,0.0548625434379116,0.0478812740205166,0.0400322626622134,0.000779658737186689,missense|LC,6046746850,6,46746850,
TTC17,ENSG00000052841,0.0548627729676399,0.246981961473702,0.028462989200192,-0.000614193898158477,missense|LC,11043358831,11,43358831,
PGLS,ENSG00000130313,0.0548780831310779,0.211687639004026,0.0304673823860151,0.000531280073675916,missense|LC,19017511459,19,17511459,
PLPPR4,ENSG00000117600,0.0548786509538303,0.51789948597081,0.0328255166601215,0.000268794784453576,missense|LC,1099264383,1,99264383,
CT55,ENSG00000169551,0.0549055514858987,0.0305673238480373,0.591752819182748,0.00255339780913304,missense|LC,23135158192,X,135158192,
CCN5,ENSG00000064205,0.0549769088425289,0.37743265626063,0.0287872302632088,0.000818192984381783,missense|LC,20044715319,20,44715319,
SYCP1,ENSG00000198765,0.0549877692880708,0.0312905051396175,0.0916227038877908,0.000786356535109894,missense|LC,1114855404,1,114855404,
ACTR5,ENSG00000101442,0.0549917628004151,0.0398451742291159,0.0521764002699014,-0.00113999998808462,missense|LC,20038748352,20,38748352,
RPS14,ENSG00000164587,0.0550173819323169,0.701997355872635,0.02919937656278,0.00141806220520769,missense|LC,5150444139,5,150444139,
SETSIP,ENSG00000230667,0.0550556531514372,0.0322541356467745,0.382946042578539,0.00074689635232485,missense|LC,1092074536,1,92074536,
TAS2R60,ENSG00000185899,0.0550931745730411,0.880030622229017,0.0283142539553172,0.0001445365259238,missense|LC,7143443381,7,143443381,
PRND,ENSG00000171864,0.0551025195545195,0.84594016387023,0.0282256850015602,-0.00030450942257378,missense|LC,20004724444,20,4724444,
PRF1,ENSG00000180644,0.0551997022310308,0.3277662261428,0.0317362107530952,0.000382227427010944,missense|LC,10070597941,10,70597941,
UFL1,ENSG00000014123,0.0552050372398321,0.0664002551917354,0.0403232734912752,0.00115563888521669,missense|LC,6096521761,6,96521761,
KLF7,ENSG00000118263,0.0552257478228566,0.0545150915827687,0.045409377312762,-0.00247216002931772,missense|LC,2207081147,2,207081147,
CGB8,ENSG00000213030,0.0553016544603824,0.0351621242162465,0.0716288677648815,-0.00217263325999008,missense|LC,19049043735,19,49043735,
GPER1,ENSG00000164850,0.0553017191909186,0.0317515342561285,0.532066860866116,-0.000786122996146937,missense|LC,7001091683,7,1091683,
GALNT10,ENSG00000164574,0.0553086437682877,0.0360210054416473,0.109008195647224,0.00139542407418624,missense|LC,5154190799,5,154190799,
FOXI1,ENSG00000168269,0.055322447044329,0.0354238429132802,0.284799617403848,-0.000916228092863783,missense|LC,5170105925,5,170105925,
GPR176,ENSG00000166073,0.055416299961177,0.657480908443236,0.0290316783346553,-0.00035800725186921,missense|LC,15039801074,15,39801074,
TEX10,ENSG00000136891,0.0554777370387506,0.227044700721851,0.0319167899625472,-0.000492490832331192,missense|LC,9100297087,9,100297087,
FAM3A,ENSG00000071889,0.0555044569218721,0.060159466391013,0.0372031987432206,-0.00203614968751985,missense|LC,23154506771,X,154506771,
TEX46,ENSG00000227868,0.0555053645526344,0.378136557489022,0.0307440065207223,0.00145302614720698,missense|LC,1023010845,1,23010845,
ABHD15,ENSG00000168792,0.0555178296241207,0.0957092869413589,0.0328934958903024,-0.000638852625273258,missense|LC,17029562467,17,29562467,
IPO9,ENSG00000198700,0.0555457813669095,0.404110214603046,0.0291141657933571,0.000602558168057089,missense|LC,1201829086,1,201829086,
VWC2L,ENSG00000174453,0.0555570226402883,0.196864409543876,0.042546010778812,-0.000847946181758473,missense|LC,2214410046,2,214410046,
CXCL2,ENSG00000081041,0.0555617549135918,0.0440272441779032,0.0540497052309707,-0.00102158646823165,missense|LC,4074097665,4,74097665,
CGB5,ENSG00000189052,0.0555935188899704,0.104640222808575,0.0342399922938201,-0.000989602926553709,missense|LC,19049043735,19,49043735,
DBX1,ENSG00000109851,0.0556278708682577,0.0382204274804907,0.527865350129912,0.000937340301563806,missense|LC,11020156080,11,20156080,
HDX,ENSG00000165259,0.0556839842708912,0.0291031570629556,0.511005011390354,0.00173750478449206,missense|LC,23084321841,X,84321841,
MMS19,ENSG00000155229,0.0556962037958134,0.037724513786179,0.0650921409474046,0.000653017577695156,missense|LC,10097453409,10,97453409,
ADCY3,ENSG00000138031,0.0557312438510877,0.248888233849462,0.0288471104291212,-0.00048535995131185,missense|LC,2024814391,2,24814391,
ZBED3,ENSG00000132846,0.055731595059578,0.555143327611706,0.0345526185728866,-0.000273319964373222,missense|LC,5077077093,5,77077093,
ARHGEF3,ENSG00000163947,0.0557402042159029,0.416881261633374,0.0337627932065478,-0.000420831218084462,missense|LC,3056729193,3,56729193,
AC022415.2,ENSG00000286132,0.0557414835626561,0.386036504325871,0.03300114500259,-0.000369342035420196,missense|LC,19012073908,19,12073908,
TMEM63C,ENSG00000165548,0.0557641880969417,0.105293543988341,0.0317142324038429,-0.000622371813286781,missense|LC,14077218709,14,77218709,
HPS5,ENSG00000110756,0.0557870749368402,0.0338077062538351,0.0848324789063588,-0.000619737471432482,missense|LC,11018279815,11,18279815,
AC055839.2,ENSG00000286190,0.0557872053779856,0.0344739963867282,0.085627699002552,-0.00293461997548532,missense|LC,17005499692,17,5499692,
PTGDR2,ENSG00000183134,0.0557966555291761,0.0349188190809638,0.110405306198821,-0.00108422434389533,missense|LC,11060847796,11,60847796,
METTL18,ENSG00000171806,0.0558030590946039,0.831532517271116,0.0305542039041077,0.000144874014936777,missense|LC,1169792498,1,169792498,
EFCAB11,ENSG00000140025,0.0558316739407352,0.486626178847255,0.0333102821736533,0.000528966949607441,missense|LC,14089797177,14,89797177,
TP53BP2,ENSG00000143514,0.055853712660825,0.269478552362042,0.0296378581387815,-0.000512165446010575,missense|LC,1223774896,1,223774896,
TLCD4,ENSG00000152078,0.0559081126454433,0.18385452976066,0.0309290062436856,-0.00225974252604914,missense|LC,1095143797,1,95143797,
ETHE1,ENSG00000105755,0.0559679105563911,0.03643055416673,0.0877358901204703,0.0020772717200039,missense|LC,19043501719,19,43501719,
PHF11,ENSG00000136147,0.0559763148385445,0.263700650569188,0.0307514381855583,-0.00128250080809517,missense|LC,13049490955,13,49490955,
IFNA10,ENSG00000186803,0.0560359794983747,0.0334193856266329,0.178810546111498,0.000859907849661259,missense|LC,9021201455,9,21201455,
GMEB2,ENSG00000101216,0.0560494111653911,0.0336694321624353,0.296676622402138,0.000908450682754185,missense|LC,20063590009,20,63590009,
NAP1L3,ENSG00000186310,0.0560878395089078,0.0851504575613831,0.0316968147730762,0.000551408090520534,missense|LC,23093671655,X,93671655,
GTPBP8,ENSG00000163607,0.0561047806666746,0.0635545904268664,0.0346816861211771,0.000895503337701241,missense|LC,3112990940,3,112990940,
RBM15B,ENSG00000259956,0.0561204558550084,0.0296624656528379,0.471870748050416,-0.00104438867943642,missense|LC,3051386288,3,51386288,
RBM33,ENSG00000184863,0.0562011350196314,0.787594195812587,0.0302706072074975,-0.0000909731349005356,missense|LC,7155644797,7,155644797,
ZNF789,ENSG00000198556,0.0562283122767663,0.482281792012583,0.0314302734274818,0.000417765235647543,missense|LC,7099476350,7,99476350,
TUSC2,ENSG00000114383,0.0562487702047333,0.0392899266900408,0.0859251806444622,0.00580508955875953,missense|LC,3050319910,3,50319910,
NAPSA,ENSG00000131400,0.0562672220461919,0.0348016424075461,0.107579529951823,0.00154098552186353,missense|LC,19050358480,19,50358480,
OR2H1,ENSG00000204688,0.0562784774132502,0.349715661302126,0.0313406160270343,0.000314191985999802,missense|LC,6029461724,6,29461724,
INPP5K,ENSG00000132376,0.0563523675667225,0.0330651420434622,0.0993180271265528,-0.00138248778976361,missense|LC,17001491544,17,1491544,
NR1H4,ENSG00000012504,0.056390411293754,0.039771151265304,0.0519691103213378,-0.00107990944406051,missense|LC,12100503370,12,100503370,
CLVS1,ENSG00000177182,0.0564055891136243,0.39566850900396,0.0296158458452083,0.00113748286792882,missense|LC,8061299789,8,61299789,
S1PR5,ENSG00000180739,0.0564429144091908,0.0346818934780999,0.0744342720032214,0.00115385287703798,missense|LC,19010513691,19,10513691,
PAAF1,ENSG00000175575,0.0564479644391579,0.0356075684410827,0.539366032643169,-0.00131082988170369,missense|LC,11073889131,11,73889131,
BFAR,ENSG00000103429,0.0564977095176844,0.0296924689969957,0.556040104694433,-0.00186472818589103,missense|LC,16014628158,16,14628158,
DESI1,ENSG00000100418,0.0565110457016988,0.0305709974296955,0.362914818185946,-0.00345931226813568,missense|LC,22041601049,22,41601049,
DNAH6,ENSG00000115423,0.0565185801037741,0.130845083303512,0.0322082142817265,0.000261194907886956,missense|LC,2084517762,2,84517762,
RTL5,ENSG00000242732,0.0565227320768021,0.335125064806598,0.0312866631575018,-0.000535850805000141,missense|LC,23072129773,X,72129773,
MST1,ENSG00000173531,0.0565356600567167,0.333600793580002,0.0280802999737415,0.000589765410781858,missense|LC,3049678954,3,49678954,
CAVIN2,ENSG00000168497,0.0565438111171366,0.0329392915677602,0.299088741971289,0.000811151634831269,missense|LC,2191835842,2,191835842,
PLA2G7,ENSG00000146070,0.0565492709830989,0.0312280122677657,0.715315721683356,0.00120904853229393,missense|LC,6046701780,6,46701780,
CNBD2,ENSG00000149646,0.056551233191127,0.0289927193241978,0.343427764232922,0.00167351320979738,missense|LC,20035968707,20,35968707,
IGFL1,ENSG00000188293,0.0566067109787709,0.115779273939325,0.0407712858173582,0.000836198164014365,missense|LC,19046229680,19,46229680,
NUDT12,ENSG00000112874,0.0566137015206726,0.143653409925667,0.0319881934798181,-0.000575375992235201,missense|LC,5103550834,5,103550834,
DUSP5,ENSG00000138166,0.0566161224178471,0.0328992843394033,0.119983095017669,-0.00091818481150725,missense|LC,10110498009,10,110498009,
TG,ENSG00000042832,0.0566484241789788,0.831271711483352,0.0290211339380287,0.0000396551494961457,missense|LC,8132866942,8,132866942,
AKR1C2,ENSG00000151632,0.0567114211310249,0.0910836061743134,0.0370747885035193,0.0015180003418899,missense|LC,10004989870,10,4989870,
MCAT,ENSG00000100294,0.0567242648912269,0.0353474265091527,0.0711748837015308,-0.00100265805362406,missense|LC,22043127622,22,43127622,
MGAT5,ENSG00000152127,0.0567290880457547,0.498430009554849,0.0296838543503184,0.000512203058650011,missense|LC,2134254289,2,134254289,
SAMD1,ENSG00000141858,0.0567347046668637,0.262464763111585,0.0333418990394225,0.000484320198714521,missense|LC,19014083168,19,14083168,
PICK1,ENSG00000100151,0.0567366008203042,0.278562308623683,0.0310914669090547,0.000908602360370258,missense|LC,22038057756,22,38057756,
LGALS13,ENSG00000105198,0.0567370575428594,0.365709459937807,0.0312837835717494,-0.000344631121371565,missense|LC,19039602497,19,39602497,
FEZ1,ENSG00000149557,0.0567615122741796,0.847644679186017,0.0296517571685314,-0.000181002890331602,missense|LC,11125446034,11,125446034,
ROBO1,ENSG00000169855,0.0567676310819513,0.710276269394949,0.0302275152094095,0.000121329102596004,missense|LC,3078598868,3,78598868,
SPRYD3,ENSG00000167778,0.0568666787376216,0.712695865129005,0.0286493075768099,-0.000457408194028898,missense|LC,12053059316,12,53059316,
GDAP2,ENSG00000196505,0.0568700364507649,0.273877696782516,0.0312059510343969,-0.000834866751141135,missense|LC,1117870544,1,117870544,
KNG1,ENSG00000113889,0.056928703028855,0.0437143938985106,0.0683900378036948,-0.00137494289894992,missense|LC,3186717501,3,186717501,
CYP3A5,ENSG00000106258,0.0569416859807225,0.54822340126276,0.0321282472628512,0.000191426082165951,missense|LC,7099647413,7,99647413,
PEX5L,ENSG00000114757,0.05698021037478,0.0313407585372615,0.484142131143475,0.00128946177211508,missense|LC,3179801814,3,179801814,
NDUFB7,ENSG00000099795,0.0569925572922566,0.0302514626586575,0.741198076770639,0.00251519672121005,missense|LC,19014562435,19,14562435,
SHOC1,ENSG00000165181,0.0570133890921576,0.867970000384205,0.0295302577370973,0.0000575489519922396,missense|LC,9111686747,9,111686747,
PIGC,ENSG00000135845,0.0570135158110909,0.778035916540173,0.0311235279660729,0.000225367849126646,missense|LC,1172441666,1,172441666,
PDX1,ENSG00000139515,0.0570709176877089,0.0320869945132375,0.351516234102466,0.000761288462937609,missense|LC,13027920036,13,27920036,
TTC7B,ENSG00000165914,0.0570769189223793,0.257152916106114,0.0349659294340765,-0.000478563497186416,missense|LC,14090541286,14,90541286,
FSCN2,ENSG00000186765,0.0571076768373624,0.84078841188533,0.0308860352942446,0.0000569341641958112,missense|LC,17081528479,17,81528479,
MRPS7,ENSG00000125445,0.0571126878146697,0.0341644847898819,0.610642252079485,0.000835201607921695,missense|LC,17075261471,17,75261471,
BRAP,ENSG00000089234,0.0571448134815582,0.724474518215398,0.0286969903707776,-0.000294247201877091,missense|LC,12111644065,12,111644065,
SLC4A5,ENSG00000188687,0.0571640219633389,0.220702166561262,0.0301274026775951,0.000556873498143916,missense|LC,2074211246,2,74211246,
HMCN2,ENSG00000148357,0.0571693156462577,0.52080233955432,0.0285105464139372,0.0000873301686983872,missense|LC,9130347919,9,130347919,
IFT122,ENSG00000163913,0.0571817449653772,0.0301337804701085,0.327051735958803,0.000701125295804289,missense|LC,3129436360,3,129436360,
GAPVD1,ENSG00000165219,0.0572038174857957,0.387553977563175,0.0305976838190992,0.000278109974153435,missense|LC,9125263600,9,125263600,
C5orf22,ENSG00000082213,0.0572348634653392,0.678361879839834,0.0344411061094083,-0.000173414325002038,missense|LC,5031528927,5,31528927,
AMMECR1,ENSG00000101935,0.0573482410504423,0.0314043171839302,0.229558269177194,0.00154865392224496,missense|LC,23110198507,X,110198507,
TNFRSF10C,ENSG00000173535,0.0573818687183097,0.0422988560554827,0.0480012806326453,0.00244271639951437,missense|LC,8023102831,8,23102831,
PEX11B,ENSG00000131779,0.0573934774416047,0.335993506082812,0.0303147906615455,-0.000907331237254698,missense|LC,1145906351,1,145906351,
WDR20,ENSG00000140153,0.0574773252738706,0.0421191106305598,0.0568219832746323,-0.00143605550849348,missense|LC,14102139157,14,102139157,
MMRN2,ENSG00000173269,0.0575124546454052,0.0850719843797296,0.0356366448541969,-0.000768672158898301,missense|LC,10086936634,10,86936634,
CFAP20DC,ENSG00000163689,0.0575178250495272,0.780268064754414,0.032827282923427,0.000116057808745924,missense|LC,3058742012,3,58742012,
RAG2,ENSG00000175097,0.0576577621344262,0.0353148001659966,0.0795367783077494,-0.000853211625404145,missense|LC,11036592472,11,36592472,
NRIP1,ENSG00000180530,0.0576593488045951,0.697730872591536,0.0319232052618419,0.000109550374360199,missense|LC,21014964674,21,14964674,
TMEM40,ENSG00000088726,0.0577002550046437,0.569053897420487,0.0313037606470504,-0.000461863759066453,missense|LC,3012734673,3,12734673,
OR6C70,ENSG00000184954,0.0577017959771939,0.928363361206582,0.0332092665893509,0.0000414313906618015,missense|LC,12055469169,12,55469169,
ADH1A,ENSG00000187758,0.0577146300496716,0.569536372706041,0.0298155983671655,0.000533531320399234,missense|LC,4099276568,4,99276568,
PIAS3,ENSG00000131788,0.0577945238866181,0.468757664300456,0.0303928966136571,-0.000458605201245074,missense|LC,1145845556,1,145845556,
PDAP1,ENSG00000106244,0.0578041871036213,0.149896406148991,0.033339064463476,0.00136323389070943,missense|LC,7099389849,7,99389849,
TASOR2,ENSG00000108021,0.0578150754698183,0.0359304549306391,0.110393743102947,-0.000326920952309957,missense|LC,10005699739,10,5699739,
HSPA4L,ENSG00000164070,0.0578974142492725,0.48008231342016,0.0310011020767746,-0.00030215631140132,missense|LC,4127782500,4,127782500,
CFAP92,ENSG00000114656,0.0579242132349204,0.0323506886707524,0.294566243916985,0.000778077105563949,missense|LC,3128971155,3,128971155,
IL21,ENSG00000138684,0.0579625853659378,0.0326673948712385,0.192348830909793,-0.00488806194618681,missense|LC,4122612688,4,122612688,
KCNH3,ENSG00000135519,0.0579720884497508,0.0303696363021997,0.17265610588419,0.000921103706393816,missense|LC,12049539357,12,49539357,
THBS3,ENSG00000169231,0.0580003889595541,0.697473799539676,0.0297215614465974,0.000199916901348144,missense|LC,1155191883,1,155191883,
AC073612.1,ENSG00000258064,0.0580088198287665,0.858652740787252,0.0392434016884525,0.000672402309512796,missense|LC,12071674109,12,71674109,
PSMC6,ENSG00000100519,0.0580964890247326,0.275525308513026,0.0322019588069338,-0.00176857622766868,missense|LC,14052707090,14,52707090,
SYCP2,ENSG00000196074,0.0581200354845378,0.51063169447316,0.0301730424019643,-0.000242610211579116,missense|LC,20059864285,20,59864285,
SLC39A9,ENSG00000029364,0.0581722655374656,0.0343669716062622,0.164766947327535,0.00213690729037156,missense|LC,14069394778,14,69394778,
LIMS2,ENSG00000072163,0.0582078908475246,0.0329378126543847,0.173393656230384,0.000873336490489864,missense|LC,2127633430,2,127633430,
DNAJC3,ENSG00000102580,0.0582342436753158,0.0310670650101013,0.222733291428821,0.0017165265581734,missense|LC,13095677176,13,95677176,
MREG,ENSG00000118242,0.0582511164921924,0.0934712919511995,0.0398099963169928,0.00138454127054259,missense|LC,2215944768,2,215944768,
AK7,ENSG00000140057,0.0582588675395775,0.471647491250564,0.0322050627589668,0.000264440816517795,missense|LC,14096392093,14,96392093,
SMR3B,ENSG00000171201,0.0582984238598021,0.0391833529736152,0.283188912582342,-0.00144440632360387,missense|LC,4070384351,4,70384351,
ZNF354B,ENSG00000178338,0.0583056480903443,0.158633459667845,0.0331045794940301,-0.000512644524836354,missense|LC,5178866108,5,178866108,
ZNF484,ENSG00000127081,0.058386981032381,0.694150436516284,0.0314677183034041,-0.000157089353986665,missense|LC,9092846140,9,92846140,
ZMYM5,ENSG00000132950,0.0584101878970544,0.050223624171404,0.0539074619001523,-0.00131155263790833,missense|LC,13019837466,13,19837466,
GDPD3,ENSG00000102886,0.0585398104745721,0.0336228713895931,0.38338963171848,0.00129841859010179,missense|LC,16030104794,16,30104794,
DHRS12,ENSG00000102796,0.0585924566217468,0.055588945321961,0.0429192191714357,-0.000787779339279968,missense|LC,13051767915,13,51767915,
TBC1D3F,ENSG00000275954,0.0585963364354585,0.641778746279698,0.0324152659274447,-0.000359925693975289,missense|LC,17036429095,17,36429095,
PARP9,ENSG00000138496,0.0586155161391213,0.073905333536876,0.0359625950459046,0.000731399474085217,missense|LC,3122528256,3,122528256,
MORC4,ENSG00000133131,0.0586167986966364,0.0966358495792277,0.0362108873546225,-0.000585769216388868,missense|LC,23106941440,X,106941440,
PTPRF,ENSG00000142949,0.0586571016522831,0.603734837550782,0.0307827249309062,-0.000165807432037307,missense|LC,1043545004,1,43545004,
GCOM1,ENSG00000137878,0.0586844562791859,0.0473726768104623,0.0488041213003599,-0.000533200528494651,missense|LC,15057592015,15,57592015,
ZNF33B,ENSG00000196693,0.0587124556930765,0.0323226133414973,0.201629188688886,0.000635585687195501,missense|LC,10042591205,10,42591205,
TTI1,ENSG00000101407,0.0587279837165884,0.105107743287066,0.0346811068879365,-0.00152684721783126,missense|LC,20037983364,20,37983364,
PIK3C2A,ENSG00000011405,0.0587499371389819,0.0315672105433644,0.860899898058715,0.000939017272634142,missense|LC,11017089700,11,17089700,
ABHD14A-ACY1,ENSG00000114786,0.058811609380176,0.176456342726711,0.0338868314898586,-0.000639931847191328,missense|LC,3051973762,3,51973762,
PLXNC1,ENSG00000136040,0.0588465052101949,0.31240017437262,0.0322511688392382,0.000298014045069276,missense|LC,12094148960,12,94148960,
SLC46A1,ENSG00000076351,0.0588596905401061,0.468242783201475,0.0329105760563498,0.000325476275932562,missense|LC,17028395811,17,28395811,
LTV1,ENSG00000135521,0.0588686482387818,0.241658836966775,0.0376234564317196,-0.000535710101221303,missense|LC,6143843381,6,143843381,
CEP295,ENSG00000166004,0.0588719942588832,0.039087834208436,0.0877530739927228,0.000488236423795439,missense|LC,11093666695,11,93666695,
HEATR1,ENSG00000119285,0.0588805684703119,0.485734837077806,0.036172527590722,-0.0000980296401577765,missense|LC,1236544693,1,236544693,
SEMA6C,ENSG00000143434,0.0588934170435766,0.462447108577806,0.0326250013689477,-0.000222693831698809,missense|LC,1151132124,1,151132124,
TADA1,ENSG00000152382,0.0589141559745169,0.639155655956955,0.0338075916552258,-0.000346340205080157,missense|LC,1166857473,1,166857473,
CCDC8,ENSG00000169515,0.0590002471332494,0.0349507350114691,0.181041849516727,-0.000907915857417349,missense|LC,19046411102,19,46411102,
MECOM,ENSG00000085276,0.0590330883412359,0.567519176985132,0.0330409337803726,-0.00021728105803724,missense|LC,3169084819,3,169084819,
PITPNM2,ENSG00000090975,0.0590354713079647,0.73903527792648,0.0331227854098455,-0.000124104171649918,missense|LC,12122978484,12,122978484,
SNRNP48,ENSG00000168566,0.0590433606869832,0.700722463378496,0.0320150587868389,0.000228150621464207,missense|LC,6007585199,6,7585199,
SLC34A2,ENSG00000157765,0.0590639122091877,0.0316550384330988,0.259331524526654,-0.000697397907124711,missense|LC,4025662440,4,25662440,
OR52N4,ENSG00000181074,0.059104717927812,0.100973956156021,0.0336644313391732,-0.000524615493703428,missense|LC,11005754647,11,5754647,
SIDT1,ENSG00000072858,0.0591130401796408,0.480866988872176,0.0313692304198896,-0.000261953347422076,missense|LC,3113532988,3,113532988,
ZNF670-ZNF695,ENSG00000135747,0.059140664149437,0.469719120683262,0.030813735054079,-0.00160804096992894,missense|LC,1246945705,1,246945705,
HS6ST3,ENSG00000185352,0.0591657999629429,0.0344132582381129,0.288983346718021,0.000987294496288424,missense|LC,13096090839,13,96090839,
A1CF,ENSG00000148584,0.05918252731519,0.189132260762677,0.0323172977078425,0.00107104844528874,missense|LC,10050806643,10,50806643,
HDC,ENSG00000140287,0.0592451902802972,0.593448909136109,0.03672516185967,-0.000235996983249436,missense|LC,15050242208,15,50242208,
NXPH4,ENSG00000182379,0.059294678703592,0.703823395441842,0.0319013227668189,-0.00032817028954874,missense|LC,12057211801,12,57211801,
KRT81,ENSG00000205426,0.0593498904858556,0.16296319766851,0.0313908489821552,0.00061801207757731,missense|LC,12052286200,12,52286200,
AC144573.1,ENSG00000285880,0.0593786710937664,0.0316848354841472,0.676276182164342,0.00179905248511912,missense|LC,8037934244,8,37934244,
GHRHR,ENSG00000106128,0.0594432646421508,0.0380472358730315,0.101011656269002,-0.00130793114636695,missense|LC,7030963999,7,30963999,
RAPGEFL1,ENSG00000108352,0.0594496711043562,0.530736858928901,0.0314223945328449,-0.000635489626821444,missense|LC,17040184179,17,40184179,
TAS2R41,ENSG00000221855,0.059478561042913,0.0388124838805933,0.314251405120267,0.00119759501486095,missense|LC,7143477793,7,143477793,
LRRC58,ENSG00000163428,0.0595262978937811,0.104545396517365,0.0420020236120957,0.000923305196052776,missense|LC,3120331143,3,120331143,
AL162417.1,ENSG00000285245,0.0595402539796362,0.0313146331812924,0.55831191976429,0.000818941580253936,missense|LC,9133098506,9,133098506,
VPS33B,ENSG00000184056,0.059553783214797,0.335417058854514,0.0329818187689275,-0.00203880640130517,missense|LC,15090994262,15,90994262,
ZNF750,ENSG00000141579,0.0595900090710102,0.123352121378923,0.034792000574342,-0.000584451784679312,missense|LC,17082830004,17,82830004,
RBMXL2,ENSG00000170748,0.0595916510596991,0.624032183053501,0.0341626057928488,-0.000203721013300506,missense|LC,11007089017,11,7089017,
ZNF362,ENSG00000160094,0.059595691984954,0.111552131442124,0.0370057971310023,-0.00094409649474248,missense|LC,1033270546,1,33270546,
PRELP,ENSG00000188783,0.0597343988844663,0.0357400683163427,0.0734989873658825,0.000925972306662637,missense|LC,1203483104,1,203483104,
UTP20,ENSG00000120800,0.0597605817904754,0.498409268580937,0.0311384555470133,-0.000139983934062975,missense|LC,12101280167,12,101280167,
LAMTOR5,ENSG00000134248,0.0597638904308396,0.105115030278907,0.0454618274374123,0.000861836675825371,missense|LC,1110401430,1,110401430,
SLCO1A2,ENSG00000084453,0.0597697888292702,0.0318139953522234,0.169167345659385,-0.00127485384873112,missense|LC,12021269510,12,21269510,
TGS1,ENSG00000137574,0.0597925157669749,0.243248217066316,0.0344872945095838,0.000277061949208934,missense|LC,8055773564,8,55773564,
LKAAEAR1,ENSG00000171695,0.0598808925699026,0.975417604181228,0.0318699989154817,0.00000404539863677926,missense|LC,20064083314,20,64083314,
ABT1,ENSG00000146109,0.0599020272312737,0.0324169711257482,0.496916765885901,0.00211471706654253,missense|LC,6026596852,6,26596852,
HCAR2,ENSG00000182782,0.0599086903427469,0.0530457687695802,0.0561606030399713,-0.00038829913848557,missense|LC,12122702046,12,122702046,
MFSD8,ENSG00000164073,0.0601469083516751,0.0346910125784614,0.485644307956055,-0.00121398792007918,missense|LC,4127920556,4,127920556,
CHIA,ENSG00000134216,0.0601784815713823,0.0340199986998728,0.195822758059789,-0.00109440914143308,missense|LC,1111310292,1,111310292,
EHD3,ENSG00000013016,0.0602287350687174,0.0317138833458994,0.390270404383571,-0.00184230399112131,missense|LC,2031234522,2,31234522,
LEFTY1,ENSG00000243709,0.0602288514405456,0.0325251575506242,0.400634978854963,0.00109443015181664,missense|LC,1225886550,1,225886550,
WHAMM,ENSG00000156232,0.0602565512161519,0.139352354029377,0.0342402098397787,0.000494418127427162,missense|LC,15082809631,15,82809631,
EDEM3,ENSG00000116406,0.0602778931258779,0.460122324848539,0.0356351252506668,0.000330578265110486,missense|LC,1184693974,1,184693974,
SPI1,ENSG00000066336,0.0602784834210555,0.327648448422564,0.0325001428922632,0.00111484654806248,missense|LC,11047349925,11,47349925,
AL132671.2,ENSG00000282218,0.0602899360768671,0.0509320957163277,0.0548523059041923,-0.00189394467436462,missense|LC,6117317056,6,117317056,
RCOR3,ENSG00000117625,0.0604378992089071,0.0589239870434399,0.0554737678846209,0.00179541013752713,missense|LC,1211259468,1,211259468,
C17orf75,ENSG00000108666,0.0604752143595578,0.164997744102862,0.031755566892097,0.00168982573078263,missense|LC,17032331714,17,32331714,
AC008770.4,ENSG00000286098,0.0604917915813284,0.225147777806952,0.0345682210673273,-0.000444178313134814,missense|LC,19012014789,19,12014789,
FADD,ENSG00000168040,0.0605163869358406,0.043638212693883,0.0788319297189851,0.00281396428737192,missense|LC,11070203284,11,70203284,
ZBTB18,ENSG00000179456,0.0605543462411728,0.0926533872308462,0.0380263306879712,-0.00184033605172251,missense|LC,1244051347,1,244051347,
OR2T2,ENSG00000196240,0.060585945787877,0.0498078649422088,0.0499460032697896,0.000671176786712902,missense|LC,1248441082,1,248441082,
SCFD2,ENSG00000184178,0.0606065843451418,0.440023574000676,0.0331854971851746,0.000834618043762653,missense|LC,4052873929,4,52873929,
ZNF844,ENSG00000223547,0.0606183313451553,0.204672419408487,0.0346191560855618,-0.000463832279312572,missense|LC,19012064769,19,12064769,
XCR1,ENSG00000173578,0.0606253821942562,0.136034487778107,0.0433604237826157,-0.000749829161213521,missense|LC,3046020820,3,46020820,
ARHGAP32,ENSG00000134909,0.060721603487894,0.0346450118635746,0.115590677360193,-0.0007113197033287,missense|LC,11128968829,11,128968829,
NME6,ENSG00000172113,0.0607545187360751,0.569660245257355,0.0343701549614843,-0.000445513240283442,missense|LC,3048294545,3,48294545,
LY6L,ENSG00000261667,0.0607688132874787,0.0348353052394749,0.182095938685282,0.00195985010982236,missense|LC,8143081029,8,143081029,
SMIM2,ENSG00000139656,0.0607998397254919,0.0361144920447412,0.202824901039429,0.00154291192909008,missense|LC,13044143793,13,44143793,
MIB2,ENSG00000197530,0.0608120532864386,0.410933287441889,0.0318547284118483,-0.000243574745626791,missense|LC,1001615271,1,1615271,
TIPIN,ENSG00000075131,0.0608902981647423,0.747602414585514,0.0343200503621679,0.000334214567877735,missense|LC,15066331762,15,66331762,
PRLH,ENSG00000071677,0.0609187050824012,0.043720370510907,0.0590628614029169,0.00170089742091005,missense|LC,2237566496,2,237566496,
MFSD2A,ENSG00000168389,0.060938032883242,0.0318942854633488,0.52986044141407,-0.00155905956441222,missense|LC,1039955202,1,39955202,
PRUNE2,ENSG00000106772,0.0609811284486478,0.0560461407672511,0.0562672880701655,-0.000352446434353886,missense|LC,9076614532,9,76614532,
STX12,ENSG00000117758,0.0610477554567752,0.385825668667923,0.0318443105704908,-0.000972260923543515,missense|LC,1027773272,1,27773272,
ALAD,ENSG00000148218,0.061058220857069,0.0831812767617365,0.0400292102098978,-0.00150848082457848,missense|LC,9113388227,9,113388227,
NENF,ENSG00000117691,0.0610596733057392,0.156481917684817,0.0324111730245841,-0.0016445988515983,missense|LC,1212432954,1,212432954,
NIPBL,ENSG00000164190,0.0611250214884478,0.0338977541707584,0.500776318580441,-0.00110329956871195,missense|LC,5036953651,5,36953651,
USP6,ENSG00000129204,0.061186428990777,0.037099496970094,0.0888525694577468,0.000640659103881472,missense|LC,17005111664,17,5111664,
EFTUD2,ENSG00000108883,0.0611874000789497,0.700552018944738,0.0315585261590486,0.000346947715688095,missense|LC,17044849151,17,44849151,
CLCN2,ENSG00000114859,0.0611976786504314,0.202576818852633,0.0315455580779904,-0.000482916396547971,missense|LC,3184341664,3,184341664,
C16orf70,ENSG00000125149,0.0612618663026337,0.0400033522752971,0.233561450381708,0.000996423970225097,missense|LC,16067110082,16,67110082,
TMEM237,ENSG00000155755,0.0612671811467955,0.0971671856183929,0.0371461051808744,-0.00128536233395291,missense|LC,2201618829,2,201618829,
SH3BP2,ENSG00000087266,0.0612703544150475,0.0341290974714327,0.291735333069851,0.00066545678544513,missense|LC,4002818184,4,2818184,
KLK7,ENSG00000169035,0.0613074370116643,0.0321103420722975,0.194289386785223,0.00197410089550452,missense|LC,19050977465,19,50977465,
FANCE,ENSG00000112039,0.0613700278998712,0.173888384733945,0.0323805818304893,-0.000696096938378176,missense|LC,6035452425,6,35452425,
SUV39H2,ENSG00000152455,0.0614075606125168,0.825096285053539,0.0316566907683001,0.000431567125472794,missense|LC,10014878791,10,14878791,
C8B,ENSG00000021852,0.0614325785421354,0.261573038673678,0.0345546699803057,0.000356102945515255,missense|LC,1056929320,1,56929320,
TBX19,ENSG00000143178,0.0614546724434173,0.32870365688615,0.0313291292552746,0.000849410925691056,missense|LC,1168281019,1,168281019,
CTPS2,ENSG00000047230,0.0614590441585794,0.0409954112183256,0.125545887476462,-0.000964533744848545,missense|LC,23016590798,X,16590798,
SLC16A5,ENSG00000170190,0.0614996081596006,0.0354848603114676,0.556183666016521,0.00091408483818455,missense|LC,17075093330,17,75093330,
TMEM200A,ENSG00000164484,0.0615328327997912,0.759707805968213,0.0361066519952138,0.000151740587380302,missense|LC,6130440299,6,130440299,
SAMSN1,ENSG00000155307,0.0615719856255582,0.053758373207152,0.0456597612307337,0.000858558889938535,missense|LC,21014485885,21,14485885,
LMCD1,ENSG00000071282,0.0615732616420001,0.936105816014129,0.0330220290497134,0.0000418537352350219,missense|LC,3008501860,3,8501860,
KRT33A,ENSG00000006059,0.0616011533678096,0.0334193195704729,0.230313576208307,-0.000769535811393317,missense|LC,17041346089,17,41346089,
PRSS54,ENSG00000103023,0.0616128444257752,0.242413920105286,0.0417187462669921,-0.00053001332319126,missense|LC,16058278422,16,58278422,
ARL6IP5,ENSG00000144746,0.0616209818691832,0.448685707840759,0.0372136670352686,0.000611100698440964,missense|LC,3069080034,3,69080034,
PYCR1,ENSG00000183010,0.0617338724396989,0.0359254193681545,0.244318964094732,-0.00133253746664432,missense|LC,17081932935,17,81932935,
HOPX,ENSG00000171476,0.0617422851338397,0.0382698649038929,0.339274407804448,0.00215872016363514,missense|LC,4056648674,4,56648674,
DHODH,ENSG00000102967,0.0619029610606454,0.2711059840253,0.0335549483133926,-0.000571651184945275,missense|LC,16072005583,16,72005583,
OR6C2,ENSG00000179695,0.0620050215472799,0.103819129997261,0.0362150059523089,0.000840171136752182,missense|LC,12055452174,12,55452174,
IFITM5,ENSG00000206013,0.0620501971420409,0.0342171461574643,0.812586907621214,-0.00213887629272343,missense|LC,11000293198,11,293198,
CWH43,ENSG00000109182,0.0621104678769132,0.0956368324720951,0.0430393466500728,0.00100584804107415,missense|LC,4048986349,4,48986349,
DOLPP1,ENSG00000167130,0.0621236179692857,0.173550556882305,0.0336747842352663,0.00192107460925075,missense|LC,9129081027,9,129081027,
RAI1,ENSG00000108557,0.0621614215482617,0.390352705082562,0.0339317542852076,0.000219864892461546,missense|LC,17017792924,17,17792924,
EFCAB8,ENSG00000215529,0.0621859824985374,0.0335710836738704,0.664805459773515,-0.000667795718220696,missense|LC,20032863696,20,32863696,
A3GALT2,ENSG00000184389,0.0622350289494332,0.839961072156146,0.0360615623469647,0.0000466526747637287,missense|LC,1033306677,1,33306677,
NR4A2,ENSG00000153234,0.0624151582397567,0.0327953759523893,0.568841949428494,-0.00206207770472683,missense|LC,2156325648,2,156325648,
TMEM106B,ENSG00000106460,0.062494545816097,0.815596740751282,0.0319127794381359,0.000408481161287219,missense|LC,7012214755,7,12214755,
CREB5,ENSG00000146592,0.0624957636659448,0.0503522065265941,0.0559799250015538,-0.00140851488053714,missense|LC,7028412843,7,28412843,
MIER1,ENSG00000198160,0.0625250992152524,0.330267447990299,0.038725179437519,0.00057658357884866,missense|LC,1066924550,1,66924550,
HHIPL2,ENSG00000143512,0.0625590234407555,0.126592531241342,0.0339707480895717,0.000440638919219085,missense|LC,1222522512,1,222522512,
NPIPB2,ENSG00000234719,0.0625835706616644,0.0367034415857082,0.284573353915275,0.00091388720162849,missense|LC,16011927486,16,11927486,
HOXA13,ENSG00000106031,0.0626140838164961,0.0984686255998428,0.0364791167822803,0.000757374435847646,missense|LC,7027198123,7,27198123,
CSRP3,ENSG00000129170,0.0626541210071788,0.48646142260293,0.0432381026967548,0.000394965404031077,missense|LC,11019182625,11,19182625,
SLC22A1,ENSG00000175003,0.0626595708330353,0.0354362450484809,0.240907143133466,0.000670994763603128,missense|LC,6160121833,6,160121833,
DENND2A,ENSG00000146966,0.0626603466253043,0.871690960592492,0.0328102594382573,-0.0000720440942039957,missense|LC,7140518619,7,140518619,
WDR33,ENSG00000136709,0.0627937906061553,0.0340954038215819,0.273358687573225,-0.00110148259628948,missense|LC,2127701413,2,127701413,
VGLL3,ENSG00000206538,0.0628161873269599,0.096263462138573,0.0409620304178251,0.00117360079918429,missense|LC,3086961861,3,86961861,
GGTLC1,ENSG00000149435,0.0628445528692981,0.490637723145875,0.0378162945262976,-0.000378081482830172,missense|LC,20023985083,20,23985083,
ABCC2,ENSG00000023839,0.0628463594751334,0.970694040622047,0.0334282380369684,-0.00000508506711285816,missense|LC,10099782768,10,99782768,
CYTH4,ENSG00000100055,0.0628697229967679,0.395193015358986,0.0348587758739282,-0.00053924858857626,missense|LC,22037282418,22,37282418,
FHIT,ENSG00000189283,0.0628908332723033,0.0355865933519343,0.138849492118089,-0.0036039330088853,missense|LC,3059752181,3,59752181,
GPR37L1,ENSG00000170075,0.0629420311815603,0.966825126953286,0.0325579155371574,0.0000258080432225992,missense|LC,1202122872,1,202122872,
HOXB2,ENSG00000173917,0.0629484006068848,0.0347293720701871,0.257932778709501,-0.00114583155591595,missense|LC,17048543002,17,48543002,
KCNH6,ENSG00000173826,0.0629484544212675,0.0434715994473487,0.073490512089338,-0.000687102699701667,missense|LC,17063523333,17,63523333,
PCDHGB5,ENSG00000276547,0.0629635735585653,0.176114573735079,0.0341266959532276,0.000382478976175909,missense|LC,5141393129,5,141393129,
GSC,ENSG00000133937,0.0630698594316141,0.0319810489287391,0.734956500122452,0.00257865766938898,missense|LC,14094768394,14,94768394,
RNF103,ENSG00000239305,0.0631174209235388,0.186762998760609,0.0356069311519017,0.000454590434513948,missense|LC,2086603720,2,86603720,
EIF4E,ENSG00000151247,0.0631269249035146,0.0337983524910345,0.622451517310507,-0.004305158720813,missense|LC,4098880901,4,98880901,
ANXA11,ENSG00000122359,0.0631484147047372,0.0661760282994254,0.0410785003359047,-0.000505148974791344,missense|LC,10080155787,10,80155787,
CCDC174,ENSG00000154781,0.063157305045663,0.0348566084220128,0.116927183865402,0.000837256776120969,missense|LC,3014651759,3,14651759,
POU4F3,ENSG00000091010,0.0631935237770495,0.320801955072315,0.0368802565153092,0.000820095894898196,missense|LC,5146338985,5,146338985,
HOXC13,ENSG00000123364,0.0631961783262323,0.314024748198988,0.0399308411926469,-0.000630713700690464,missense|LC,12053938833,12,53938833,
TAFA4,ENSG00000163377,0.0632174467391325,0.0923570724456774,0.0393702289526252,0.00169255089796606,missense|LC,3068733035,3,68733035,
PTCH2,ENSG00000117425,0.063224055597025,0.0414008022600454,0.0659211626471055,0.000665702802725573,missense|LC,1044821680,1,44821680,
ZDHHC6,ENSG00000023041,0.0633287030080403,0.0375674776614274,0.113181629175722,-0.00136346285079349,missense|LC,10112425306,10,112425306,
VAMP1,ENSG00000139190,0.0633324447277369,0.0467962817605712,0.071255586169034,0.00493267876646224,missense|LC,12006458861,12,6458861,
MRPL45,ENSG00000278845,0.0633553856269417,0.0329393298407217,0.597906290492625,0.00173201473697614,missense|LC,17038297115,17,38297115,
AC008878.2,ENSG00000268614,0.0634022212416471,0.0384331183259443,0.13262218417094,-0.0053119015741071,missense|LC,19007528595,19,7528595,
KRTAP12-3,ENSG00000205439,0.0634643701692733,0.131533771072267,0.0449079565152761,-0.00131492001140159,missense|LC,21044654219,21,44654219,
GCNA,ENSG00000147174,0.0634683932281858,0.0351755747471565,0.48438564699789,0.000833064051289463,missense|LC,23071580762,X,71580762,
POPDC2,ENSG00000121577,0.0634996309002596,0.96143647078497,0.0327261998833032,-0.0000352570632600181,missense|LC,3119642443,3,119642443,
ADCY1,ENSG00000164742,0.0635261841641752,0.281985049056316,0.0327368579984035,-0.00058299533668524,missense|LC,7045573992,7,45573992,
HELQ,ENSG00000163312,0.0635533579144565,0.366489500689055,0.0345481954961906,0.0002670422027471,missense|LC,4083407430,4,83407430,
NEUROD1,ENSG00000162992,0.0635611902896736,0.10204722717137,0.037120148209062,-0.00145143376883238,missense|LC,2181677647,2,181677647,
IGFBPL1,ENSG00000137142,0.0636589050388282,0.0346423677325602,0.313066826626231,-0.00114702007499961,missense|LC,9038411326,9,38411326,
SCUBE3,ENSG00000146197,0.063735648713606,0.322490965099119,0.0359112088022704,-0.000349934777347941,missense|LC,6035214362,6,35214362,
NSA2,ENSG00000164346,0.0637425823163087,0.0366898429635349,0.594644663611174,-0.00156401439681993,missense|LC,5074763665,5,74763665,
GPR61,ENSG00000156097,0.0637953498509536,0.0415937086712995,0.079105293657637,0.00219656216034835,missense|LC,1109542911,1,109542911,
CHP1,ENSG00000187446,0.0638442906703118,0.102838245797532,0.0385358389013406,-0.0035740449036291,missense|LC,15041226366,15,41226366,
RGS12,ENSG00000159788,0.0638746574069362,0.171314764301374,0.0340312381753157,0.000292536224740236,missense|LC,4003316079,4,3316079,
MYL1,ENSG00000168530,0.0639067415878835,0.217200902686628,0.0361155089882234,-0.000771856065881684,missense|LC,2210290991,2,210290991,
S100A10,ENSG00000197747,0.0639238453250643,0.134730017711103,0.0496383620959842,-0.0010930385268892,missense|LC,1151983102,1,151983102,
RAPGEF1,ENSG00000107263,0.0639367735696688,0.0867173213935897,0.0386703859774862,-0.00066725860849961,missense|LC,9131579369,9,131579369,
MTG2,ENSG00000101181,0.0639851283067234,0.673423311059643,0.0348738811173276,0.000175375371063487,missense|LC,20062179093,20,62179093,
CYC1,ENSG00000179091,0.0639998391456323,0.437888478672376,0.0414246031554943,0.000393554785125129,missense|LC,8144094995,8,144094995,
G6PC,ENSG00000131482,0.0640326404502441,0.0343688431363984,0.400870304746483,-0.00175665082281905,missense|LC,17042900826,17,42900826,
DNPH1,ENSG00000112667,0.0642114194490978,0.670122100137094,0.033463789181903,0.000535687462301393,missense|LC,6043220622,6,43220622,
ATG2A,ENSG00000110046,0.0642147454634828,0.0338090115952276,0.273024971764551,0.000461369033652308,missense|LC,11064894884,11,64894884,
OR10H5,ENSG00000172519,0.0642166975938622,0.0734343809340707,0.0432827164250287,0.00110416065381925,missense|LC,19015793981,19,15793981,
SCGN,ENSG00000079689,0.064244318988263,0.0347944039397332,0.343542928226476,-0.00192755455919407,missense|LC,6025652353,6,25652353,
FAM189B,ENSG00000160767,0.0642947777572703,0.0345440572915927,0.207151403614702,0.000803295693253422,missense|LC,1155247705,1,155247705,
TMEM170A,ENSG00000166822,0.0643250563101222,0.170986050350881,0.0472214504395202,-0.000736818993994792,missense|LC,16075447456,16,75447456,
METTL14,ENSG00000145388,0.0643621085214233,0.0365972619584811,0.139307007970294,0.00272155185868036,missense|LC,4118685464,4,118685464,
KHSRP,ENSG00000088247,0.0643832483306471,0.0877900051106775,0.038857078104262,0.000934979148712377,missense|LC,19006411645,19,6411645,
RMDN1,ENSG00000176623,0.0643964516330281,0.0838107012800405,0.0452667423005498,0.000998214406088802,missense|LC,8086470077,8,86470077,
ENOSF1,ENSG00000132199,0.0645173123294926,0.251955219511001,0.0360746423911141,-0.000588327994791292,missense|LC,18000669015,18,669015,
LDHAL6A,ENSG00000166800,0.0645298942396757,0.0407277069359118,0.135135339511386,-0.0014333830977293,missense|LC,11018450916,11,18450916,
LRRCC1,ENSG00000133739,0.064551863504046,0.651816992333595,0.0367698714509782,-0.000158414934526194,missense|LC,8085107200,8,85107200,
PPP1R14B,ENSG00000173457,0.0645690039906947,0.457483113142929,0.0361584440209053,-0.000894594373988437,missense|LC,11064242292,11,64242292,
ZHX2,ENSG00000178764,0.0645915626033617,0.035860269181156,0.255232274689204,-0.000876231777137052,missense|LC,8122951441,8,122951441,
ANKRD18A,ENSG00000180071,0.0646465665061242,0.508418615587003,0.0411007919281352,-0.000126814110765203,missense|LC,9038568650,9,38568650,
PFKFB1,ENSG00000158571,0.0646493048483491,0.470751822176907,0.0334783913468613,0.000315634493724437,missense|LC,23054928526,X,54928526,
KRTAP5-6,ENSG00000205864,0.0646932011270913,0.0466743975253092,0.0683559002688127,0.00242221877130038,missense|LC,11001697056,11,1697056,
OR8U1,ENSG00000172199,0.0647202890442973,0.0424167392162784,0.0688581277647624,0.000932528776618979,missense|LC,11056375526,11,56375526,
AL592490.1,ENSG00000197991,0.0648374486963985,0.0982080698101448,0.0368750657415572,-0.000632354870274074,missense|LC,13061411178,13,61411178,
PCDH20,ENSG00000280165,0.0648374486963985,0.0982080698101448,0.0368750657415572,-0.000632354870274074,missense|LC,13061411178,13,61411178,
HMGB4,ENSG00000176256,0.0648486569675932,0.0409708966004929,0.0972048546496802,0.0008499705361556,missense|LC,1033864112,1,33864112,
TRAF3IP2,ENSG00000056972,0.0648630288005995,0.259988294400825,0.0379163135943141,0.000398214943776411,missense|LC,6111559282,6,111559282,
LSM3,ENSG00000170860,0.0649432604672748,0.0351925629093817,0.43129920098264,0.00410278857871975,missense|LC,3014178351,3,14178351,
MED16,ENSG00000175221,0.0649965760666505,0.241634748312447,0.0350770478395261,0.000336478246127468,missense|LC,19000863006,19,863006,
LCN12,ENSG00000184925,0.0650860549205007,0.042427063086975,0.23521898956939,0.000925257599589582,missense|LC,9136952287,9,136952287,
ZNF503,ENSG00000165655,0.0651277836412352,0.743175331135703,0.034414430085437,-0.000125622555507499,missense|LC,10075398648,10,75398648,
PPHLN1,ENSG00000134283,0.0651564130433024,0.0362483452820246,0.401527101910516,-0.000885441695297975,missense|LC,12042322347,12,42322347,
CCDC120,ENSG00000147144,0.0651952987204939,0.0378982073296731,0.116866484183905,-0.000625058769298041,missense|LC,23049059270,X,49059270,
HSBP1L1,ENSG00000226742,0.0652168451617025,0.342639363141314,0.0368353577288926,0.00153876848337488,missense|LC,18079964695,18,79964695,
TM2D2,ENSG00000169490,0.0652413484226234,0.412603275125406,0.0410647955218184,0.000705192854512065,missense|LC,8038987858,8,38987858,
ZBTB1,ENSG00000126804,0.0652676470276711,0.811390528150216,0.0339196513576862,0.000215434430483408,missense|LC,14064502552,14,64502552,
LRRC24,ENSG00000254402,0.0653170511090059,0.0410012070219261,0.0799074176535611,-0.000841832902137331,missense|LC,8144517391,8,144517391,
LIN7C,ENSG00000148943,0.0653545251134201,0.337057112534134,0.0363855846090744,0.00150775469937856,missense|LC,11027498583,11,27498583,
TMTC3,ENSG00000139324,0.0653645763446349,0.457178541507571,0.0355727087012725,-0.000452805147254261,missense|LC,12088139453,12,88139453,
TSC22D2,ENSG00000196428,0.0653717073873696,0.919687009208885,0.0355859548486264,0.0000365247689466221,missense|LC,3150409239,3,150409239,
ARHGEF25,ENSG00000240771,0.0653731444728005,0.330979707568383,0.035451948343459,-0.000492529428459176,missense|LC,12057606394,12,57606394,
GJB4,ENSG00000189433,0.0653896916264459,0.039353730879967,0.0916812422138328,-0.000839991873301284,missense|LC,1034757310,1,34757310,
TTLL3,ENSG00000214021,0.0654087936006067,0.260251621584431,0.0339229079041584,-0.000350551465668756,missense|LC,3009806132,3,9806132,
RAB11FIP5,ENSG00000135631,0.0654106800563823,0.162676199537783,0.0360966937667364,-0.00101711585529453,missense|LC,2073071525,2,73071525,
TNKS1BP1,ENSG00000149115,0.0654222587987373,0.512428614809364,0.0338531667074189,0.000137728854749407,missense|LC,11057300463,11,57300463,
ODF2L,ENSG00000122417,0.0654234936504331,0.251615840060911,0.0356756961257229,0.000389776217512546,missense|LC,1086348672,1,86348672,
CYP2R1,ENSG00000186104,0.0654408830704193,0.143720489852335,0.036968729720645,-0.00101850988905773,missense|LC,11014878034,11,14878034,
BSN,ENSG00000164061,0.0654769477956304,0.233239663753425,0.0329199528388433,0.000206628551992163,missense|LC,3049554570,3,49554570,
DGKD,ENSG00000077044,0.0654960405814199,0.0374272768870263,0.136940450584147,-0.00094525251364561,missense|LC,2233354474,2,233354474,
GPR84,ENSG00000139572,0.0654975417134664,0.606121609919035,0.0357219304263525,0.000251591013985494,missense|LC,12054362624,12,54362624,
ANGEL1,ENSG00000013523,0.065578468135893,0.155073743620768,0.0377713872026688,-0.00083725836415302,missense|LC,14076789120,14,76789120,
DDX18,ENSG00000088205,0.0656030424449331,0.519970879027051,0.0373106179361758,-0.000273001958675692,missense|LC,2117814692,2,117814692,
TMEM17,ENSG00000186889,0.0656448264527372,0.0371942888219776,0.476878068085729,0.00233928329040098,missense|LC,2062501107,2,62501107,
ZNF343,ENSG00000088876,0.0656636990793754,0.194887150177419,0.0340613880036357,0.0011166531145741,missense|LC,20002483055,20,2483055,
ZNF70,ENSG00000187792,0.0656684037782137,0.0395784618997643,0.111441465585061,-0.000950502663985445,missense|LC,22023743679,22,23743679,
C9orf43,ENSG00000157653,0.0656898324709412,0.041515983760779,0.291904537016001,-0.000919572793028474,missense|LC,9113408761,9,113408761,
SLC17A1,ENSG00000124568,0.0657101812995442,0.854499840654147,0.0370775122742264,-0.000108920579801542,missense|LC,6025777915,6,25777915,
ZNF91,ENSG00000167232,0.0657484186624293,0.220705388553469,0.0362021026398744,0.000366767401928067,missense|LC,19023359447,19,23359447,
HP1BP3,ENSG00000127483,0.0658372328890691,0.175856037873977,0.042570390721679,-0.000723709520867281,missense|LC,1020744726,1,20744726,
GNLY,ENSG00000115523,0.0659741611033793,0.0475111155556516,0.065153051378615,0.00102770173370808,missense|LC,2085694360,2,85694360,
SLC13A2,ENSG00000007216,0.0659785485210069,0.0461523185277857,0.0616563900818754,-0.000948438005351415,missense|LC,17028468293,17,28468293,
RNPEP,ENSG00000176393,0.065984643191306,0.038296041234243,0.163237620346724,-0.00108697884642005,missense|LC,1201978583,1,201978583,
RNF7,ENSG00000114125,0.0660081650649601,0.0845474692066586,0.0413034309718837,0.0040935989576654,missense|LC,3141738241,3,141738241,
ZNF705D,ENSG00000215343,0.0660200064632672,0.503214833732087,0.0366276676245356,-0.000985451973414217,missense|LC,8012113037,8,12113037,
MAGI2,ENSG00000187391,0.0660422286134189,0.401918855725048,0.0358995247065994,0.000277483477499342,missense|LC,7078019213,7,78019213,
GPN2,ENSG00000142751,0.0660856029134048,0.875851380888801,0.0348204860852648,-0.000108679153437214,missense|LC,1026879635,1,26879635,
DAD1,ENSG00000129562,0.0660876982314174,0.452497601018382,0.0345192062213275,-0.00166534351024644,missense|LC,14022574985,14,22574985,
KCNK10,ENSG00000100433,0.0660986522418875,0.426931223634147,0.0382225985649735,-0.000472504766006045,missense|LC,14088185409,14,88185409,
SREBF2,ENSG00000198911,0.0661112709367888,0.124246063593128,0.0366585377834703,-0.000563727321208029,missense|LC,22041833205,22,41833205,
PEX11A,ENSG00000166821,0.0661593094655312,0.131059715034922,0.0376737581107879,-0.00128010117804434,missense|LC,15089677401,15,89677401,
ABCB9,ENSG00000150967,0.0662477591950015,0.497238622987805,0.0359002549619263,-0.000333553926295339,missense|LC,12122924523,12,122924523,
ACSBG1,ENSG00000103740,0.0662596658455303,0.0384248541580965,0.114353280565473,0.000786203266736956,missense|LC,15078163471,15,78163471,
MAF,ENSG00000178573,0.066344524135721,0.0358072253043561,0.531365936030297,-0.000922577647395601,missense|LC,16079594396,16,79594396,
SNAP47,ENSG00000143740,0.0663848701975905,0.172266883646841,0.0364987793202893,-0.000384644788275606,missense|LC,1227735000,1,227735000,
FNDC5,ENSG00000160097,0.0664795659760906,0.242686603658635,0.0372780566499593,-0.00121022354309216,missense|LC,1032863637,1,32863637,
C12orf56,ENSG00000185306,0.0664935344784204,0.57165306871763,0.0346093859184958,0.000380110576229689,missense|LC,12064267143,12,64267143,
CPA1,ENSG00000091704,0.0665008591790468,0.0391228197224742,0.120959054979328,-0.00102187493160459,missense|LC,7130380464,7,130380464,
PYCARD,ENSG00000103490,0.0666824508119759,0.119776301040864,0.0384890275978568,0.00196553787795944,missense|LC,16031201444,16,31201444,
MPC2,ENSG00000143158,0.0666909275081006,0.0455534806682706,0.0615941774105614,-0.00144854774640286,missense|LC,1167918272,1,167918272,
PEX1,ENSG00000127980,0.0667304535255355,0.295239853545318,0.0352805262820469,0.000422679809246169,missense|LC,7092487445,7,92487445,
CHODL,ENSG00000154645,0.066740036951938,0.0512690001308043,0.0764326256362124,-0.00242585680793552,missense|LC,21018245154,21,18245154,
IRF9,ENSG00000213928,0.0667601246335822,0.82496842492302,0.0343214542795348,0.000241994375651201,missense|LC,14024157232,14,24157232,
AC022137.3,ENSG00000286261,0.066813578232468,0.0371813726741086,0.255623662833016,0.0083003300863176,missense|LC,19053441833,19,53441833,
PCSK6,ENSG00000140479,0.066838048086214,0.131154922410126,0.0364521346631616,-0.000384357229642359,missense|LC,15101305206,15,101305206,
PGLYRP4,ENSG00000163218,0.0668759439237055,0.830183189661395,0.0379933077510829,-0.000112067460245735,missense|LC,1153330697,1,153330697,
GALNT1,ENSG00000141429,0.0669583145777373,0.887090717311427,0.0359491926445983,-0.000123455199218313,missense|LC,18035654625,18,35654625,
FMNL2,ENSG00000157827,0.066969581491869,0.210433960784977,0.0362073721497194,-0.000408538812311246,missense|LC,2152335541,2,152335541,
LTK,ENSG00000062524,0.0670052080147333,0.035881023730594,0.320761578933471,-0.000622145650406694,missense|LC,15041501236,15,41501236,
PPP2R5D,ENSG00000112640,0.0670144956402383,0.526129985021179,0.0372102131392913,0.00348667139720218,missense|LC,6042984330,6,42984330,
SCEL,ENSG00000136155,0.0670556322792427,0.0375193469216686,0.227898965364836,0.000754787025959177,missense|LC,13077555833,13,77555833,
ANKMY1,ENSG00000144504,0.0670742823862469,0.28118091778784,0.036888989844468,-0.000318567574553072,missense|LC,2240479609,2,240479609,
GABBR2,ENSG00000136928,0.0671562420787953,0.0424791280008002,0.130663595349974,-0.00171593127287805,missense|LC,9098290521,9,98290521,
ISG20,ENSG00000172183,0.0672331876457001,0.0376851080348163,0.23363332509136,0.00205982484667085,missense|LC,15088639310,15,88639310,
USP28,ENSG00000048028,0.0672466509047509,0.057605840456755,0.0571995564064843,0.000577466279552998,missense|LC,11113799145,11,113799145,
PDE1B,ENSG00000123360,0.0673732317297741,0.0435343426298602,0.0739924654059502,0.00115185342526176,missense|LC,12054549822,12,54549822,
P2RX7,ENSG00000089041,0.0674400599216027,0.220034100054214,0.0372181130545838,-0.000402133209152464,missense|LC,12121132872,12,121132872,
CEP97,ENSG00000182504,0.0676078614801612,0.0372334764918889,0.395538823452953,0.000739317355453465,missense|LC,3101724591,3,101724591,
NTF4,ENSG00000225950,0.0676650882676648,0.154887593288581,0.0391979000515855,-0.000866336312205921,missense|LC,19049056066,19,49056066,
LHFPL4,ENSG00000156959,0.0676667634352528,0.149833962268533,0.0362108126270717,0.00262730364091508,missense|LC,3009502177,3,9502177,
ARHGEF7,ENSG00000102606,0.067687584036502,0.213363834441169,0.0385755320847346,-0.000461207986668705,missense|LC,13111115417,13,111115417,
TNFRSF14,ENSG00000157873,0.0676880038915566,0.0468645205871778,0.250522402054934,-0.00103494577227868,missense|LC,1002556592,1,2556592,
B4GALNT3,ENSG00000139044,0.067709059001027,0.387940556500358,0.0478812298298901,0.00017482972614925,missense|LC,12000460266,12,460266,
ACE,ENSG00000159640,0.0677353402264054,0.168827357106857,0.0353982180151534,0.000288003260788818,missense|LC,17063472061,17,63472061,
SLC24A4,ENSG00000140090,0.0678050035319614,0.0365736476751191,0.402351724999708,0.000984627902712269,missense|LC,14092323707,14,92323707,
REC114,ENSG00000183324,0.0678718059198539,0.0409562680717215,0.124618084824818,0.0017570816590305,missense|LC,15073443091,15,73443091,
WFDC10B,ENSG00000182931,0.0678766711424309,0.0581492871488763,0.0528956034290531,0.00494768873112034,missense|LC,20045684716,20,45684716,
SMAD1,ENSG00000170365,0.0679491104507328,0.0372211743361807,0.704838357441586,0.00218636957162879,missense|LC,4145514539,4,145514539,
EIF2B5,ENSG00000145191,0.0679576212969186,0.0359320963527288,0.56497655908571,0.00118979552878361,missense|LC,3184135260,3,184135260,
SLFN5,ENSG00000166750,0.0680587033003996,0.245644232473875,0.0343881366410151,-0.000601975260654769,missense|LC,17035258579,17,35258579,
ATF7-NPFF,ENSG00000267281,0.0680987240232295,0.0368110621298927,0.731173617989885,-0.00262413552337933,missense|LC,12053501692,12,53501692,
NSRP1,ENSG00000126653,0.0681672726502615,0.533884579685628,0.0403533396788285,-0.000327565717839187,missense|LC,17030116738,17,30116738,
AL021546.1,ENSG00000111780,0.0681790583414076,0.196540585698576,0.0391882632197804,0.0014853830709251,missense|LC,12120438056,12,120438056,
IER3,ENSG00000137331,0.0681883495066299,0.068161549952145,0.042977393621964,-0.00175688795393306,missense|LC,6030740090,6,30740090,
CABP1,ENSG00000157782,0.0682463360325937,0.184130055522391,0.0358423860791702,-0.00174409265328291,missense|LC,12120640509,12,120640509,
MAGT1,ENSG00000102158,0.0682471074917356,0.13851988299159,0.0412858515821888,0.000772799384239284,missense|LC,23077829172,X,77829172,
AC008758.1,ENSG00000196826,0.068267201438971,0.114147030227987,0.0380300811531529,-0.000877574512328995,missense|LC,19012463914,19,12463914,
RBBP8NL,ENSG00000130701,0.0683038022834043,0.552860886774314,0.0385762452467937,0.000211875392493835,missense|LC,20062406855,20,62406855,
RPL22,ENSG00000116251,0.0683199728380356,0.444228696701585,0.0380022375259084,0.00216592081372751,missense|LC,1006180011,1,6180011,
XYLB,ENSG00000093217,0.0683562378410374,0.0379674761312477,0.44370591492411,-0.000716907751595856,missense|LC,3038346755,3,38346755,
ZNF229,ENSG00000278318,0.0683642713175021,0.491915944698651,0.0391571736807457,0.000251674643764537,missense|LC,19044428207,19,44428207,
KIAA1217,ENSG00000120549,0.0683916670267225,0.744673202997962,0.0355152225472402,-0.0000685331181864749,missense|LC,10024209124,10,24209124,
TMEM247,ENSG00000284701,0.0684390428730642,0.0384167560957265,0.348009621823945,0.000696260327555596,missense|LC,2046479530,2,46479530,
YWHAG,ENSG00000170027,0.0684701963715081,0.0577573983933045,0.0517507039244798,0.00370271208728213,missense|LC,7076329463,7,76329463,
NAT1,ENSG00000171428,0.0685357841663777,0.0656596526211146,0.0462280949249895,0.000695902849004378,missense|LC,8018216848,8,18216848,
FAM110D,ENSG00000197245,0.0686799972694022,0.377514126875984,0.0439350548337378,0.000508768929932037,missense|LC,1026161202,1,26161202,
CSTA,ENSG00000121552,0.0688613496101155,0.0398053509051218,0.45033239721091,-0.00224284020114834,missense|LC,3122325225,3,122325225,
RNF168,ENSG00000163961,0.0689082148541135,0.0383776042409218,0.471994758752251,-0.000955378910102096,missense|LC,3196471796,3,196471796,
OSER1,ENSG00000132823,0.068930216167576,0.0478535499220882,0.0837002947586549,0.0026516386037578,missense|LC,20044197014,20,44197014,
H1-8,ENSG00000178804,0.0689903887533109,0.0406538950477556,0.340205765166002,0.00108521778729536,missense|LC,3129543173,3,129543173,
CYP4F12,ENSG00000186204,0.0690010380884226,0.0396453112392304,0.12298844435106,0.000712558688990651,missense|LC,19015673430,19,15673430,
PATL1,ENSG00000166889,0.0690240524121878,0.255685536647459,0.0416698796718072,-0.000520907928870842,missense|LC,11059638314,11,59638314,
SLC30A8,ENSG00000164756,0.0690254180215673,0.0625376838493423,0.0512100174738281,-0.00123760223723375,missense|LC,8117135332,8,117135332,
CNPY4,ENSG00000166997,0.0690447624752482,0.859621146539585,0.0420251064430992,-0.0000977171920448088,missense|LC,7100118777,7,100118777,
GPC4,ENSG00000076716,0.0690614914029176,0.691534375741193,0.0383448153929553,-0.000261453366839188,missense|LC,23133302822,X,133302822,
FGFBP1,ENSG00000137440,0.0691106800348515,0.0399504521655791,0.0988076738550637,-0.00143155122428487,missense|LC,4015935890,4,15935890,
TUBB8B,ENSG00000173213,0.0691358322870669,0.0635895043458496,0.052758258653125,0.00051699256060777,missense|LC,18000047455,18,47455,
ARMCX6,ENSG00000198960,0.0692082014220911,0.955991540629009,0.0363405511295206,-0.0000370017643244621,missense|LC,23101616049,X,101616049,
FAM133A,ENSG00000179083,0.0692588625035305,0.0384323448923324,0.629431370098473,-0.00248462481330226,missense|LC,23093671655,X,93671655,
DYRK3,ENSG00000143479,0.0692748876121293,0.0360523154756053,0.409919947718203,-0.001711232939562,missense|LC,1206635559,1,206635559,
PNPLA5,ENSG00000100341,0.0692903554306368,0.657093407447221,0.03801738297442,0.000242270641170127,missense|LC,22043880685,22,43880685,
BPIFB2,ENSG00000078898,0.0692954912803871,0.0394148531389751,0.770081629723829,0.000943809844991508,missense|LC,20033002704,20,33002704,
ZNF709,ENSG00000242852,0.0693105141344166,0.125296160990359,0.0381350429871077,-0.000851506493287217,missense|LC,19012463914,19,12463914,
SLC1A2,ENSG00000110436,0.0693567657180734,0.0386891851213481,0.697204786504357,0.00157752260193034,missense|LC,11035260874,11,35260874,
ZSCAN2,ENSG00000176371,0.069387524130856,0.257843406013295,0.0411846273177776,-0.000457187329839029,missense|LC,15084603830,15,84603830,
AKT2,ENSG00000105221,0.0694030419980849,0.0364435772450626,0.832773419436595,0.00154550388733585,missense|LC,19040226322,19,40226322,
ELAVL1,ENSG00000066044,0.0694155829373898,0.958551435780737,0.0371616818068204,0.0000668164420581365,missense|LC,19007963377,19,7963377,
DIPK1A,ENSG00000154511,0.0694904140161332,0.0485993998543872,0.085419128933006,-0.00181426762848448,missense|LC,1092837402,1,92837402,
H2BC15,ENSG00000233822,0.06950990295333,0.437560679126313,0.0383687555808454,-0.00131832514910525,missense|LC,6027837820,6,27837820,
AP001273.2,ENSG00000284057,0.0695396459355534,0.0375130976204789,0.204476566070807,0.00136327149626702,missense|LC,11093736666,11,93736666,
MUC6,ENSG00000184956,0.0695749489873727,0.0361130968966097,0.733642232870518,0.000391840150360609,missense|LC,11001007881,11,1007881,
PSMD9,ENSG00000110801,0.0696109124858558,0.0505074549810814,0.0694386378484815,-0.00127243357435209,missense|LC,12121888715,12,121888715,
ACBD4,ENSG00000181513,0.0696357855323519,0.0390952772080269,0.455617417505435,-0.00153479204038214,missense|LC,17045132123,17,45132123,
PAH,ENSG00000171759,0.0697731174392813,0.449990616904194,0.0364952769611364,0.000299281307793604,missense|LC,12102839108,12,102839108,
MYO7B,ENSG00000169994,0.0698141816778582,0.814576231120206,0.0362004575117101,-0.0000479441613956063,missense|LC,2127559630,2,127559630,
COTL1,ENSG00000103187,0.069852070299549,0.0506585564425641,0.31491815464241,-0.00155382815158613,missense|LC,16084566814,16,84566814,
BTBD8,ENSG00000189195,0.0698611071421605,0.0655585073768481,0.0495622426633162,0.000764774613453072,missense|LC,1092168978,1,92168978,
UCN,ENSG00000163794,0.0699347604706168,0.0365211242664284,0.226378786291463,-0.00273767320715245,missense|LC,2027304888,2,27304888,
LURAP1,ENSG00000171357,0.0699831321035026,0.0587211646486103,0.060741278045233,-0.00228722323332768,missense|LC,1046203342,1,46203342,
ASB14,ENSG00000239388,0.0699983630396143,0.297498040609599,0.0369532946744714,0.000725150522311574,missense|LC,3057267686,3,57267686,
TNRC6A,ENSG00000090905,0.0700886581283264,0.0367894023128406,0.458105949462332,0.000475872221265752,missense|LC,16024729718,16,24729718,
ATP13A4,ENSG00000127249,0.070166386372667,0.589242369533587,0.0386795178714618,0.000202842491126619,missense|LC,3193402715,3,193402715,
SWI5,ENSG00000175854,0.0702279078837628,0.0379993987248943,0.204619785229078,-0.00321514819024432,missense|LC,9128272771,9,128272771,
ZFPM1,ENSG00000179588,0.0702542722350856,0.638277681192543,0.037040185437756,0.000109661263989193,missense|LC,16088453563,16,88453563,
RASL12,ENSG00000103710,0.0702735360543151,0.0543933307308659,0.0537631978114839,-0.0014212353549193,missense|LC,15065049943,15,65049943,
TRPC3,ENSG00000138741,0.0703246473237285,0.159952389317166,0.0392078065551036,-0.000744368913445122,missense|LC,4121870172,4,121870172,
EID3,ENSG00000255150,0.0703419767855149,0.0965563597020922,0.0486398251129909,0.00055575781801493,missense|LC,12104303777,12,104303777,
CDH18,ENSG00000145526,0.0703454125595914,0.067423986917881,0.0620726065856311,0.00112373796071837,missense|LC,5019473130,5,19473130,
KRTAP25-1,ENSG00000232263,0.0704453650679363,0.0380352246230159,0.167541149821433,-0.00379130210175979,missense|LC,21030289119,21,30289119,
EIF3D,ENSG00000100353,0.0704612844212226,0.598619610247855,0.0364344882855863,-0.00056365469951999,missense|LC,22036505868,22,36505868,
MYPN,ENSG00000138347,0.0705292894287014,0.0369844653875822,0.588349302756422,0.000762067167506073,missense|LC,10068121378,10,68121378,
OSTM1,ENSG00000081087,0.0705493054412175,0.03909545836863,0.219639518832723,-0.0015013985895343,missense|LC,6108044764,6,108044764,
AMOTL1,ENSG00000166025,0.070667402625895,0.128192408235697,0.0402025771039993,-0.000589026049194638,missense|LC,11094768183,11,94768183,
MUC3A,ENSG00000169894,0.0707019095624756,0.312490599665586,0.0368835142621819,-0.00020883916236363,missense|LC,7100949540,7,100949540,
ZNF668,ENSG00000167394,0.0707711095127217,0.0450163769419634,0.167315822965956,-0.00089220955475318,missense|LC,16031060940,16,31060940,
ERF,ENSG00000105722,0.0707915557045999,0.452666890048088,0.0391254828304167,0.00050021921502547,missense|LC,19042248382,19,42248382,
ALDH9A1,ENSG00000143149,0.0708164638667581,0.0417121886464423,0.367177475263559,0.000762960807746126,missense|LC,1165661310,1,165661310,
AC006486.1,ENSG00000268643,0.0708752147497772,0.805373939096365,0.0456399820920296,-0.000305026839749763,missense|LC,19042230744,19,42230744,
AIMP2,ENSG00000106305,0.07093123773563,0.0445181429150409,0.125218849396286,-0.00122606837048189,missense|LC,7006005763,7,6005763,
PEAK3,ENSG00000188305,0.070954647872766,0.0410520625954665,0.112047869649761,-0.00117654682172617,missense|LC,19002269631,19,2269631,
INPPL1,ENSG00000165458,0.0709641747562028,0.0746843562480348,0.0514894960279672,0.000680964915932869,missense|LC,11072220757,11,72220757,
JMJD7-PLA2G4B,ENSG00000168970,0.0709910578676872,0.0363971386614023,0.330525567806527,0.000639813893611012,missense|LC,15041823120,15,41823120,
STUM,ENSG00000203685,0.071000017569656,0.0379660188003546,0.231501763420546,0.00243014491662991,missense|LC,1226548811,1,226548811,
ST3GAL3,ENSG00000126091,0.0710105877661471,0.0424672560077444,0.0923076046173668,0.00134087373043808,missense|LC,1043703512,1,43703512,
MTAP,ENSG00000099810,0.0710787637065591,0.037159565571663,0.588824098841173,0.00259436939525806,missense|LC,9021802655,9,21802655,
UNC80,ENSG00000144406,0.0710979572615251,0.0411979220133971,0.118846393426812,0.000554254690166631,missense|LC,2209772023,2,209772023,
NAA50,ENSG00000121579,0.0711071125203685,0.093070068652343,0.0422883166362372,0.00220859333082986,missense|LC,3113721681,3,113721681,
HUS1B,ENSG00000188996,0.0711439472152503,0.048547450592811,0.0744345431158118,0.00132863743797021,missense|LC,6000656059,6,656059,
FAM160B2,ENSG00000158863,0.0711442465607935,0.0374491746110028,0.32565250462236,0.000952937357783094,missense|LC,8022089166,8,22089166,
ERCC3,ENSG00000163161,0.07114619379243,0.0392755234332236,0.138731847640305,0.00085039013870063,missense|LC,2127257490,2,127257490,
MMP28,ENSG00000271447,0.0712123579495614,0.638803616459461,0.0391637909420776,0.000190588294892676,missense|LC,17035760868,17,35760868,
PTGDS,ENSG00000107317,0.0712519601203555,0.0374762773235283,0.516313675073371,-0.00282927719642138,missense|LC,9136972586,9,136972586,
DPP10,ENSG00000175497,0.0712670637614677,0.199857203557854,0.0402242233779937,0.000692750667201728,missense|LC,2115161860,2,115161860,
MAGEB2,ENSG00000099399,0.0713004296402573,0.0995685690280657,0.0451641017267413,-0.000725119447051093,missense|LC,23030218482,X,30218482,
ATP5F1A,ENSG00000152234,0.0713088832266405,0.0396011015565166,0.489962480628055,0.00160863694679197,missense|LC,18046084220,18,46084220,
STIL,ENSG00000123473,0.0714758452655009,0.0385445405778507,0.784620356067386,0.000682565424739103,missense|LC,1047251061,1,47251061,
RGS9,ENSG00000108370,0.0714810231981637,0.0553978147449442,0.0559906459721318,-0.000686645584155056,missense|LC,17065137463,17,65137463,
KEAP1,ENSG00000079999,0.0715034532712638,0.0597738857297752,0.0525686876466011,-0.000881281038485934,missense|LC,19010486575,19,10486575,
SLC9C2,ENSG00000162753,0.0715152436273513,0.115684874669971,0.0416479119103758,0.000848348967158757,missense|LC,1173500981,1,173500981,
TFEB,ENSG00000112561,0.0715256596691556,0.24583929487619,0.0388153909393194,-0.000765490390529991,missense|LC,6041684472,6,41684472,
KLHL35,ENSG00000149243,0.0715431218418141,0.0381963150354325,0.184779468311669,0.000751049221055487,missense|LC,11075422509,11,75422509,
KRTAP5-10,ENSG00000204572,0.0715774004773477,0.568114157464365,0.043556552363034,0.000236410276690521,missense|LC,11071565434,11,71565434,
BCOR,ENSG00000183337,0.0716398168617114,0.0387894966746176,0.195458216859892,-0.000748590891848752,missense|LC,23040052059,X,40052059,
NUP155,ENSG00000113569,0.0716652727775573,0.0571104755267857,0.0685366634948434,-0.000875156461964717,missense|LC,5037291835,5,37291835,
ARHGEF38,ENSG00000236699,0.0716825788958249,0.0426082958321565,0.111454652671271,0.00123942583327976,missense|LC,4105552700,4,105552700,
SPINT4,ENSG00000149651,0.071695122416023,0.0883386213855027,0.0438736837016345,0.00355946805486383,missense|LC,20045722326,20,45722326,
SLC35A4,ENSG00000176087,0.0717271678121992,0.425429585697886,0.0401909691789522,-0.000485774280670427,missense|LC,5140560227,5,140560227,
NHS,ENSG00000188158,0.0717473044675061,0.269406591822086,0.0373989280599727,-0.000320085372498672,missense|LC,23017375678,X,17375678,
ENAM,ENSG00000132464,0.0717911678975469,0.0764560088362858,0.049399607838857,-0.000575738913698591,missense|LC,4070629463,4,70629463,
VWC2,ENSG00000188730,0.0718074468627576,0.151286976713027,0.0409213646851084,-0.00106081370059632,missense|LC,7049775354,7,49775354,
SCARB1,ENSG00000073060,0.0718272963475215,0.0380498312538905,0.197308699960233,-0.0012527474439489,missense|LC,12124778363,12,124778363,
SAMD9,ENSG00000205413,0.0718794713245742,0.83003726963233,0.0386927898977795,-0.0000558910609635928,missense|LC,7093101278,7,93101278,
ZIM3,ENSG00000141946,0.0718931104612351,0.373480052615429,0.0424561547358745,0.000421209103963234,missense|LC,19057129099,19,57129099,
STAR,ENSG00000147465,0.0719394457035388,0.0429458095301335,0.265041350349547,-0.00118466989911352,missense|LC,8038138751,8,38138751,
ANKHD1-EIF4EBP3,ENSG00000254996,0.0719603908787181,0.0394949150427966,0.885086676553818,0.00071714899411684,missense|LC,5140401773,5,140401773,
NUCB1,ENSG00000104805,0.0720436245501045,0.751346159854517,0.0390952282185175,0.000153187331218236,missense|LC,19048895312,19,48895312,
NRDE2,ENSG00000119720,0.0720440408046116,0.149235659040916,0.0387346612706515,-0.000362688026949033,missense|LC,14090263228,14,90263228,
RAB1A,ENSG00000138069,0.0720511346739494,0.0944108085091148,0.0432307308823636,0.00410960660481045,missense|LC,2065082452,2,65082452,
CFAP20,ENSG00000070761,0.0720570213695059,0.0994534062010175,0.0451830917449428,-0.00273905955900741,missense|LC,16058113943,16,58113943,
EIF4G1,ENSG00000114867,0.0720589050455268,0.456225906363563,0.0391383274460214,0.000228100592418865,missense|LC,3184315712,3,184315712,
XKR8,ENSG00000158156,0.0720863604074051,0.047677470537869,0.0714923156903948,-0.00103131781034989,missense|LC,1027955601,1,27955601,
FH,ENSG00000091483,0.0720875913249847,0.0830520142484711,0.0441328387811244,0.00104023883670225,missense|LC,1241497751,1,241497751,
ANKLE1,ENSG00000160117,0.0721064389318826,0.0510811199666565,0.0759879965793872,-0.000528594907477132,missense|LC,19017276647,19,17276647,
DCC,ENSG00000187323,0.0721092391445528,0.681853093980129,0.0382678476240046,0.000437406816337489,missense|LC,18052340747,18,52340747,
RIMS2,ENSG00000176406,0.072216465285887,0.0404231906587252,0.129642633325489,-0.000606922997070038,missense|LC,8103500839,8,103500839,
PSMD4,ENSG00000159352,0.0722300814067222,0.512439097535677,0.037514876120452,0.00105242692396988,missense|LC,1151254668,1,151254668,
KCNJ10,ENSG00000177807,0.072236132173185,0.0400411730837034,0.704582561991785,0.00139773272672602,missense|LC,1160041318,1,160041318,
FGF18,ENSG00000156427,0.0722651451889442,0.297870980555124,0.0456590679878943,-0.000993789495062055,missense|LC,5171420115,5,171420115,
AC245748.1,ENSG00000267173,0.0723670336209498,0.0505910158702138,0.0981747763147,0.00165829018982289,missense|LC,19044327368,19,44327368,
CHRD,ENSG00000090539,0.0724202741512496,0.0531012323082619,0.0823893884873155,-0.000830016104111571,missense|LC,3184375438,3,184375438,
BLOC1S2,ENSG00000196072,0.0724778906334682,0.451616192620871,0.0525359849432462,0.00105361339552921,missense|LC,10100275377,10,100275377,
STIP1,ENSG00000168439,0.0724997197762134,0.587843344592648,0.0378986051256717,-0.000502619071985383,missense|LC,11064185699,11,64185699,
NEMP1,ENSG00000166881,0.0725061150010013,0.700152357392626,0.0429534155317558,0.000210770560127695,missense|LC,12057059813,12,57059813,
ZNF573,ENSG00000189144,0.0725366534208345,0.0430563918383056,0.108880482762793,-0.00105221465319494,missense|LC,19037738388,19,37738388,
CCDC148,ENSG00000153237,0.0725824356966335,0.13127053242493,0.042597560059253,-0.000747629093927381,missense|LC,2158172073,2,158172073,
TSPAN5,ENSG00000168785,0.0725934195587182,0.360496299768548,0.0367197096788501,-0.00200616795907854,missense|LC,4098472457,4,98472457,
ZNF253,ENSG00000256771,0.0727015777014733,0.0410138846008476,0.235705294877316,-0.00113698377807767,missense|LC,19019865897,19,19865897,
MLLT1,ENSG00000130382,0.0727457646077,0.76084482314061,0.0397214532955321,-0.000224356802152678,missense|LC,19006211533,19,6211533,
PAGE1,ENSG00000068985,0.0727879109241294,0.0562641168924511,0.0968947461758883,-0.000887468835766088,missense|LC,23049687487,X,49687487,
SIGLEC1,ENSG00000088827,0.0728321507646187,0.284824966918747,0.0386904510044064,0.000255906065749308,missense|LC,20003681971,20,3681971,
ST8SIA5,ENSG00000101638,0.0729454687427493,0.147154092542713,0.0421160514775368,-0.00119462875946032,missense|LC,18046679958,18,46679958,
B4GALT1,ENSG00000086062,0.072969019338635,0.0388882811585541,0.206222575628235,-0.00214095125096482,missense|LC,9033113332,9,33113332,
RAB6C,ENSG00000222014,0.0730306567111156,0.0450981949029168,0.135800522565145,-0.000894725291105712,missense|LC,2129979954,2,129979954,
SRP14,ENSG00000140319,0.0730383622490064,0.934950306939951,0.0425478142529661,0.0000266725232341732,missense|LC,15040032123,15,40032123,
ESRP2,ENSG00000103067,0.0730580626007125,0.311870190971339,0.0393838077007733,-0.00060333145456294,missense|LC,16068226237,16,68226237,
AKAP1,ENSG00000121057,0.0731024389530205,0.0414532425064599,0.513807917544012,-0.000641933313372304,missense|LC,17057105371,17,57105371,
CCL5,ENSG00000271503,0.0731038223036233,0.0892159101208297,0.0461103908740579,-0.00304707343788166,missense|LC,17035866667,17,35866667,
CCDC102B,ENSG00000150636,0.0731406455751755,0.0445173457379628,0.0818059882118213,0.000868582449807277,missense|LC,18068836693,18,68836693,
MIIP,ENSG00000116691,0.0731536013126567,0.639875908114313,0.0437074353262974,-0.000233596729092249,missense|LC,1012021659,1,12021659,
SGSH,ENSG00000181523,0.0731733477471544,0.0423576756973387,0.44142883231004,-0.000765593369845847,missense|LC,17080204278,17,80204278,
CLCN5,ENSG00000171365,0.0732166021157173,0.0479920309142392,0.128301926228252,-0.0154044596505625,missense|LC,23049925235,X,49925235,
TMEM26,ENSG00000196932,0.0732385083654553,0.098518347208143,0.0439594897824535,0.00114644361605586,missense|LC,10061410228,10,61410228,
VASP,ENSG00000125753,0.0732727409384047,0.212207998091058,0.0402585947366577,-0.0010916973725576,missense|LC,19045507651,19,45507651,
TFPI2,ENSG00000105825,0.0732893295584179,0.48779981508602,0.0438674476485766,-0.000566450663962011,missense|LC,7093886788,7,93886788,
FUNDC1,ENSG00000069509,0.0732947232072816,0.849467871452125,0.0406955183405804,-0.000268798549696676,missense|LC,23044524187,X,44524187,
KLHL15,ENSG00000174010,0.0733188293753944,0.122120523906578,0.0423919963152625,-0.00294853187382069,missense|LC,23023987882,X,23987882,
DHX57,ENSG00000163214,0.073357970796276,0.604978581510527,0.0392279381474667,-0.000137348467426827,missense|LC,2038798175,2,38798175,
TRMT9B,ENSG00000250305,0.0733726473682022,,,,missense|LC,8012952612,8,12952612,
HPCAL4,ENSG00000116983,0.0734143288477003,0.0955389393209946,0.043870696920139,-0.00196045683290229,missense|LC,1039682458,1,39682458,
FRMD6,ENSG00000139926,0.0735176222269204,0.21981070197366,0.041075582083548,0.000691471544185117,missense|LC,14051689813,14,51689813,
POC1B-GALNT4,ENSG00000259075,0.0735329430949664,0.0436100893381517,0.481869262161928,0.000680066965846969,missense|LC,12089522693,12,89522693,
DAP,ENSG00000112977,0.0735888959559257,0.939374260928372,0.0405009872678238,-0.0000798674069517992,missense|LC,5010680656,5,10680656,
SUPT6H,ENSG00000109111,0.0736671524932416,0.0395357950228841,0.578965021198171,0.000917798695615432,missense|LC,17028661630,17,28661630,
GPR137B,ENSG00000077585,0.0736944971676718,0.0459828270684959,0.209525280913051,0.000965204265002052,missense|LC,1236142578,1,236142578,
ASIP,ENSG00000101440,0.0737211307552827,0.46619056657117,0.0410358008127905,0.00165373295485151,missense|LC,20034213484,20,34213484,
GABARAP,ENSG00000170296,0.0737924441790031,0.723178360689567,0.0386438325169645,0.00137604882990651,missense|LC,17007235545,17,7235545,
PSG6,ENSG00000170848,0.0737925991901356,0.433679803185917,0.0415388535497536,0.000147666202309528,missense|LC,19042903620,19,42903620,
RGL1,ENSG00000143344,0.073812899810872,0.0583309928605784,0.0535143545648181,0.000928722766400102,missense|LC,1183633039,1,183633039,
CDR2,ENSG00000140743,0.0738557382034519,0.0408730153120913,0.19694605422826,-0.00207880731572303,missense|LC,16022346877,16,22346877,
CD300LD,ENSG00000204345,0.073923068563012,0.0427059682751222,0.12082386812026,0.00180705265736112,missense|LC,17074579980,17,74579980,
SLC5A6,ENSG00000138074,0.0739341093153884,0.0419667735775425,0.479683756601139,-0.00106322462438729,missense|LC,2027200347,2,27200347,
CD180,ENSG00000134061,0.0739992511130942,0.0451945296314362,0.135478878897239,-0.00106358715322144,missense|LC,5067182798,5,67182798,
CERS6,ENSG00000172292,0.0740201258375763,0.0884426068228931,0.0450949222531086,0.000972599036555694,missense|LC,2168456371,2,168456371,
OR2A12,ENSG00000221858,0.074031951652923,0.048271993764348,0.0697456366400888,0.00144213157322417,missense|LC,7144095077,7,144095077,
AL358113.1,ENSG00000285130,0.0740428841288046,0.0399899569756107,0.188305464570514,-0.000709895176636301,missense|LC,9069035698,9,69035698,
SEMA4C,ENSG00000168758,0.074093555603706,0.648831892009595,0.039325817811914,0.000176304940848266,missense|LC,2096857796,2,96857796,
ZAR1L,ENSG00000189167,0.0741376685137871,0.588633234433991,0.0406680856534557,0.000609798035491263,missense|LC,13032303785,13,32303785,
HTATIP2,ENSG00000109854,0.0741736852969342,0.712634044109054,0.0415759387896494,-0.000374899403491266,missense|LC,11020363649,11,20363649,
CT45A3,ENSG00000269096,0.0742398311504272,,,,missense|LC,23135760267,X,135760267,
EZH2,ENSG00000106462,0.0742475546388364,0.163160472775902,0.0411027378740915,0.00126257839264854,missense|LC,7148807599,7,148807599,
DMAC2L,ENSG00000125375,0.0742643692745388,0.0416267185402873,0.660601722734736,-0.00253445850321625,missense|LC,14050311887,14,50311887,
WDR90,ENSG00000161996,0.0742802062118179,0.0381921068644361,0.445441215240137,0.0003923921145667,missense|LC,16000647286,16,647286,
SOX17,ENSG00000164736,0.0743975153363856,0.593133323548642,0.0428881894384636,-0.000200304124534697,missense|LC,8054458022,8,54458022,
TGM3,ENSG00000125780,0.0744133174566587,0.257854778995808,0.0401787651675242,0.000427472117325968,missense|LC,20002295967,20,2295967,
SLC16A8,ENSG00000100156,0.0744461962003962,0.731531881040032,0.0397126653262658,0.000175022986823375,missense|LC,22038073713,22,38073713,
PODXL,ENSG00000128567,0.074476633096128,0.0432085404753337,0.374324667942502,0.000833000464673981,missense|LC,7131504254,7,131504254,
DDN,ENSG00000181418,0.0744967169462696,0.23623666978222,0.0412229927992714,-0.000618477619786769,missense|LC,12048996587,12,48996587,
GAB3,ENSG00000160219,0.0745060013427175,0.44410937769503,0.0389491376824109,0.000566073166281054,missense|LC,23154678203,X,154678203,
MTPAP,ENSG00000107951,0.0745102380226225,0.0398911619180063,0.464869576832394,-0.00132918595406462,missense|LC,10030313499,10,30313499,
ANKFY1,ENSG00000185722,0.0745161793100556,0.0422865946581472,0.200659082022463,0.000803135272993232,missense|LC,17004167681,17,4167681,
NARS1,ENSG00000134440,0.0745463709862614,0.509374805572887,0.042779245812803,-0.00032637344443244,missense|LC,18057601557,18,57601557,
TTC39A,ENSG00000085831,0.0745760603371657,0.0734310147454859,0.0482482177189099,-0.000924544911851337,missense|LC,1051288014,1,51288014,
AL121899.2,ENSG00000286022,0.0746779866708009,0.27559103973882,0.0403292576961638,0.000412037207529696,missense|LC,20002207005,20,2207005,
NIPAL4,ENSG00000172548,0.0746938380894636,0.0926455413059627,0.0455460180640659,0.000719329177707584,missense|LC,5157460089,5,157460089,
WDFY2,ENSG00000139668,0.0747105415940739,0.495459121967291,0.0410328957000996,0.000478349782381115,missense|LC,13051584555,13,51584555,
AGPAT5,ENSG00000155189,0.074743933472874,0.0392780938100871,0.36340238443982,-0.00146287096548546,missense|LC,8006708589,8,6708589,
CD81,ENSG00000110651,0.0747672910732095,0.0812802944421096,0.0488454707692674,-0.00163543794830637,missense|LC,11002377494,11,2377494,
BTN2A2,ENSG00000124508,0.074957766020412,0.0611760601914814,0.105838237397173,-0.000271131988933848,missense|LC,6026383740,6,26383740,
ZNF469,ENSG00000225614,0.0749637699738226,0.0784474748389271,0.0625912371249006,-0.000199572780286125,missense|LC,16088427375,16,88427375,
FOS,ENSG00000170345,0.0749767231365238,0.507675163092391,0.0462402932911308,0.000299737744596977,missense|LC,14075278876,14,75278876,
MUS81,ENSG00000172732,0.0750618090101702,0.0423022408494597,0.199080231839663,-0.000838103485020029,missense|LC,11065855438,11,65855438,
ZNF696,ENSG00000185730,0.0750681230698106,0.237405089659571,0.047351423777777,0.000513597087415344,missense|LC,8143290723,8,143290723,
KIAA0319L,ENSG00000142687,0.0750885697408856,0.0655746270353885,0.0522467916070624,0.000646424683967879,missense|LC,1035434822,1,35434822,
PMF1,ENSG00000160783,0.0751100471863227,0.0543402762086221,0.0603209093441258,-0.000819716252198074,missense|LC,1156208006,1,156208006,
MRPL17,ENSG00000158042,0.0751129910077547,0.844425379452429,0.0388406689151984,0.000323366957055897,missense|LC,11006682013,11,6682013,
RBM14,ENSG00000239306,0.0751209779754929,0.18699121109928,0.0441403756818772,-0.000623510505628144,missense|LC,11066616594,11,66616594,
MRM1,ENSG00000278619,0.0751386820557098,0.0396573844434198,0.74347662066111,-0.00171910144926715,missense|LC,17036598087,17,36598087,
L1TD1,ENSG00000240563,0.0751977316208717,0.0398192261208221,0.219834535295454,0.000925362842042661,missense|LC,1062206530,1,62206530,
HTR3B,ENSG00000149305,0.0752327418240462,0.055718114020899,0.0591733499638222,-0.000749694201404262,missense|LC,11113904884,11,113904884,
MYL6B,ENSG00000196465,0.0752648250619955,0.0446406349684311,0.104570656626404,0.00164824141835151,missense|LC,12056153346,12,56153346,
CBL,ENSG00000110395,0.0752653849738909,0.0398702459902154,0.470057981314463,0.00107328557148534,missense|LC,11119206347,11,119206347,
THPO,ENSG00000090534,0.0752748514120808,0.135351291288975,0.0435859265944262,-0.00150306317770122,missense|LC,3184368057,3,184368057,
NPIPB12,ENSG00000169203,0.0753927968885808,,,,missense|LC,16029505423,16,29505423,
CDK10,ENSG00000185324,0.0754581750004897,0.178582889302269,0.0434817135639167,-0.000496063432858976,missense|LC,16089686637,16,89686637,
SUPT16H,ENSG00000092201,0.0754659724843183,0.0448382562615098,0.456073337047867,0.00123960997476155,missense|LC,14021348126,14,21348126,
HMGN5,ENSG00000198157,0.0755207856233063,0.0507170358982402,0.293135739652139,-0.00107383334946559,missense|LC,23081114572,X,81114572,
DHX38,ENSG00000140829,0.0755976818489231,0.124642777654949,0.0420179985103768,-0.000477851758867974,missense|LC,16072088926,16,72088926,
B3GAT2,ENSG00000112309,0.0756063228762449,0.0391005890561535,0.307959667317694,-0.00222187782763193,missense|LC,6070852439,6,70852439,
PCNA,ENSG00000132646,0.0756384624181669,0.04483188235756,0.124451513003079,-0.00407459791418636,missense|LC,20005111712,20,5111712,
KANK1,ENSG00000107104,0.0756490358847315,0.549015978626413,0.038873521712586,0.000157059211930848,missense|LC,9000676917,9,676917,
XPOT,ENSG00000184575,0.075724043438308,0.533345459505052,0.0424760466274212,-0.000266522782651024,missense|LC,12064409984,12,64409984,
CDRT15L2,ENSG00000214819,0.0757471673285169,0.580928138482424,0.04314300484954,-0.000357942263229279,missense|LC,17020579611,17,20579611,
R3HDM1,ENSG00000048991,0.0757676436239831,0.516376932952691,0.0408691740000562,0.000270792049260596,missense|LC,2135586621,2,135586621,
VSX1,ENSG00000100987,0.0757699988655017,0.912124738208726,0.0423672424471753,-0.0000375676922283313,missense|LC,20025076149,20,25076149,
AL807752.7,ENSG00000284341,0.0757847480418377,0.039989385204122,0.515616092709115,-0.00279484429999022,missense|LC,9136972586,9,136972586,
CD101,ENSG00000134256,0.075810334688623,0.0626344035136042,0.0627065109005289,-0.00056416197492404,missense|LC,1117001812,1,117001812,
FBXO44,ENSG00000132879,0.0758540110760481,0.778178055762166,0.0462270344187429,0.000110973903418734,missense|LC,1011649881,1,11649881,
CHRNA5,ENSG00000169684,0.0758629247649432,0.049877226772266,0.112222420766582,-0.00151489536347204,missense|LC,15078565696,15,78565696,
PRKX,ENSG00000183943,0.0758649780849496,0.185780953456772,0.0395322264487241,-0.00111996806813212,missense|LC,23003612114,X,3612114,
METTL21A,ENSG00000144401,0.0759810781477407,0.0443437270253593,0.118435399522778,-0.00188860513304684,missense|LC,2207612963,2,207612963,
ZSCAN25,ENSG00000197037,0.0761868018875086,0.653356720854712,0.0427967889630483,0.000226680177311506,missense|LC,7099619514,7,99619514,
UGGT1,ENSG00000136731,0.076193167916274,0.754199335386375,0.0402537426099229,-0.00012628750896073,missense|LC,2128091259,2,128091259,
CAVIN1,ENSG00000177469,0.076245245610984,0.049873601543458,0.0765359491322972,0.000923360608360175,missense|LC,17042404632,17,42404632,
AIF1L,ENSG00000126878,0.0763219656695066,0.0471974128896731,0.328506673525742,-0.00108510484702173,missense|LC,9131091481,9,131091481,
ETF1,ENSG00000120705,0.0763413575808626,0.219860084761795,0.0395716726780678,-0.00361205658464588,missense|LC,5138508204,5,138508204,
HMGA1,ENSG00000137309,0.0763475517734861,0.0619511222686132,0.0720903601503708,-0.00567552885955716,missense|LC,6034240690,6,34240690,
NR2C2AP,ENSG00000184162,0.0763881905897719,0.0460274489476772,0.103562180576384,0.00319263094363268,missense|LC,19019196916,19,19196916,
PRRG3,ENSG00000130032,0.0764018657006162,0.0723293089416233,0.0510381868936518,-0.000862255751254401,missense|LC,23151698755,X,151698755,
RNF38,ENSG00000137075,0.0764335879153837,0.041313377584167,0.218031362407853,0.00194604684085637,missense|LC,9036339704,9,36339704,
NMUR1,ENSG00000171596,0.0764446840961128,0.115321522652524,0.0457678680747489,0.000557497514361932,missense|LC,2231524921,2,231524921,
RGS20,ENSG00000147509,0.0764544722632096,0.0505133517149479,0.0990895387900157,-0.00156473286970232,missense|LC,8053851807,8,53851807,
FCN1,ENSG00000085265,0.0765002849275762,0.83706945448103,0.043995944169422,-0.00007787576235061,missense|LC,9134909128,9,134909128,
GTF3C3,ENSG00000119041,0.076511789865966,0.0445932547932542,0.281687794255834,-0.000910927381244592,missense|LC,2196764484,2,196764484,
MTCP1,ENSG00000214827,0.0766622493976533,0.0692924566010977,0.0569738111555089,-0.00675244114569534,missense|LC,23155061777,X,155061777,
DST,ENSG00000151914,0.0766747904425529,0.0403005905381935,0.24054404241284,-0.000444370612913308,missense|LC,6056458898,6,56458898,
WDFY1,ENSG00000085449,0.0766747970126234,0.97895768964875,0.0397588507222412,-3.5486200677486e-7,missense|LC,2223878622,2,223878622,
SC5D,ENSG00000109929,0.0766944984138371,0.203647236750973,0.0398210910349935,-0.00168558483754909,missense|LC,11121303308,11,121303308,
MROH6,ENSG00000204839,0.0767465730667976,0.477763125149263,0.0410822111349127,-0.000221728870943064,missense|LC,8143561292,8,143561292,
GFRA3,ENSG00000146013,0.0767723176323262,0.304539074090919,0.0419161583159779,0.00102547674760421,missense|LC,5138252954,5,138252954,
RBM12,ENSG00000244462,0.0767997739689733,0.405809320292443,0.0428546655797777,0.000338306167731179,missense|LC,20035652420,20,35652420,
HDGFL3,ENSG00000166503,0.0768034558574663,0.104665528225083,0.0497695509445641,0.00356047166720063,missense|LC,15083122754,15,83122754,
RNF26,ENSG00000173456,0.0768222208941139,0.765907364308666,0.0420453135688218,-0.000267391027382377,missense|LC,11119335069,11,119335069,
UBASH3B,ENSG00000154127,0.0768363617792494,0.0442345376268933,0.118651086107924,0.000993096429284756,missense|LC,11122655938,11,122655938,
GSX2,ENSG00000180613,0.076916552103813,0.278372936366705,0.0407610622902906,0.00105189774729303,missense|LC,4054100209,4,54100209,
VSTM2L,ENSG00000132821,0.0769815205763487,0.247572240929933,0.0443518085243202,0.000575601913829619,missense|LC,20037903200,20,37903200,
PRR23A,ENSG00000206260,0.0769969417781,0.261556711134362,0.0409101352494268,-0.0011366254416112,missense|LC,3139005395,3,139005395,
GPR137C,ENSG00000180998,0.077004428971013,0.0558871708617101,0.0772475156775807,0.00155173174431609,missense|LC,14052553091,14,52553091,
TTC24,ENSG00000187862,0.0770154876735843,0.0450232554032646,0.202614989114434,0.000700473500227811,missense|LC,1156581301,1,156581301,
CRTC1,ENSG00000105662,0.0770199471721629,0.0945269983288138,0.0516358015387892,-0.00152314594922465,missense|LC,19018683560,19,18683560,
ELK4,ENSG00000158711,0.0770633235821316,0.0688867203445106,0.0656588965613322,-0.00172616087425009,missense|LC,1205616486,1,205616486,
EHBP1L1,ENSG00000173442,0.0770751139280001,0.211600819210286,0.0400963282002964,0.000357375451208415,missense|LC,11065571274,11,65571274,
H3C1,ENSG00000275714,0.0770755905127063,0.0958962538764179,0.0465292055073256,0.00127435740015304,missense|LC,6026017008,6,26017008,
MIER3,ENSG00000155545,0.0770787438439128,0.0444694148733196,0.867631273861389,-0.0017593752695953,missense|LC,5056914816,5,56914816,
C3,ENSG00000125730,0.0771035452666315,0.795864294520633,0.0415514536847962,0.0000766549751768186,missense|LC,19006677781,19,6677781,
KCP,ENSG00000135253,0.0771272603755654,0.401490451266231,0.0402017086082525,0.000154539564347615,missense|LC,7128876928,7,128876928,
XK,ENSG00000047597,0.0771490774845482,0.544623002157185,0.0548860626718447,-0.000324581805894724,missense|LC,23037685874,X,37685874,
ABCC1,ENSG00000103222,0.0772277948186928,0.129335389967384,0.0432274070069328,0.0098606150111239,missense|LC,16015949659,16,15949659,
TDGF1,ENSG00000241186,0.0772721802904011,0.428137848403698,0.04202615672093,-0.000785241062238378,missense|LC,3046577891,3,46577891,
HDAC7,ENSG00000061273,0.0772764568736161,0.947091770770278,0.0414725010717185,-0.0000222000496267051,missense|LC,12047778923,12,47778923,
SPATA32,ENSG00000184361,0.0772840569113322,0.897828985751111,0.0418810820447453,0.000119613001581763,missense|LC,17045254361,17,45254361,
TMEM69,ENSG00000159596,0.0772849241138978,0.0461781366698947,0.388790099570204,0.00152506995812383,missense|LC,1045690983,1,45690983,
CNRIP1,ENSG00000119865,0.0774052718138502,0.0743541793141071,0.0510332915819161,-0.00193702403853461,missense|LC,2068292946,2,68292946,
ARL6IP6,ENSG00000177917,0.0774272602595028,0.117831612784306,0.0452849361887246,-0.00169667592912025,missense|LC,2152715904,2,152715904,
ANKHD1,ENSG00000131503,0.0774603899969314,0.042678921782793,0.903165049289262,0.000712519515176626,missense|LC,5140401773,5,140401773,
ZBTB37,ENSG00000185278,0.0774671842611255,0.0636312175009501,0.0551410084371818,0.000835536246010206,missense|LC,1173870161,1,173870161,
C16orf95,ENSG00000260456,0.0775752230184971,0.0597582043277681,0.0736173665920432,-0.00177387648681245,missense|LC,16087302976,16,87302976,
SLC25A39,ENSG00000013306,0.0776214520372951,0.0892720792947688,0.0587068475073359,0.0013643729461046,missense|LC,17044314628,17,44314628,
ZNF524,ENSG00000171443,0.0776617117801188,0.531508616443629,0.0471583044305443,-0.000249871367210453,missense|LC,19055597420,19,55597420,
ACSL3,ENSG00000123983,0.0776746043838256,0.44398885544101,0.0430637934963838,-0.000446857849275057,missense|LC,2222908706,2,222908706,
GFI1,ENSG00000162676,0.0777326383765717,0.278603468122808,0.0511824806428416,-0.00061298094662672,missense|LC,1092475964,1,92475964,
CLDN9,ENSG00000213937,0.0777369558077406,0.963448802131176,0.0400878974509742,-0.000032004594167742,missense|LC,16003013253,16,3013253,
PRAC2,ENSG00000229637,0.0777436840460484,0.11498765383337,0.0441680000712332,0.00128247275001561,missense|LC,17048721691,17,48721691,
TTLL10,ENSG00000162571,0.0777712330759542,0.745338368181976,0.0413573949975996,-0.0000768881880001667,missense|LC,1001179143,1,1179143,
GSTM3,ENSG00000134202,0.0777959910538666,0.0515619491239457,0.069922328899003,-0.00133993917725159,missense|LC,1109737050,1,109737050,
OR8B8,ENSG00000197125,0.0778111545853746,0.0942064610060366,0.0467083667742509,0.000899161788623744,missense|LC,11124440104,11,124440104,
HAVCR2,ENSG00000135077,0.0778705625810849,0.87848104635624,0.0432932850689832,-0.0000677139626561991,missense|LC,5157087038,5,157087038,
NUP210L,ENSG00000143552,0.0779049470632773,0.877162290490199,0.0430103223400238,0.000326756224100502,missense|LC,1153990682,1,153990682,
PROC,ENSG00000115718,0.0779987460704507,0.983235975933562,0.0398972433422162,7.68396313684767e-7,missense|LC,2127418493,2,127418493,
TH,ENSG00000180176,0.078039690433621,0.062261288891386,0.0585130700570884,-0.000771596404441215,missense|LC,11002159756,11,2159756,
MLLT6,ENSG00000275023,0.0780487540040906,0.0590983190854478,0.0622180915063519,-0.000464052184169053,missense|LC,17038705599,17,38705599,
AK9,ENSG00000155085,0.0780715032473204,0.256450684312707,0.0544851382736006,0.000192036571109835,missense|LC,6109493286,6,109493286,
FAT2,ENSG00000086570,0.0780848026196991,0.0436594606461412,0.200089281983482,0.000278076293342799,missense|LC,5151505469,5,151505469,
GRN,ENSG00000030582,0.0780961932836423,0.637463869473638,0.0431410205855983,0.000210989786971478,missense|LC,17044349072,17,44349072,
SIGLECL1,ENSG00000179213,0.0781332253280043,0.0433329975180169,0.169563590459695,0.00302045947342106,missense|LC,19051263975,19,51263975,
SIGLEC11,ENSG00000161640,0.0781520032098314,0.476459211714465,0.0419321524242362,-0.000233152433597826,missense|LC,19049949849,19,49949849,
SPHKAP,ENSG00000153820,0.0781817953682369,0.376169984328481,0.0483562115435633,0.0003404051559017,missense|LC,2227981595,2,227981595,
SPIC,ENSG00000166211,0.0781905296633263,0.199127192804904,0.0465672609259781,0.00111039882178719,missense|LC,12101476855,12,101476855,
MCTS1,ENSG00000232119,0.0782034324043277,0.0516330265687716,0.127993563451322,0.00129479617800063,missense|LC,23120604321,X,120604321,
TRIM4,ENSG00000146833,0.0782605051062324,0.0451501453653493,0.299341283720307,-0.00131086805917339,missense|LC,7099892094,7,99892094,
ROMO1,ENSG00000125995,0.078301144581407,0.121929640673651,0.0680819961264034,0.000967595844975127,missense|LC,20035696349,20,35696349,
SYT9,ENSG00000170743,0.0783347254035505,0.0544809353951713,0.0875882580057379,-0.00140704766777541,missense|LC,11007252064,11,7252064,
NYAP1,ENSG00000166924,0.0784077116034632,0.156194884068021,0.0421697386990351,0.000499078800349149,missense|LC,7100485271,7,100485271,
TRIM6,ENSG00000121236,0.0784349768179177,0.100702642816236,0.0461803382972139,-0.00056499420681864,missense|LC,11005596769,11,5596769,
TBC1D22A,ENSG00000054611,0.0784823982641232,0.841937888861929,0.0475088649165001,-0.0000772348387092612,missense|LC,22046762699,22,46762699,
FBXO33,ENSG00000165355,0.078492234638011,0.0446896260415897,0.219108418740398,0.00112200000211906,missense|LC,14039399444,14,39399444,
MMP16,ENSG00000156103,0.0785723281872645,0.0910865796708014,0.0485889070426162,-0.00112840098629165,missense|LC,8088041379,8,88041379,
INAFM2,ENSG00000259330,0.0786423047384817,0.0992109429460648,0.0538896350135907,-0.00126233050110472,missense|LC,15040323992,15,40323992,
PIR,ENSG00000087842,0.0786473888944913,0.0442213485528996,0.860399203633461,0.00149128053308807,missense|LC,23015383835,X,15383835,
PLEKHG3,ENSG00000126822,0.0786517265449621,0.0456313335390282,0.134362721307535,-0.000458177071943301,missense|LC,14064727610,14,64727610,
PNRC1,ENSG00000146278,0.0786707766052163,0.0548311725059329,0.0664944352460668,-0.000816565864428105,missense|LC,6089080815,6,89080815,
NPHP3,ENSG00000113971,0.0786733912581025,0.0476290723127103,0.101458790387854,0.000526962165776015,missense|LC,3132675610,3,132675610,
FAIM2,ENSG00000135472,0.0787244015170511,0.498068982716444,0.0469363103192266,-0.000480613744683311,missense|LC,12049870437,12,49870437,
CPB1,ENSG00000153002,0.0787437553860076,0.0452993470997735,0.558088607749563,0.000825216871536508,missense|LC,3148827774,3,148827774,
OR1J4,ENSG00000239590,0.0789126086005707,0.0442243003286652,0.527088918784388,0.00174180465331108,missense|LC,9122519104,9,122519104,
CCN2,ENSG00000118523,0.0789642123724226,0.766138391748358,0.048937228326227,-0.000197512912543432,missense|LC,6131949204,6,131949204,
NACA,ENSG00000196531,0.0789858415486275,0.479348972953078,0.04317857865074,-0.000324330493693656,missense|LC,12056712453,12,56712453,
TACSTD2,ENSG00000184292,0.0789998046450685,0.233393713642412,0.0427367785825568,0.00100469607270621,missense|LC,1058576069,1,58576069,
NUP93,ENSG00000102900,0.0790769256914878,0.041748277204506,0.433394406582848,0.00116751048355683,missense|LC,16056748194,16,56748194,
GBE1,ENSG00000114480,0.0790914157646246,0.387430889652058,0.0453678227731024,0.00028428621322607,missense|LC,3081490357,3,81490357,
TMEM138,ENSG00000149483,0.0791286806643962,0.368223834930556,0.0414373404628304,0.00131118036809918,missense|LC,11061364285,11,61364285,
LIN9,ENSG00000183814,0.0791641396381229,0.0612093448009725,0.0589138415314229,-0.000853891862593433,missense|LC,1226232480,1,226232480,
SMU1,ENSG00000122692,0.0793096576964201,0.963052189746379,0.0432455725979768,0.0000847390499266498,missense|LC,9033036952,9,33036952,
MRAS,ENSG00000158186,0.0793206367829314,0.0444118943095827,0.259361572166403,-0.00381770400044089,missense|LC,3138372816,3,138372816,
CFHR4,ENSG00000134365,0.07932791251314,0.899135668966658,0.0486310901129765,-0.0000508324901299023,missense|LC,1196888075,1,196888075,
CALU,ENSG00000128595,0.0793353432333279,0.0423326645518447,0.297119651374352,-0.00293846529863305,missense|LC,7128748307,7,128748307,
MAB21L3,ENSG00000173212,0.0794251204009898,0.87489160700643,0.0420111833211406,-0.000136539124722339,missense|LC,1116112551,1,116112551,
TP53I13,ENSG00000167543,0.0794508135605585,0.224866952036045,0.0473963418923812,0.000488282359884383,missense|LC,17029565963,17,29565963,
LTBP3,ENSG00000168056,0.0794619069256081,0.494997968521599,0.0433768187836822,-0.000227982279093625,missense|LC,11065535115,11,65535115,
ADAM32,ENSG00000197140,0.0795078253849089,0.556748091815222,0.0439833585940247,0.000256498610825157,missense|LC,8039103559,8,39103559,
OMP,ENSG00000254550,0.0795280731545491,0.0469177027032001,0.480625040924475,-0.0015930028357462,missense|LC,11077102731,11,77102731,
HLA-DRB1,ENSG00000196126,0.0795893213743328,0.154015790931514,0.0471812928833579,-0.000642573180056242,missense|LC,6032580682,6,32580682,
OR2L13,ENSG00000196071,0.0795915433306746,0.0499638241077254,0.176771469437309,-0.000931846654892635,missense|LC,1248099345,1,248099345,
IL32,ENSG00000008517,0.0795983881966451,0.219104646070694,0.0455504527340117,0.000393326058620714,missense|LC,16003065776,16,3065776,
GJB3,ENSG00000188910,0.0796016717856108,0.079747378306163,0.0568601720009292,0.00111425159570687,missense|LC,1034784711,1,34784711,
PRKDC,ENSG00000253729,0.0796284466541647,0.0434230291187501,0.244448973626139,-0.000415954434268826,missense|LC,8047774083,8,47774083,
PDCD7,ENSG00000090470,0.0796329879376406,0.166685373280846,0.0452628323764162,0.000511684616185592,missense|LC,15065118625,15,65118625,
AGPAT2,ENSG00000169692,0.0796845233684328,0.0636095185418045,0.0559759888579026,-0.00103254448045798,missense|LC,9136668215,9,136668215,
LRP1,ENSG00000123384,0.0797774420736458,0.694214065811757,0.0416780581271194,0.0000787620478530357,missense|LC,12057128887,12,57128887,
UMPS,ENSG00000114491,0.0798558927407067,0.360799667913459,0.0449480028936557,-0.000707486440655071,missense|LC,3124730353,3,124730353,
EPSTI1,ENSG00000133106,0.0798641449453794,0.0406583732399769,0.677051747731981,0.00221344956432694,missense|LC,13042888147,13,42888147,
SLC1A5,ENSG00000105281,0.0798791610323223,0.0457256875972607,0.138179408474158,0.000617286992165445,missense|LC,19046774793,19,46774793,
AL031178.1,ENSG00000288614,0.0799732112193033,0.131360433844297,0.0504102902277666,0.0199190671113323,missense|LC,6053037939,6,53037939,
GLRX,ENSG00000173221,0.0799912052609203,0.0566233037710369,0.0686526334427922,0.00383098972201209,missense|LC,5095816509,5,95816509,
RYR1,ENSG00000196218,0.0800093810880147,0.373486072828539,0.0411973821420412,-0.000143424223357332,missense|LC,19038433788,19,38433788,
XAB2,ENSG00000076924,0.0800453558603763,0.0491591593264862,0.102528125277385,-0.000585765416716392,missense|LC,19007615077,19,7615077,
FDCSP,ENSG00000181617,0.0800594811048096,0.89809138361417,0.0445968806304949,0.000234333671465797,missense|LC,4070231145,4,70231145,
SURF1,ENSG00000148290,0.0800969617407097,0.0454599031012268,0.130243363162275,0.00108899242070205,missense|LC,9133346758,9,133346758,
OR6P1,ENSG00000186440,0.0801772424255898,0.464592176259747,0.0449928911862265,-0.000275233284261631,missense|LC,1158562630,1,158562630,
ZC3H12C,ENSG00000149289,0.0801856723366323,0.256212624092045,0.0435913809660929,-0.000587653258225855,missense|LC,11110093100,11,110093100,
ITGAM,ENSG00000169896,0.080188074245814,0.414763996041616,0.0418914189288927,0.000299583967551395,missense|LC,16031260000,16,31260000,
ACHE,ENSG00000087085,0.0801974414943325,0.655344923240511,0.0463171071717892,0.000170491204235526,missense|LC,7100884996,7,100884996,
COX14,ENSG00000178449,0.0802015435719229,0.771787384667717,0.0441274200090231,0.000552528445851574,missense|LC,12050107529,12,50107529,
VEZT,ENSG00000028203,0.0802794410580527,0.0451303386653019,0.481541487863684,0.000875079733530268,missense|LC,12095217090,12,95217090,
GABRG1,ENSG00000163285,0.0802808753563364,0.207593714309444,0.0455338222990388,-0.000828470984639457,missense|LC,4046040906,4,46040906,
DGUOK,ENSG00000114956,0.0803072079922297,0.0526232472895262,0.12251476816976,-0.00096230175445428,missense|LC,2073926777,2,73926777,
PPP6C,ENSG00000119414,0.0803109481863767,0.104585525874655,0.05031631319968,0.0028579309734415,missense|LC,9125142587,9,125142587,
PNPT1,ENSG00000138035,0.0803153050658016,0.0446757696676615,0.25245134263597,0.000918083604359,missense|LC,2055636183,2,55636183,
ASPM,ENSG00000066279,0.0803718958324143,0.299003319288161,0.0420508661120216,-0.000187070629691111,missense|LC,1197084285,1,197084285,
ZNF777,ENSG00000196453,0.080457975202728,0.0475525610544278,0.11787022672101,-0.00106133700461827,missense|LC,7149431664,7,149431664,
HPCAL1,ENSG00000115756,0.0804788508894242,0.198963614275107,0.0463606989601113,-0.00232482226473109,missense|LC,2010419652,2,10419652,
OS9,ENSG00000135506,0.0804986520987373,0.267429134808848,0.0429731386205368,-0.000577982741347067,missense|LC,12057694080,12,57694080,
HOXC11,ENSG00000123388,0.0805338789883081,0.186241613988068,0.0454662352192318,-0.000875788960491735,missense|LC,12053973178,12,53973178,
PIAS2,ENSG00000078043,0.0805412204438342,0.219031898559632,0.0424571761280458,0.00126759201724081,missense|LC,18046812403,18,46812403,
FASLG,ENSG00000117560,0.0805996897243151,0.0446194302204848,0.147470130984787,0.00162716402135356,missense|LC,1172659058,1,172659058,
MLXIP,ENSG00000175727,0.0806434704482477,0.102038968195251,0.0522324774536211,-0.000866602877822235,missense|LC,12122078731,12,122078731,
CSF2RB,ENSG00000100368,0.0806497263410281,0.0428706182302482,0.248069011092551,0.000843508476907514,missense|LC,22036922136,22,36922136,
CABP5,ENSG00000105507,0.0806847030307795,0.551882457830939,0.0440193306522687,-0.000518772642827328,missense|LC,19048030473,19,48030473,
SLC30A6,ENSG00000152683,0.0807026282616654,0.444988841066752,0.0435201137845619,-0.000648500253117201,missense|LC,2032165792,2,32165792,
NAE1,ENSG00000159593,0.0807091588049242,0.0441811230609994,0.520732012791818,0.00148726132524326,missense|LC,16066802990,16,66802990,
XPNPEP2,ENSG00000122121,0.0807125619927717,0.0825089949403568,0.049843754392772,-0.000526110985247011,missense|LC,23129739148,X,129739148,
ERLIN1,ENSG00000107566,0.0807551524559692,0.04226265672081,0.532138074306919,0.00289946265479358,missense|LC,10100152111,10,100152111,
COLEC10,ENSG00000184374,0.0807604615096508,0.0557880057491463,0.0688067758010401,-0.00122491318936099,missense|LC,8119067196,8,119067196,
PRKACA,ENSG00000072062,0.0808013107226153,0.0603922164558581,0.0726672786459841,0.00244850756172888,missense|LC,19014088294,19,14088294,
SLC25A16,ENSG00000122912,0.0808838982490099,0.583425702820919,0.0420971347492243,-0.000610890316025603,missense|LC,10068483414,10,68483414,
AL035078.4,ENSG00000285283,0.080897732470296,0.0456044187605676,0.355798336627856,-0.00262827351322724,missense|LC,11032091079,11,32091079,
SND1,ENSG00000197157,0.0809358535738567,0.0492772186822928,0.508263641182548,0.000789123659966945,missense|LC,7127652316,7,127652316,
FBXO9,ENSG00000112146,0.0809474292968091,0.0470386076918226,0.155216310171029,-0.00150963149821732,missense|LC,6053065854,6,53065854,
APOL2,ENSG00000128335,0.0809613464096273,0.278611434589391,0.0454000165051313,0.000550874376428457,missense|LC,22036227287,22,36227287,
LRRN4,ENSG00000125872,0.0809906980057313,0.952379949762474,0.0465967486694836,-0.0000152709031134564,missense|LC,20006037049,20,6037049,
MAT2A,ENSG00000168906,0.080995648232377,0.0961500756281175,0.0498082445655359,0.00362216842811422,missense|LC,2085539243,2,85539243,
TBC1D13,ENSG00000107021,0.0810448103965021,0.0448810100625583,0.291882990265067,-0.00212636129026227,missense|LC,9128787238,9,128787238,
PSG4,ENSG00000243137,0.0810774574419963,0.132803218490001,0.0453324385729683,-0.000498987433849161,missense|LC,19043194104,19,43194104,
MYO1D,ENSG00000176658,0.0811563479158586,0.0469418008739195,0.13380902897832,-0.000720556293042744,missense|LC,17032487555,17,32487555,
SHF,ENSG00000138606,0.0812249825347806,0.0554921231468912,0.0771140989486765,0.000978424393190201,missense|LC,15045162216,15,45162216,
EVA1C,ENSG00000166979,0.0812251059173044,0.0522168595092056,0.564301257820844,-0.000855079791473495,missense|LC,21032412755,21,32412755,
RXFP3,ENSG00000182631,0.081252983843317,0.681259880708998,0.0438995583191495,0.000288532337249899,missense|LC,5033936654,5,33936654,
H1-6,ENSG00000187475,0.0813189200785313,0.0441179432307455,0.210383291652549,0.000900427023919317,missense|LC,6026103876,6,26103876,
WDR48,ENSG00000114742,0.0813198791520688,0.35944492583119,0.0518525124968364,-0.000480953995661037,missense|LC,3039051922,3,39051922,
E2F1,ENSG00000101412,0.0814015443772825,0.0515875654646094,0.209916409327889,0.000933442182499635,missense|LC,20033670639,20,33670639,
TMEM91,ENSG00000142046,0.0814105259796325,0.658417210938136,0.0427490237467639,-0.000719175920162789,missense|LC,19041378235,19,41378235,
FITM1,ENSG00000139914,0.0814167497468745,0.0469645285331075,0.15139939980395,0.00116769069589988,missense|LC,14024131488,14,24131488,
TOP3B,ENSG00000100038,0.0814599439790593,0.0454859302360693,0.36527026251395,-0.000715964842491771,missense|LC,22021957176,22,21957176,
TEX264,ENSG00000164081,0.0815403315805169,0.348840755760134,0.0442257755209376,0.000755036918992673,missense|LC,3051674180,3,51674180,
UBTF,ENSG00000108312,0.0815535300874387,0.473607999737079,0.0441091314510293,0.000651727902186776,missense|LC,17044207145,17,44207145,
PTBP2,ENSG00000117569,0.0815684444592918,0.597413071859492,0.0444702228641252,0.000765967758182762,missense|LC,1096721729,1,96721729,
HOXA11,ENSG00000005073,0.081624303896778,0.962006986273868,0.0442440465371713,-0.0000360118141754015,missense|LC,7027182776,7,27182776,
RAB6D,ENSG00000233087,0.0816756214781423,0.0447910340812095,0.464858955008653,0.0027888350385466,missense|LC,2131362826,2,131362826,
BOC,ENSG00000144857,0.081729746091632,0.231202487322112,0.0423781630914655,0.000386065696629128,missense|LC,3113249747,3,113249747,
PSME1,ENSG00000092010,0.0817462751450466,0.0491259730955192,0.286603270685387,-0.00112243065068028,missense|LC,14024131488,14,24131488,
PIEZO1,ENSG00000103335,0.0817568265200914,0.253122097860246,0.0426908052370544,0.000139627754113308,missense|LC,16088710342,16,88710342,
MED26,ENSG00000105085,0.0817672297936802,0.273944408652633,0.0453691140385829,0.000530841572429075,missense|LC,19016571429,19,16571429,
GAL3ST4,ENSG00000197093,0.0817781264292495,0.106780070889214,0.0474213195875093,0.000558888334491684,missense|LC,7100154941,7,100154941,
COL27A1,ENSG00000196739,0.0818083122342912,0.0802088551371649,0.0571643330241615,-0.000483798782748361,missense|LC,9114155832,9,114155832,
EPG5,ENSG00000152223,0.0818253873533155,0.0519150769209259,0.107569959058199,0.000541776697575283,missense|LC,18045852386,18,45852386,
SLC45A1,ENSG00000162426,0.0818496616783472,0.166078466578414,0.0435468953210925,-0.000634243588646732,missense|LC,1008324240,1,8324240,
OR9A2,ENSG00000179468,0.0818865944760062,0.0802566260987243,0.0527651743701676,-0.00127282687569487,missense|LC,7143026159,7,143026159,
HLA-A,ENSG00000206503,0.0819099225773553,0.0539594138544139,0.128067706614562,-0.00123250512508831,missense|LC,6029942804,6,29942804,
DEFB131B,ENSG00000225805,0.0819361522875841,0.701297794270994,0.0444141181038298,0.000866638793410668,missense|LC,11071878364,11,71878364,
ANTKMT,ENSG00000103254,0.08198957037332,0.165821770405379,0.0433690214986704,0.0014233963988851,missense|LC,16000716147,16,716147,
TAF7L,ENSG00000102387,0.0819980095314314,0.575792092839646,0.0449444209323109,0.000375957997915877,missense|LC,23101269144,X,101269144,
ZNRD1,ENSG00000066379,0.0820011347712298,0.0671091567211894,0.149789833978937,-0.00113934485731751,missense|LC,6030061420,6,30061420,
MFSD14A,ENSG00000156875,0.0820111576591851,0.055265172681798,0.434495163768172,-0.00112689772103233,missense|LC,1100038168,1,100038168,
DTD2,ENSG00000129480,0.0820686531471981,0.515345040127434,0.0437265132655805,0.00122605117558583,missense|LC,14031448080,14,31448080,
SLC52A2,ENSG00000185803,0.0820691256946781,0.0761687698274736,0.0533393067316525,-0.000804743923037504,missense|LC,8144353589,8,144353589,
BEAN1,ENSG00000166546,0.0820727363229261,0.0819091006611534,0.0640550975308569,-0.00146992996362261,missense|LC,16066437565,16,66437565,
NUDT4,ENSG00000173598,0.0821528218278481,0.0463053183817492,0.602473621876865,-0.00391027699017007,missense|LC,12093378309,12,93378309,
TRABD2A,ENSG00000186854,0.0822035949134443,0.574104334080728,0.0463641729813573,-0.000286539564819754,missense|LC,2084819268,2,84819268,
ARHGAP27,ENSG00000159314,0.0822084839148262,0.0547678759234048,0.075690522708896,0.000734646714125009,missense|LC,17045395336,17,45395336,
BLK,ENSG00000136573,0.0822398052855049,0.122985064138119,0.0466954717818636,0.000517536400672096,missense|LC,8011543088,8,11543088,
AGMAT,ENSG00000116771,0.0823217801773367,0.846868758318761,0.0512413522822157,-0.0000865202468491039,missense|LC,1015567026,1,15567026,
RPL5,ENSG00000122406,0.0823649412557418,0.222366665424666,0.0665154124162376,-0.000638434064802042,missense|LC,1092831978,1,92831978,
SLC26A10,ENSG00000135502,0.0824339740692127,0.438996982186275,0.0474063970670606,-0.000236564335743151,missense|LC,12057614910,12,57614910,
ALPL,ENSG00000162551,0.082456826143948,0.04507094578594,0.25449156620496,0.00105712632946386,missense|LC,1021554048,1,21554048,
CLGN,ENSG00000153132,0.08246424567153,0.933295098047018,0.0468326384800388,-0.0000466215318438433,missense|LC,4140389170,4,140389170,
C17orf97,ENSG00000187624,0.0825457032619787,0.048994475671549,0.218579034701047,0.000825986980667917,missense|LC,17000410279,17,410279,
ITIH4,ENSG00000055955,0.0825551024428706,0.35044193240906,0.0451901385110982,-0.000273232742090286,missense|LC,3052807964,3,52807964,
TMEM255B,ENSG00000184497,0.0826431232148466,0.615157382081423,0.0460324862769371,-0.00015346852764064,missense|LC,13113759176,13,113759176,
AP000812.5,ENSG00000284922,0.0826807186422913,0.0654157158037243,0.0695825113848114,0.00160812874838883,missense|LC,11072088936,11,72088936,
OSCP1,ENSG00000116885,0.0827991128976087,0.911409420759849,0.0426899281821491,0.0000998443292282572,missense|LC,1036418082,1,36418082,
DMAC2,ENSG00000105341,0.0828405272564455,0.145389892204077,0.0497631633997616,-0.000548416124797363,missense|LC,19041432134,19,41432134,
C9orf131,ENSG00000174038,0.0828989257275663,0.0473811596837633,0.190180798195929,-0.000723579712836825,missense|LC,9035042113,9,35042113,
NIBAN2,ENSG00000136830,0.0829673510762494,0.491033503393555,0.0454173929080609,0.000203409985098534,missense|LC,9127500895,9,127500895,
CDKL3,ENSG00000006837,0.0829701911117603,0.890415878604103,0.0482617185475651,-0.0000770722711816754,missense|LC,5134298176,5,134298176,
MAPK1IP1L,ENSG00000168175,0.082987135804321,0.0459764895617898,0.200200811505789,0.00217438709623535,missense|LC,14055061643,14,55061643,
TRMT10C,ENSG00000174173,0.0830312355883114,0.0504370353034937,0.126403740476158,0.001916647528524,missense|LC,3101564688,3,101564688,
FPR3,ENSG00000187474,0.083063094909301,0.0468283874626635,0.282461278403152,-0.00149379785872471,missense|LC,19051823691,19,51823691,
WDR91,ENSG00000105875,0.0830887656056474,0.0475390089642002,0.13392983246936,-0.000816486009385808,missense|LC,7135186043,7,135186043,
PARP10,ENSG00000178685,0.0831299373485229,0.0446328056089587,0.224137621579253,-0.000816750714629122,missense|LC,8143973287,8,143973287,
LRP4,ENSG00000134569,0.0831318818481815,0.053606436095286,0.122017292088801,-0.000621659230778936,missense|LC,11046858917,11,46858917,
MED7,ENSG00000155868,0.0831366355369594,0.158759798327137,0.0445673812297234,0.00200509201646336,missense|LC,5157138664,5,157138664,
CLEC17A,ENSG00000187912,0.0831797309275231,0.311159982527585,0.0446736883457816,0.000773226014378391,missense|LC,19014583071,19,14583071,
GFM2,ENSG00000164347,0.0832877265315812,0.0632661116922257,0.063343760236992,-0.000827855197922069,missense|LC,5074716567,5,74716567,
TRIM60,ENSG00000176979,0.083437006220702,0.397678895823476,0.0459922619226449,0.000319071909487008,missense|LC,4165040009,4,165040009,
MRPS16,ENSG00000182180,0.0834589355353312,0.0520065875259126,0.166419395443987,-0.000920748795166365,missense|LC,10073243852,10,73243852,
IGSF22,ENSG00000179057,0.0834809342198716,0.509017191877127,0.0442950203754173,-0.000154711911375599,missense|LC,11018700809,11,18700809,
PDCL,ENSG00000136940,0.0835173910271579,0.0454313273802044,0.293864876514105,-0.00275524391489663,missense|LC,9122820024,9,122820024,
ZFPL1,ENSG00000162300,0.0835215162046814,0.0476154976260573,0.226706928174318,0.00106238782585654,missense|LC,11065079224,11,65079224,
CHERP,ENSG00000085872,0.083716927490882,0.396368126195137,0.0457188643806946,0.000456346833451519,missense|LC,19016512957,19,16512957,
PCDHB16,ENSG00000272674,0.0837645014490263,0.560488890724162,0.0463705481825739,-0.000176738246725913,missense|LC,5141177926,5,141177926,
TAS2R31,ENSG00000256436,0.0837834088267198,0.0657617608252088,0.0627160336391118,-0.000938065326538278,missense|LC,12011030270,12,11030270,
EEF1AKMT4-ECE2,ENSG00000284917,0.0838018737094324,0.157444792237436,0.0464337889427801,-0.000555805368327611,missense|LC,3184244701,3,184244701,
SLC7A3,ENSG00000165349,0.0839018122806481,0.0501720597461323,0.150790042335537,-0.00096230341867787,missense|LC,23070925739,X,70925739,
MAMDC4,ENSG00000177943,0.0839466375320745,0.565423774087313,0.0449474484880528,-0.000139768808482071,missense|LC,9136847344,9,136847344,
SP140L,ENSG00000185404,0.0839657409578837,0.109867979491523,0.0489553407031789,-0.000605025442977042,missense|LC,2230327186,2,230327186,
ATG16L1,ENSG00000085978,0.083998085732677,0.0640887074830826,0.0658766888686872,0.00124184511443957,missense|LC,2233251757,2,233251757,
IGFL3,ENSG00000188624,0.0840566539073416,0.18860451596385,0.0525087051394448,0.00135203661574509,missense|LC,19046120195,19,46120195,
FAM162A,ENSG00000114023,0.0841003184878395,0.0759935366038502,0.0564274619765696,0.00141942608799487,missense|LC,3122383070,3,122383070,
SLC1A1,ENSG00000106688,0.0841748852932824,0.0485039595288063,0.26105247363551,0.00101547768751167,missense|LC,9004490622,9,4490622,
GPHN,ENSG00000171723,0.0841896161236871,0.0570608942609927,0.483759935657721,0.000960763194684931,missense|LC,14066508462,14,66508462,
ZFHX3,ENSG00000140836,0.084226243807118,0.0431756858174868,0.27741332667369,0.000272335182899195,missense|LC,16072787036,16,72787036,
HPS4,ENSG00000100099,0.0842746753542782,0.0458677734154199,0.213228304313373,-0.000775519703624621,missense|LC,22026453168,22,26453168,
PYCR3,ENSG00000104524,0.0842774590429445,0.248395774653054,0.0474017906067842,-0.000593000780002069,missense|LC,8143598914,8,143598914,
ATP2C2,ENSG00000064270,0.0843498467738972,0.19452050513331,0.0455987729734373,0.000314626583640277,missense|LC,16084368558,16,84368558,
NDUFB9,ENSG00000147684,0.0843645528640729,0.728000337408277,0.0469631899523246,-0.000323616693518207,missense|LC,8124538925,8,124538925,
DDX23,ENSG00000174243,0.0843824974529488,0.92860000853811,0.0432964569368711,-0.0000738506191656341,missense|LC,12048824758,12,48824758,
SH3BGR,ENSG00000185437,0.0844387300732445,0.0461275060872542,0.637119588471263,0.00245052070736462,missense|LC,21039451833,21,39451833,
GLB1L3,ENSG00000166105,0.0844399053130096,0.0514495075937944,0.097974364883975,-0.000673428164528389,missense|LC,11134276642,11,134276642,
AC008878.1,ENSG00000267952,0.0844472286862504,0.0983063796357042,0.0762137054310761,-0.00101410662510925,missense|LC,19007504084,19,7504084,
SEC16A,ENSG00000148396,0.0844624386402876,0.0444339000889042,0.510382964301607,0.000425270454372814,missense|LC,9136438553,9,136438553,
CDC42BPA,ENSG00000143776,0.084507838005774,0.866494200935375,0.0452550842092093,-0.000248195537083261,missense|LC,1226984866,1,226984866,
DNAJA4,ENSG00000140403,0.0845394049989276,0.573160306281193,0.0473475539328653,-0.000329581343374685,missense|LC,15078264253,15,78264253,
TRPV3,ENSG00000167723,0.0845408594114319,0.0503586634339235,0.123265697855863,0.000729491411749498,missense|LC,17003513859,17,3513859,
RRN3,ENSG00000085721,0.0846066299215139,0.319913915980632,0.049723529802824,0.000395623648139509,missense|LC,16015055847,16,15055847,
TMPO,ENSG00000120802,0.0847111237179354,0.0476841462710219,0.574137355159314,-0.000740803075895043,missense|LC,12098515694,12,98515694,
CEACAM6,ENSG00000086548,0.0848786168626969,0.058640707954813,0.0905727279644345,0.000839334144034247,missense|LC,19041755569,19,41755569,
ZNF718,ENSG00000250312,0.0848953821049514,,,,missense|LC,4000124547,4,124547,
PSTK,ENSG00000179988,0.0849987615209689,0.0517644264016313,0.185847385054806,0.00128290197580197,missense|LC,10122980379,10,122980379,
CDKL1,ENSG00000100490,0.0850722514734169,0.049696190206121,0.236041180943269,-0.00115960696235934,missense|LC,14050325500,14,50325500,
FBXO28,ENSG00000143756,0.085085619114952,0.046261260441071,0.502562986598126,0.00254960091236103,missense|LC,1224113959,1,224113959,
RASL11B,ENSG00000128045,0.085160460641755,0.04724741080839,0.193249918977124,0.00252296747588805,missense|LC,4052862416,4,52862416,
NOTCH2NLB,ENSG00000286019,0.0851890797716308,0.248773335191694,0.0582982295077135,0.00173222353258394,missense|LC,1148607510,1,148607510,
GCH1,ENSG00000131979,0.0852074044170282,0.632961945675595,0.0615265618960118,-0.000237360816920001,missense|LC,14054843094,14,54843094,
PHF6,ENSG00000156531,0.0852889672069076,0.0450768304340006,0.304679016947443,0.00384161413494136,missense|LC,23134377556,X,134377556,
NT5DC2,ENSG00000168268,0.0853494931768684,0.0472036657477388,0.169795483190057,-0.00110825029561032,missense|LC,3052519387,3,52519387,
OR2T4,ENSG00000196944,0.0853613357026637,0.0486662551102559,0.215871412755845,0.00107607136053828,missense|LC,1248361529,1,248361529,
TP53TG3D,ENSG00000205456,0.0853773258045958,0.62556779548383,0.0482783820891819,-0.000736755660342453,missense|LC,16032253494,16,32253494,
HK3,ENSG00000160883,0.0854149477977113,0.0462382944217171,0.181383806682672,-0.000532400108050093,missense|LC,5176877141,5,176877141,
TCTEX1D4,ENSG00000188396,0.0854637531951945,0.737666973384259,0.0508344162273707,-0.000161249996045978,missense|LC,1044800893,1,44800893,
TMEM178B,ENSG00000261115,0.0854998923079902,0.348447332256994,0.0523176339763396,0.000707417199509704,missense|LC,7141074170,7,141074170,
HMGCS2,ENSG00000134240,0.08553665232185,0.0488093412924842,0.739300320217581,-0.000958739102312289,missense|LC,1119743002,1,119743002,
CPVL,ENSG00000106066,0.0855652117962651,0.130685613022861,0.0782511789551759,-0.000977857416749801,missense|LC,7028995762,7,28995762,
MGAT4B,ENSG00000161013,0.0855695724510129,0.131120302774183,0.0486974644282318,-0.000783725234367244,missense|LC,5179792596,5,179792596,
ZNF880,ENSG00000221923,0.0855757122546401,0.288384213276976,0.0471762608245019,0.000516174235582167,missense|LC,19052365630,19,52365630,
NLRP11,ENSG00000179873,0.0856735399358528,0.157806148257092,0.0486350353328771,-0.000453246240004009,missense|LC,19055785556,19,55785556,
TMEM225B,ENSG00000244219,0.0857313512210702,0.76844544800596,0.0525945589666399,-0.000176276610532301,missense|LC,7099604346,7,99604346,
RPL4,ENSG00000174444,0.0857836405350173,0.0435148556100508,0.472366816597746,-0.00201242505507767,missense|LC,15066494405,15,66494405,
TCTA,ENSG00000145022,0.0857974670969065,0.0587748899819964,0.243255229714775,0.00201801706831499,missense|LC,3049412314,3,49412314,
UBTD2,ENSG00000168246,0.0859066611886428,0.263456160481623,0.0600003840609905,-0.00066843576124182,missense|LC,5172211727,5,172211727,
KNTC1,ENSG00000184445,0.0859500236721008,0.848929237175179,0.0466514075889854,-0.0000470049341840578,missense|LC,12122522254,12,122522254,
C19orf18,ENSG00000177025,0.0859629350305491,0.0639732786048336,0.0656178920497922,-0.00105604674898588,missense|LC,19057958565,19,57958565,
NR3C2,ENSG00000151623,0.0859955431169785,0.0526833161383438,0.0998188017823007,0.000956728651963322,missense|LC,4148081244,4,148081244,
SERPINH1,ENSG00000149257,0.0860083214215777,0.0486226440615751,0.806937376090945,0.00135997044841387,missense|LC,11075566248,11,75566248,
RPRML,ENSG00000179673,0.0860175574719039,0.660248653643694,0.0472002982854918,0.000800599881178933,missense|LC,17046978527,17,46978527,
GPR132,ENSG00000183484,0.0860892028189014,0.627050807618372,0.0522441585266318,-0.000246082217101952,missense|LC,14105050926,14,105050926,
DNAJC1,ENSG00000136770,0.086184905535989,0.579195074244986,0.0483096309568308,0.000341016362947269,missense|LC,10021756642,10,21756642,
EPRS1,ENSG00000136628,0.0861910251926232,0.475198298821625,0.0456070052956228,0.000433910756591544,missense|LC,1219968747,1,219968747,
ZNF266,ENSG00000174652,0.086308644457203,0.0479544478882591,0.21965364395424,-0.000815417835945797,missense|LC,19009413166,19,9413166,
FNBP1L,ENSG00000137942,0.0863428817660767,0.0488423940704075,0.18460674982425,0.00179174476044085,missense|LC,1093448163,1,93448163,
CPNE9,ENSG00000144550,0.0863570922830064,0.0502957903634763,0.32347826916551,0.000751709030245578,missense|LC,3009701698,3,9701698,
TCF7,ENSG00000081059,0.0864040123592322,0.0877662577849718,0.0538787791263831,-0.000848905617915601,missense|LC,5134114761,5,134114761,
KDM4B,ENSG00000127663,0.0864263374727602,0.0464770437036034,0.596802576283811,-0.000828213941086034,missense|LC,19005032789,19,5032789,
LRRN1,ENSG00000175928,0.0864522034920259,0.0543276375327509,0.0891434240954074,0.000830599956729444,missense|LC,3003844590,3,3844590,
GOLGA3,ENSG00000090615,0.0864664909302207,0.0460158973405667,0.217286036347911,0.000444674646576906,missense|LC,12132773058,12,132773058,
CLPSL2,ENSG00000196748,0.0864963666926239,0.245961155070798,0.0470305866971966,-0.00223150554408611,missense|LC,6035776538,6,35776538,
CCN1,ENSG00000142871,0.0865079672786118,0.0558468681895611,0.0864079965272199,-0.000836572279070307,missense|LC,1085577893,1,85577893,
POMT2,ENSG00000009830,0.0865319522947459,0.400043565826037,0.0462905369229847,-0.000436550128471095,missense|LC,14077270786,14,77270786,
ABCF1,ENSG00000204574,0.0865321495991312,0.052892007941964,0.104166310977607,-0.000875649665417574,missense|LC,6030571393,6,30571393,
SGO2,ENSG00000163535,0.0865433239763622,0.133565883587844,0.0494519087525713,0.000500276196828284,missense|LC,2200532332,2,200532332,
UBE3D,ENSG00000118420,0.0865604862881552,0.0891076865068463,0.0733141801115272,-0.000950584149443244,missense|LC,6082892933,6,82892933,
PANK2,ENSG00000125779,0.0865916045529548,0.433662650318937,0.0484827903829268,0.000460968973119747,missense|LC,20003889097,20,3889097,
DNTTIP1,ENSG00000101457,0.0866212893719341,0.0464335664435409,0.862875256684981,-0.00191944945073184,missense|LC,20045787704,20,45787704,
LIMS1,ENSG00000169756,0.086663497496852,0.0555754974110781,0.0880816805614866,-0.00106435036180854,missense|LC,2108654826,2,108654826,
SLC25A17,ENSG00000100372,0.0866760139910621,0.0641347608316944,0.0798788354085191,0.00132444311868867,missense|LC,22040770736,22,40770736,
CCDC175,ENSG00000151838,0.08677205838427,0.690937329236244,0.0498067369171324,0.000143986520799828,missense|LC,14059501167,14,59501167,
CPEB4,ENSG00000113742,0.0868117883968664,0.257008539658341,0.048701808574406,-0.000876676153052511,missense|LC,5173889666,5,173889666,
WASL,ENSG00000106299,0.0868342253890272,0.0480165615395794,0.252710751476473,0.00161966482407395,missense|LC,7123684552,7,123684552,
TRIM44,ENSG00000166326,0.0868418786043076,0.0547553703654977,0.212230310640145,-0.00083365602850623,missense|LC,11035662943,11,35662943,
C8orf34,ENSG00000165084,0.0868710372404851,0.0492770782468317,0.483452189081883,0.00127398470103056,missense|LC,8068330942,8,68330942,
BLOC1S6,ENSG00000104164,0.0869416701459483,0.0779043380470201,0.0625677492386779,0.0038570089744115,missense|LC,15045587591,15,45587591,
VPS13B,ENSG00000132549,0.0869498123003886,0.512176747516911,0.0444116140605477,-0.000101906761438974,missense|LC,8099013696,8,99013696,
MKKS,ENSG00000125863,0.0870275963142982,0.117608408871922,0.051053246613788,-0.000528611334262182,missense|LC,20010405194,20,10405194,
CAVIN4,ENSG00000170681,0.0870305019592347,0.0531925864236944,0.153608966246504,0.00108845752492863,missense|LC,9100576404,9,100576404,
TSTD2,ENSG00000136925,0.0870900690430173,0.389197020218626,0.0482643143974113,-0.000342220490212578,missense|LC,9097599527,9,97599527,
ING3,ENSG00000071243,0.0871125898431256,0.0927617059109276,0.0562539914108304,-0.00238409446846847,missense|LC,7120950819,7,120950819,
DZIP1L,ENSG00000158163,0.0871278057130147,0.0591418011288041,0.092167617005868,0.000731018749015409,missense|LC,3138062725,3,138062725,
OLFM3,ENSG00000118733,0.0871343505044776,0.0521862249595807,0.111065349293932,-0.0013548908466574,missense|LC,1101804182,1,101804182,
BRWD3,ENSG00000165288,0.0872501522376017,0.328478421770909,0.0473967880431312,0.000506640242552649,missense|LC,23080676523,X,80676523,
ARVCF,ENSG00000099889,0.0872861349316421,0.0514789017324906,0.126020749007173,0.000488229384849251,missense|LC,22019966861,22,19966861,
FAM120C,ENSG00000184083,0.0872901201198061,0.144064775335328,0.0497113127304322,-0.00109082426742332,missense|LC,23054072951,X,54072951,
SERPINB6,ENSG00000124570,0.0873159591681409,0.82254140130241,0.0482772034020463,-0.000164070051432631,missense|LC,6002948211,6,2948211,
BEX2,ENSG00000133134,0.0873222368349567,0.0630405540336891,0.0737984947938596,-0.00138642470747191,missense|LC,23103309471,X,103309471,
EEPD1,ENSG00000122547,0.0873752929633108,0.0510176484033441,0.181245025111637,0.000755413815984592,missense|LC,7036154212,7,36154212,
SIK3,ENSG00000160584,0.087375931954816,0.048836811047707,0.166998536491704,-0.000757032952491549,missense|LC,11116846293,11,116846293,
RPS27L,ENSG00000185088,0.0874057605884061,0.476400042011611,0.0495257387913151,0.00236845697780453,missense|LC,15063153991,15,63153991,
PLEKHA4,ENSG00000105559,0.0874101244206429,0.97613127674567,0.04732569223071,-0.00000608848975246452,missense|LC,19048832606,19,48832606,
EXOSC1,ENSG00000171311,0.0874589749014625,0.0509179601477479,0.162908941757908,-0.00165419684974258,missense|LC,10097430912,10,97430912,
AC008687.1,ENSG00000267335,0.0874715543890799,0.0602603929120409,0.222969347098761,-0.00166083452377242,missense|LC,19049018273,19,49018273,
CALY,ENSG00000130643,0.0874959292147279,0.0620073145877402,0.0693869682159463,0.00110513179649002,missense|LC,10133325783,10,133325783,
INSL4,ENSG00000120211,0.0875310546929782,0.0525475855877793,0.125733615784341,0.00133429398325801,missense|LC,9005231441,9,5231441,
PANK1,ENSG00000152782,0.0875568261257827,0.201188527996462,0.0461388092496786,0.00105772817114699,missense|LC,10089584389,10,89584389,
OSBPL7,ENSG00000006025,0.0876585876377357,0.637870381758174,0.0502563649172355,0.000197429063750975,missense|LC,17047808250,17,47808250,
TRNT1,ENSG00000072756,0.0876923639446822,0.623499131214916,0.0459604765784963,-0.000321331830635394,missense|LC,3003128959,3,3128959,
TM4SF18,ENSG00000163762,0.0878232424248245,0.0575318018329692,0.125670145281196,0.00100455597862486,missense|LC,3149321433,3,149321433,
RCOR1,ENSG00000089902,0.0878690045118817,0.760437089982112,0.0504969083599185,-0.000165368464794929,missense|LC,14102592546,14,102592546,
COMMD10,ENSG00000145781,0.0878826171562188,0.687607856226715,0.0478680307502675,0.000623381906593515,missense|LC,5116084951,5,116084951,
EIF5B,ENSG00000158417,0.0879073104797771,0.0494107368952965,0.238827398373465,-0.000634238873019139,missense|LC,2099332977,2,99332977,
LIN37,ENSG00000267796,0.0879936499121793,0.136261594725783,0.0527837869094572,0.000808213479058451,missense|LC,19035743750,19,35743750,
GCSAML,ENSG00000169224,0.0880378313917825,0.143220383319392,0.064276515148755,0.000732382848931827,missense|LC,1247531464,1,247531464,
TMEM54,ENSG00000121900,0.0880583254605577,0.0578403692714946,0.19545839556187,0.00121671478868292,missense|LC,1032893491,1,32893491,
DKK2,ENSG00000155011,0.0881191811532611,0.049122070790196,0.33424675065276,0.00226215005822637,missense|LC,4106923836,4,106923836,
SCNN1D,ENSG00000162572,0.0881319799066879,0.92769114379451,0.0466579293131112,-0.0000197180850307483,missense|LC,1001281148,1,1281148,
ADGRF4,ENSG00000153294,0.088135390488886,0.150062640509772,0.0493422185631323,0.000723811259882732,missense|LC,6047693581,6,47693581,
PASK,ENSG00000115687,0.0881801298913691,0.139010776434348,0.0498969417829161,0.000337504256900813,missense|LC,2241102131,2,241102131,
NSUN3,ENSG00000178694,0.0883063944536207,0.0464240302843911,0.634830339889696,0.00239979051345863,missense|LC,3094060861,3,94060861,
TIMM10B,ENSG00000132286,0.0883573591418737,0.0877441569113933,0.0554153518496828,-0.00251350119536454,missense|LC,11006477005,11,6477005,
AC084337.2,ENSG00000283977,0.0883573591418737,0.0877441569113933,0.0554153518496828,-0.00251350119536454,missense|LC,11006477005,11,6477005,
SUOX,ENSG00000139531,0.0883648464173576,0.0668344652604138,0.0654524858213545,-0.000724486058531901,missense|LC,12056001841,12,56001841,
ZNF717,ENSG00000227124,0.0884194348465223,0.0943448734153387,0.0576388563374749,-0.00044415372245455,missense|LC,3075736776,3,75736776,
ARMCX3,ENSG00000102401,0.0884304072439828,0.399611223352958,0.0496095793517254,0.000745686452781586,missense|LC,23101624924,X,101624924,
SNCG,ENSG00000173267,0.0884477505529991,0.057072377058815,0.132423983572309,0.00153274077824241,missense|LC,10086957299,10,86957299,
MPO,ENSG00000005381,0.088561433494401,0.228708751527131,0.0491837420099974,-0.000413783166089402,missense|LC,17058264856,17,58264856,
EPHB6,ENSG00000106123,0.088599301033059,0.751557591698115,0.0471470062346808,-0.000120304287134931,missense|LC,7142863167,7,142863167,
ALB,ENSG00000163631,0.0886150098310177,0.0547811556602975,0.108204545994448,0.00117560006678517,missense|LC,4073404285,4,73404285,
THOC7,ENSG00000163634,0.0887267975611415,0.0471857205438272,0.230569434308346,-0.00304069811233317,missense|LC,3063834053,3,63834053,
FAT3,ENSG00000165323,0.08875400233829,0.0484944015220661,0.206075611952387,-0.000291081831090703,missense|LC,11092352102,11,92352102,
VPS39,ENSG00000166887,0.0887921112424458,0.0522781765322053,0.337048857887769,0.0008874714790269,missense|LC,15042156378,15,42156378,
C11orf42,ENSG00000180878,0.0887948643921566,0.482263210416609,0.051123401838755,-0.000443620601152645,missense|LC,11006205567,11,6205567,
VMAC,ENSG00000187650,0.0888132589753897,0.183725842959113,0.0529929436801662,0.000739503771771071,missense|LC,19005901226,19,5901226,
TOMM34,ENSG00000025772,0.0888241048478966,0.749155364155547,0.047507067496636,0.000345670521364218,missense|LC,20044937943,20,44937943,
ZNF501,ENSG00000186446,0.0888264226276159,0.0487426223440275,0.362607496900815,0.00158672131655598,missense|LC,3044734362,3,44734362,
POLR2A,ENSG00000181222,0.0888339249055885,0.102936247895982,0.0610150881868461,-0.00123905928695187,missense|LC,17007481335,17,7481335,
ZDHHC14,ENSG00000175048,0.0888367303610546,0.23395859441867,0.0523960163307695,0.000468801830472485,missense|LC,6157381896,6,157381896,
PRAG1,ENSG00000275342,0.0888569687862261,0.608564853170016,0.0513706601114614,-0.00010467824315637,missense|LC,8008318066,8,8318066,
TMEM98,ENSG00000006042,0.089003346045719,0.0508149750659705,0.152220584684848,0.00243779585163559,missense|LC,17032931395,17,32931395,
FRMPD4,ENSG00000169933,0.0890208734310249,0.154428899665994,0.049982799629614,-0.000531792810801991,missense|LC,23012138937,X,12138937,
EIF3C,ENSG00000184110,0.0890598998444895,0.173844275288175,0.0499874083140568,0.00315379991105361,missense|LC,16028723079,16,28723079,
PLP1,ENSG00000123560,0.089068994607541,0.0522462952998267,0.131207275885002,-0.00413464119039155,missense|LC,23103776935,X,103776935,
ATP9A,ENSG00000054793,0.089107959149664,0.0519257943016361,0.460170812169301,-0.000914935291201992,missense|LC,20051601092,20,51601092,
KSR2,ENSG00000171435,0.0892040749086752,0.433341718959321,0.0523596603498685,0.000293194947857582,missense|LC,12117469562,12,117469562,
SP6,ENSG00000189120,0.0892450597497642,0.454448827412201,0.0489967033756813,-0.000708720753177662,missense|LC,17047840103,17,47840103,
ITGB2,ENSG00000160255,0.0892807113987145,0.0502469862009447,0.396913451200371,-0.000597801890235777,missense|LC,21044886313,21,44886313,
TMED2,ENSG00000086598,0.0892959427743554,0.0544378172689219,0.10624052739884,-0.00261128805934821,missense|LC,12123584538,12,123584538,
VAT1,ENSG00000108828,0.0893065196663585,0.203961849252637,0.0475630064013064,-0.00102922520362085,missense|LC,17043012132,17,43012132,
CAMK2N1,ENSG00000162545,0.0893223600792662,0.571579396594646,0.0496135064107586,0.00248778813103679,missense|LC,1020483592,1,20483592,
GRIK1,ENSG00000171189,0.089361767757867,0.40207013786552,0.0489304897017148,0.000444720600584694,missense|LC,21029537190,21,29537190,
LHCGR,ENSG00000138039,0.0893789604503499,0.199441000522145,0.0492409434240961,-0.000686115163671466,missense|LC,2048687654,2,48687654,
TROAP,ENSG00000135451,0.0893832408862498,0.474238733179587,0.0516915719172477,0.000281450557324249,missense|LC,12049323481,12,49323481,
RCC2,ENSG00000179051,0.0894867831123911,0.0551313143973868,0.29944370326209,0.000777178508996524,missense|LC,1017409063,1,17409063,
IMP3,ENSG00000177971,0.089564429566628,0.0660275849220793,0.122697366049583,-0.00111143420212774,missense|LC,15075639550,15,75639550,
GALR2,ENSG00000182687,0.0896657923075252,0.34203290264578,0.0529224194761502,0.000335021043324399,missense|LC,17076070328,17,76070328,
NOSIP,ENSG00000142546,0.0898044442499074,0.407641530870775,0.0487478333641218,0.00117630334675979,missense|LC,19049555703,19,49555703,
FAM131C,ENSG00000185519,0.089805575694574,0.85564699951521,0.0525821014526825,-0.0000651760067005508,missense|LC,1016053515,1,16053515,
LSM1,ENSG00000175324,0.0898367830489598,0.0897432518855659,0.0634264410247376,0.00320830343113017,missense|LC,8038163614,8,38163614,
FOXN1,ENSG00000109101,0.0898530094213011,0.0890519366819215,0.0708374257391287,0.000920961968085426,missense|LC,17028523942,17,28523942,
HOXD11,ENSG00000128713,0.0899371250465318,0.0539678771391428,0.115958231411629,-0.000946905650974488,missense|LC,2176107201,2,176107201,
NOLC1,ENSG00000166197,0.0899446077865634,0.869282846044449,0.047684487303232,0.000084768723684211,missense|LC,10102147176,10,102147176,
KRT17,ENSG00000128422,0.089973811658142,0.0497181677073391,0.429244571435982,0.000999429919047699,missense|LC,17041619438,17,41619438,
C20orf96,ENSG00000196476,0.0901527076056585,0.124895734559923,0.0593731835839116,0.00080056379872591,missense|LC,20000271152,20,271152,
FIBCD1,ENSG00000130720,0.0901893206033785,0.277474092024616,0.0495142414838713,-0.00039924408908182,missense|LC,9130903946,9,130903946,
MS4A4E,ENSG00000214787,0.0901963256930666,0.432377994378291,0.0575729470685704,-0.00153619562595103,missense|LC,11060208616,11,60208616,
GIMAP2,ENSG00000106560,0.0901971709523728,0.644684171917948,0.0560753252839,0.000211116341181615,missense|LC,7150685558,7,150685558,
CYB561A3,ENSG00000162144,0.0902162054427148,0.0541086019921084,0.145705245818837,0.00250263669670662,missense|LC,11061343840,11,61343840,
SBK2,ENSG00000187550,0.0902463481904606,0.051160759942726,0.138003150779335,0.00100140371940297,missense|LC,19055529603,19,55529603,
PPAT,ENSG00000128059,0.0902483273481822,0.0578990354602628,0.10670256168894,0.00125840411108194,missense|LC,4056395296,4,56395296,
ADAM15,ENSG00000143537,0.0902864736285345,0.0484200387589567,0.391826379123597,0.000763470744698933,missense|LC,1155046329,1,155046329,
FLVCR2,ENSG00000119686,0.0903812470436279,0.0644342967377824,0.07166226676882,-0.00108607160288514,missense|LC,14075578914,14,75578914,
YARS1,ENSG00000134684,0.0904061973012958,0.0958964018545156,0.0561011933830831,-0.00133978843883111,missense|LC,1032770257,1,32770257,
CLDN11,ENSG00000013297,0.0904137473387041,0.0512217470031288,0.652120300266911,-0.00293374889258286,missense|LC,3170419017,3,170419017,
SOX1,ENSG00000182968,0.0904263012911005,0.0503485538582839,0.438545916881372,0.000659470377089245,missense|LC,13112067595,13,112067595,
AGO3,ENSG00000126070,0.0904371641420147,0.928248136537345,0.0506055036631686,0.000151250953421719,missense|LC,1035931331,1,35931331,
ITFG2,ENSG00000111203,0.0905083915687003,0.106460364401187,0.05919266060052,-0.00152404430212258,missense|LC,12002812695,12,2812695,
SLC37A2,ENSG00000134955,0.0905734871392503,0.804024857406135,0.046322446928391,0.000170187391600506,missense|LC,11125063334,11,125063334,
RTN4RL2,ENSG00000186907,0.0906128427531641,0.0564292197635091,0.142013875882631,0.000926485868966156,missense|LC,11057460819,11,57460819,
RAB34,ENSG00000109113,0.0907880456944606,0.0489941778221548,0.546856657058388,-0.00263976780391869,missense|LC,17028710721,17,28710721,
TMEM205,ENSG00000105518,0.0908203622648939,0.105862421391053,0.0590478755673067,0.0020081733003387,missense|LC,19011342712,19,11342712,
MIS12,ENSG00000167842,0.0908854045317131,0.974438138271068,0.0507178892737158,-0.00000855458119919543,missense|LC,17005482797,17,5482797,
OGDH,ENSG00000105953,0.090909738471483,0.137513058358105,0.0530997353378804,0.000525186094670294,missense|LC,7044624306,7,44624306,
KLLN,ENSG00000227268,0.0909594024179633,0.061194424286925,0.119832668178318,-0.000480723517410483,missense|LC,10087861863,10,87861863,
MYCBP2,ENSG00000005810,0.0909713821048,0.135646228595761,0.0513723973198994,0.000388137465711346,missense|LC,13077045336,13,77045336,
COL11A2,ENSG00000204248,0.0909736434653836,0.0505005753382701,0.189041501347407,0.00062967569127307,missense|LC,6033163542,6,33163542,
MRPS25,ENSG00000131368,0.0911371922481233,0.480420889698073,0.0483861976379146,-0.000946373142194825,missense|LC,3015049855,3,15049855,
KTI12,ENSG00000198841,0.0911411581554571,0.249385297502651,0.0534580792410679,0.000626067890267747,missense|LC,1052027228,1,52027228,
SIN3A,ENSG00000169375,0.09118705939551,0.0670358394056058,0.0696290283374278,-0.000961420107700303,missense|LC,15075364382,15,75364382,
LRG1,ENSG00000171236,0.0912429798498711,0.0493613147753936,0.392575705696961,-0.00104266581287677,missense|LC,19004531530,19,4531530,
GGT5,ENSG00000099998,0.0912782179382631,0.0477942106299936,0.740095688542733,0.0014756434133035,missense|LC,22024219896,22,24219896,
ISM1,ENSG00000101230,0.0913077794306383,0.0500276972282671,0.307667288432873,0.00148533172876854,missense|LC,20013221676,20,13221676,
CRYGN,ENSG00000127377,0.0913115526258644,0.405513625777916,0.0513634726443943,-0.000771355897092693,missense|LC,7151430096,7,151430096,
PRSS45P,ENSG00000188086,0.0914093991554943,0.0531725909528081,0.582843539645768,0.00143885715858049,missense|LC,3046742301,3,46742301,
RNFT1,ENSG00000189050,0.0914122060446235,0.0575740051129715,0.0942197228006433,0.00098739162238255,missense|LC,17059947240,17,59947240,
R3HDM4,ENSG00000198858,0.0914187316208005,0.0518676099285293,0.223712135310612,-0.0012522163859014,missense|LC,19000897388,19,897388,
COL1A1,ENSG00000108821,0.0914945173836538,0.635129174546055,0.0509224809956181,0.000160137466431166,missense|LC,17050185409,17,50185409,
DOK6,ENSG00000206052,0.0915330709758612,0.0543449394931437,0.500341743923154,-0.00109541442923019,missense|LC,18069401137,18,69401137,
ZNF214,ENSG00000149050,0.0916428136783202,0.167462268933208,0.0626427594679303,-0.00191279813557091,missense|LC,11006999766,11,6999766,
RASSF5,ENSG00000266094,0.0916557522725154,0.0498831774989097,0.613791706983817,0.00162907770675816,missense|LC,1206507531,1,206507531,
SAMD3,ENSG00000164483,0.0917072733587941,0.0557746270782962,0.258267942670586,0.000806604848455661,missense|LC,6130139542,6,130139542,
AVPR2,ENSG00000126895,0.0917311344519337,0.212658455869401,0.0511040531645452,0.000454218151760153,missense|LC,23153905056,X,153905056,
OR4Q3,ENSG00000182652,0.0917641998553809,0.0564633256746456,0.152388826799919,-0.0010605819615078,missense|LC,14019747429,14,19747429,
EZR,ENSG00000092820,0.0917665595641034,0.111340679565188,0.0590139412471403,-0.000952461609187658,missense|LC,6158760743,6,158760743,
MELTF,ENSG00000163975,0.0917953843381207,0.0498355386683236,0.218285729056647,0.000510583310079669,missense|LC,3197003219,3,197003219,
PLS1,ENSG00000120756,0.091811640351779,0.0643780156257551,0.0755198714506431,0.000723293726453617,missense|LC,3142664217,3,142664217,
WRAP53,ENSG00000141499,0.0918412886988008,0.60995067396842,0.0492731444899175,-0.000267257874770413,missense|LC,17007688557,17,7688557,
HEPHL1,ENSG00000181333,0.0918419123840755,0.0505485963536205,0.390614997786799,0.000576860360890376,missense|LC,11094021318,11,94021318,
DTNBP1,ENSG00000047579,0.0918596481510376,0.144102886240385,0.051282763784578,-0.00108013963864074,missense|LC,6015519995,6,15519995,
AK5,ENSG00000154027,0.0918714396306477,0.623858349262211,0.0488455176547642,-0.000435455024595927,missense|LC,1077282228,1,77282228,
KIAA1586,ENSG00000168116,0.0919022283014532,0.530664902336255,0.0500053150989795,-0.000257783504436361,missense|LC,6057046611,6,57046611,
PROX1,ENSG00000117707,0.0919319464243371,0.322693599909935,0.0497907317758068,-0.000732895927718836,missense|LC,1213996424,1,213996424,
GPR180,ENSG00000152749,0.0919381592529435,0.0572249112249248,0.227893087282124,-0.000972914592695387,missense|LC,13094601830,13,94601830,
PDZD3,ENSG00000172367,0.0919840234354274,0.761147244601187,0.0487397592161958,-0.000165235868312973,missense|LC,11119181136,11,119181136,
ZNF581,ENSG00000171425,0.0919995030855946,0.245272327387364,0.0489457610875785,0.00146260505507803,missense|LC,19055635602,19,55635602,
NR2F2,ENSG00000185551,0.0920209716427082,0.786447574604663,0.0510459587296658,-0.000387988089869428,missense|LC,15096326273,15,96326273,
HEATR5B,ENSG00000008869,0.0920453150747514,0.329374228164774,0.0519933676423774,-0.00121283811640164,missense|LC,2036981440,2,36981440,
SLC12A1,ENSG00000074803,0.0920699497647571,0.326466404061014,0.051239778325219,0.000342880044588468,missense|LC,15048201211,15,48201211,
FAM219A,ENSG00000164970,0.0920760499361726,0.0492606600121527,0.36237353796134,0.00332292568566337,missense|LC,9034397421,9,34397421,
MYL2,ENSG00000111245,0.0921456160923126,0.844927515451942,0.0540385152040893,0.000182596859456947,missense|LC,12110907249,12,110907249,
IFIT1,ENSG00000185745,0.0921496155557431,0.747564585412107,0.0499752019438837,-0.000185389144305367,missense|LC,10089392626,10,89392626,
OR51E1,ENSG00000180785,0.0922095746320754,0.057822379370023,0.0987890686437022,-0.000681636605134306,missense|LC,11004639704,11,4639704,
TYW1,ENSG00000198874,0.0922185564165418,0.0515405747719695,0.169907827235678,-0.00447121482132913,missense|LC,7066993161,7,66993161,
PTER,ENSG00000165983,0.0922674424145588,0.0545633850674709,0.517311128730723,-0.00104460753052071,missense|LC,10016484320,10,16484320,
MEF2A,ENSG00000068305,0.0923062992432554,0.0569758558643553,0.115065942247273,0.00060736330847604,missense|LC,15099633059,15,99633059,
P2RY14,ENSG00000174944,0.0923134454511946,0.251321558280983,0.0558640216917612,-0.000792828804510119,missense|LC,3151213253,3,151213253,
SMPD4,ENSG00000136699,0.0923292751266135,0.0516095206049401,0.120668643163963,0.000950604792325543,missense|LC,2130152458,2,130152458,
AC073082.1,ENSG00000279956,0.0923748303583507,0.970635143308374,0.0531956193680473,0.00000493947552102549,missense|LC,2048642310,2,48642310,
HEBP1,ENSG00000013583,0.0923982347427375,0.783882290469709,0.0496539880256099,-0.000240803328240469,missense|LC,12012975233,12,12975233,
FAM229B,ENSG00000203778,0.0924269628846959,0.754223929207406,0.0531130073449216,-0.000892442655955329,missense|LC,6112084143,6,112084143,
DDX19B,ENSG00000157349,0.0924449562306635,0.0629894877643665,0.0756646297409265,0.00135291331210555,missense|LC,16070294776,16,70294776,
EPHA6,ENSG00000080224,0.0924484208040505,0.135562210229373,0.0555421933774294,-0.000816858100681299,missense|LC,3096814529,3,96814529,
FNDC1,ENSG00000164694,0.0924537977720374,0.399991539320553,0.0484114725049266,0.000157524490880115,missense|LC,6159169569,6,159169569,
PGPEP1,ENSG00000130517,0.092520858612833,0.140044390423183,0.0589184047608744,0.000973106934090679,missense|LC,19018340597,19,18340597,
EME1,ENSG00000154920,0.0925368880927632,0.757808369473424,0.0488718049155938,-0.000159285625115745,missense|LC,17050368220,17,50368220,
LSM7,ENSG00000130332,0.0925725156138172,0.648388041336916,0.0505010837124512,0.00103748682513616,missense|LC,19002321565,19,2321565,
UCP1,ENSG00000109424,0.0926307005485516,0.0659933294306225,0.0735353905935899,-0.000993092707660948,missense|LC,4140559851,4,140559851,
CPSF1,ENSG00000071894,0.0926413396600745,0.0564730167838211,0.139302023387433,0.000678852217970514,missense|LC,8144390590,8,144390590,
STK16,ENSG00000115661,0.0927234855785438,0.0595201532511785,0.129439556457531,-0.00108935190851129,missense|LC,2219242471,2,219242471,
C15orf48,ENSG00000166920,0.0927426081128319,0.064955819022007,0.264598904429185,0.00276665107305185,missense|LC,15045430719,15,45430719,
ATL3,ENSG00000184743,0.0927552559117846,0.906073744062396,0.0542648400686677,0.0000706155178619207,missense|LC,11063629266,11,63629266,
PPP1R16B,ENSG00000101445,0.0927783901082796,0.526316642341731,0.0591054613352481,0.000284318099131249,missense|LC,20038835816,20,38835816,
KMT5C,ENSG00000133247,0.092783359832918,0.824216868119108,0.0506997404855467,-0.000127554107184677,missense|LC,19055341883,19,55341883,
CCNB1IP1,ENSG00000100814,0.0928813745373659,0.0499944225133947,0.90531033422216,0.00233728009410218,missense|LC,14020311492,14,20311492,
TPPP,ENSG00000171368,0.0929007295259355,0.898339376040585,0.0487691716573087,0.000115656202692669,missense|LC,5000664993,5,664993,
LAMB4,ENSG00000091128,0.0929042934581685,0.273465539371239,0.0500685350462552,0.000292459869768626,missense|LC,7108023979,7,108023979,
ASPHD1,ENSG00000174939,0.093052975298621,0.0704853636066058,0.083278062792413,0.00155972121683793,missense|LC,16029895496,16,29895496,
RORA,ENSG00000069667,0.0930546001386247,0.0488118637225187,0.362522550764316,-0.00188547912919146,missense|LC,15060497387,15,60497387,
TRIAP1,ENSG00000170855,0.0931146282725953,0.277989897309042,0.0631215319209991,-0.00209927221343333,missense|LC,12120440406,12,120440406,
PI4KA,ENSG00000241973,0.0931147255771276,0.0495588155719826,0.741924190516941,-0.000672584989817199,missense|LC,22020702693,22,20702693,
GLUL,ENSG00000135821,0.0931163206101204,0.216618974360717,0.0500897657052551,0.00168212245883407,missense|LC,1182384376,1,182384376,
GUCY2F,ENSG00000101890,0.0931224419031502,0.0527802194675522,0.141268450457333,-0.000517198585359183,missense|LC,23109375885,X,109375885,
QRICH1,ENSG00000198218,0.0931321131912222,0.164695975339106,0.0523176152276609,0.00146288554342244,missense|LC,3049024709,3,49024709,
ZNF470,ENSG00000197016,0.0934072288241518,0.232667517738528,0.0493970997338735,-0.000502373307736695,missense|LC,19056566956,19,56566956,
ESRP1,ENSG00000104413,0.0934122938293418,0.0551534571204195,0.219975669187212,-0.00119522648121908,missense|LC,8094641236,8,94641236,
ZC3HC1,ENSG00000091732,0.0934325338430984,0.0653357698270391,0.084864848881297,-0.000919075570329906,missense|LC,7130018601,7,130018601,
CLDN10,ENSG00000134873,0.0934371057171367,0.0507791752758231,0.703358462616386,-0.00201995454132052,missense|LC,13095552625,13,95552625,
TAL1,ENSG00000162367,0.0934794982901386,0.0517521937913112,0.216134374111165,0.00155005831553615,missense|LC,1047219581,1,47219581,
ACTR2,ENSG00000138071,0.0934858545736045,0.445953176295528,0.0494780804198709,-0.00148866312777646,missense|LC,2065227837,2,65227837,
PVRIG,ENSG00000213413,0.0935724914061989,0.549100530467961,0.0549781445426021,0.000225575266179744,missense|LC,7100219858,7,100219858,
CTTNBP2,ENSG00000077063,0.0936552923927954,0.31587972214733,0.0504272083894599,-0.000300403398398639,missense|LC,7117711441,7,117711441,
SLC18B1,ENSG00000146409,0.0938376512185308,0.890610381494053,0.0548598069896757,-0.0000563443317724435,missense|LC,6132770217,6,132770217,
ALG1L2,ENSG00000251287,0.0939406247936815,0.667199282938645,0.0558980689517997,0.000166119787013908,missense|LC,3130081917,3,130081917,
MEN1,ENSG00000133895,0.0940042914830492,0.611745300762812,0.0508932638510696,-0.000598977153772826,missense|LC,11064798710,11,64798710,
TEX43,ENSG00000196900,0.0940073686579256,0.0521370614014131,0.387216116764196,0.00231136688617673,missense|LC,5126631710,5,126631710,
TMED1,ENSG00000099203,0.0940088091884956,0.854670317115162,0.0499605541673295,0.000232842953925744,missense|LC,19010828949,19,10828949,
CAT,ENSG00000121691,0.0940347639736187,0.201250150790868,0.052576210781921,0.000686952406451296,missense|LC,11034438947,11,34438947,
FAM217B,ENSG00000196227,0.0940500742967475,0.246016467097319,0.0509099500272174,-0.000853736413959378,missense|LC,20059938938,20,59938938,
UGT1A10,ENSG00000242515,0.0941364448074192,0.599907391478361,0.0505849127007876,-0.000274386946395323,missense|LC,2233636378,2,233636378,
CPA5,ENSG00000158525,0.0941534489344182,0.060457996724752,0.0971430180792818,-0.000776677731762489,missense|LC,7130346441,7,130346441,
RBBP9,ENSG00000089050,0.0942539261367481,0.0728013141532011,0.0715488152001307,0.00171020507247745,missense|LC,20018481597,20,18481597,
COPE,ENSG00000105669,0.0943016846448225,0.0804856664303655,0.0636980450846691,-0.00106068884677464,missense|LC,19018895767,19,18895767,
RPL26,ENSG00000161970,0.0943235984521131,0.0512014903028341,0.514031494503255,0.00569004244590217,missense|LC,17008375827,17,8375827,
UGDH,ENSG00000109814,0.0944571519711879,0.0517012620717229,0.650144791177113,-0.00162040475181206,missense|LC,4039500111,4,39500111,
TMEM155,ENSG00000164112,0.0945007188258532,0.357656597717271,0.0703950355119255,-0.000457269904784283,missense|LC,4121760156,4,121760156,
COMMD4,ENSG00000140365,0.0945515977646337,0.0526566069339032,0.340491717565478,0.00199911807325016,missense|LC,15075335846,15,75335846,
ADGRG7,ENSG00000144820,0.0945552001708936,0.0535661746003103,0.25179561568902,-0.000667054389801624,missense|LC,3100609815,3,100609815,
PLOD3,ENSG00000106397,0.0945951282198324,0.795817829774205,0.0523229465896718,-0.000075942443042765,missense|LC,7101204098,7,101204098,
LDB2,ENSG00000169744,0.0946154354145455,0.0518207470715585,0.458473242632233,0.00192392095257483,missense|LC,4016502537,4,16502537,
PLCD4,ENSG00000115556,0.0946160546463684,0.566183816531371,0.0516296873128663,-0.000299025994385931,missense|LC,2218615634,2,218615634,
RPL18,ENSG00000063177,0.0946885062438555,0.058230082446749,0.113410497605849,-0.00168109560495346,missense|LC,19048610572,19,48610572,
FN3KRP,ENSG00000141560,0.0947013823224513,0.424953897610381,0.0599607249855632,0.000344054637919499,missense|LC,17082716660,17,82716660,
DPM1,ENSG00000000419,0.0947178887132217,0.0630456603535535,0.187520629190902,-0.00117076108946298,missense|LC,20050935125,20,50935125,
RPS9,ENSG00000170889,0.0947421127575125,0.0668805259096612,0.104101937355268,0.00445742447109633,missense|LC,19054196903,19,54196903,
FBLN7,ENSG00000144152,0.0948248154002519,0.770918020995389,0.0543671796385266,-0.000127673520301818,missense|LC,2112138522,2,112138522,
MAP3K13,ENSG00000073803,0.0948702694470581,0.376938486730431,0.0523880110870508,-0.000293669567498393,missense|LC,3185363007,3,185363007,
KRTAP3-1,ENSG00000212901,0.0950071803318144,0.597017165199673,0.0530356309252928,-0.000976490668712168,missense|LC,17041008693,17,41008693,
ALKBH6,ENSG00000239382,0.0950085073040096,0.23060449456812,0.05455962874742,-0.00103776927019414,missense|LC,19036005254,19,36005254,
CCN3,ENSG00000136999,0.095013966278126,0.597988890802871,0.0510432850560752,0.000426690391695143,missense|LC,8119416459,8,119416459,
SYBU,ENSG00000147642,0.0950219310367055,0.150481067576367,0.0576271379270552,-0.000576931520635211,missense|LC,8109574809,8,109574809,
SLC13A4,ENSG00000164707,0.0950298206166568,0.052001814713041,0.343785949300012,-0.00166052055026361,missense|LC,7135681446,7,135681446,
PLSCR4,ENSG00000114698,0.0950363683787503,0.0589668044131291,0.173856854667258,-0.000816371221992322,missense|LC,3146194370,3,146194370,
WDPCP,ENSG00000143951,0.0950404108371027,0.0555378310399547,0.406987114148575,0.000680374080769269,missense|LC,2063121789,2,63121789,
BSG,ENSG00000172270,0.0950822484970321,0.199427528850079,0.0569502595733733,0.000516927946506431,missense|LC,19000572306,19,572306,
RPS13,ENSG00000110700,0.0951016882251382,0.0511750873084058,0.395021769208333,0.00569008341384637,missense|LC,11017074388,11,17074388,
KCNU1,ENSG00000215262,0.0951410480389006,0.170522002449469,0.0519970111571214,-0.000412202290174996,missense|LC,8036784362,8,36784362,
PRDM15,ENSG00000141956,0.0951450797708564,0.0532227840402362,0.296220130217191,0.000685299950719401,missense|LC,21041801165,21,41801165,
TMEM59,ENSG00000116209,0.095176343289418,0.0658938849711697,0.203179582459876,-0.0009044669451655,missense|LC,1054032065,1,54032065,
ZFP64,ENSG00000020256,0.0951842265900853,0.0737221747854969,0.0664606579373225,-0.000866395390321131,missense|LC,20052151165,20,52151165,
ATP5PB,ENSG00000116459,0.0951986654757682,0.341617259983499,0.0581630956297998,-0.000490369115708933,missense|LC,1111447015,1,111447015,
OR6C4,ENSG00000179626,0.0952082892754051,0.45043722524239,0.0514379010533792,-0.000484133625928485,missense|LC,12055551193,12,55551193,
C7,ENSG00000112936,0.0952304333408145,0.0533401683020666,0.28312852055817,-0.000613241903303404,missense|LC,5040909542,5,40909542,
PHACTR3,ENSG00000087495,0.0952436718297076,0.297300029431662,0.0535805657085486,-0.00048703143580945,missense|LC,20059604552,20,59604552,
AP4M1,ENSG00000221838,0.0952738381673924,0.268916741391021,0.051034750392648,0.000689935386027373,missense|LC,7100097237,7,100097237,
SLC35B3,ENSG00000124786,0.0953889175579993,0.0531719680214069,0.335566733622663,0.00104664671190946,missense|LC,6008413478,6,8413478,
SYN2,ENSG00000157152,0.0953943939888038,0.0608894619597038,0.122913917153799,-0.00127298811983501,missense|LC,3012070573,3,12070573,
NPAS1,ENSG00000130751,0.0954330425264432,0.144858073082398,0.0542954320613425,0.000713022048579478,missense|LC,19047020969,19,47020969,
EIF4B,ENSG00000063046,0.0954373401028042,0.829258327300829,0.0500838901089409,0.000141520817968169,missense|LC,12053006352,12,53006352,
S100P,ENSG00000163993,0.0954413272954518,0.177282760164819,0.0523194330374299,0.00289295373093944,missense|LC,4006693842,4,6693842,
IK,ENSG00000113141,0.0955744646860971,0.260973222764321,0.0598143209749358,-0.00042884334927813,missense|LC,5140642825,5,140642825,
ABRACL,ENSG00000146386,0.0956015469145522,0.833442602512332,0.0570074748414345,-0.000327194954113891,missense|LC,6139034045,6,139034045,
SLC51A,ENSG00000163959,0.0956022967031489,0.290367438144424,0.0557695039042744,0.000688292636735918,missense|LC,3196216638,3,196216638,
NTNG2,ENSG00000196358,0.0956246243134522,0.103417605296934,0.0661257545350237,-0.00081322216268313,missense|LC,9132166759,9,132166759,
IGIP,ENSG00000182700,0.0956300027071143,0.184365829162409,0.0787644265241002,-0.000975520150769747,missense|LC,5140128436,5,140128436,
TMEM251,ENSG00000153485,0.095653541403391,0.173150369305567,0.0608842778106324,0.000857329344719185,missense|LC,14093183048,14,93183048,
AKAP17A,ENSG00000197976,0.095672352871195,0.0530238447104511,0.238475674282036,-0.000625946215165887,missense|LC,23001593359,X,1593359,
RSRC1,ENSG00000174891,0.0956761294054245,0.949864031012177,0.0547417488569906,0.000027994549761242,missense|LC,3158105089,3,158105089,
PIGZ,ENSG00000119227,0.0956881430495539,0.933645044345502,0.0520449740709544,-0.0000245644765794812,missense|LC,3196941834,3,196941834,
NOSTRIN,ENSG00000163072,0.0957012654845942,0.0552745741975282,0.185801060787971,0.00131946097158093,missense|LC,2168851086,2,168851086,
VDAC3,ENSG00000078668,0.0957865433068715,0.0616279693592849,0.0873478122138411,0.00142666689128879,missense|LC,8042394150,8,42394150,
LUC7L2,ENSG00000146963,0.0958791655894108,0.144637597444521,0.0602897663819927,-0.000623308967444501,missense|LC,7139360201,7,139360201,
LCE4A,ENSG00000187170,0.095885772347172,0.0950713579529789,0.0627507275188204,0.000758510841521674,missense|LC,1152709028,1,152709028,
VN1R5,ENSG00000197617,0.0958981905788903,0.07836323856157,0.0761830036983484,0.00166211852824098,missense|LC,1247256003,1,247256003,
KAAG1,ENSG00000146049,0.0959164811612174,0.0623563295856511,0.227911568161666,-0.00216429633475957,missense|LC,6024353545,6,24353545,
ZZEF1,ENSG00000074755,0.0960236193733633,0.0994681158867712,0.0643635558108081,0.000334342411635943,missense|LC,17004006801,17,4006801,
HNRNPD,ENSG00000138668,0.0960403255725482,0.46279794686875,0.0518630630718943,0.000936627567920588,missense|LC,4082355294,4,82355294,
TBC1D14,ENSG00000132405,0.0960862407701008,0.12519395129283,0.0597891075283803,0.000775920293221358,missense|LC,4006923269,4,6923269,
C12orf49,ENSG00000111412,0.0962057283990314,0.278527612278824,0.0514214112024444,-0.00113309709317326,missense|LC,12116717737,12,116717737,
ANGPTL3,ENSG00000132855,0.0963041776688005,0.069384685993141,0.071550128737307,-0.000763280236822023,missense|LC,1062597479,1,62597479,
ARHGAP24,ENSG00000138639,0.0963675906441003,0.79985076096772,0.0526182540289892,0.000126177827981763,missense|LC,4085570475,4,85570475,
GORASP2,ENSG00000115806,0.0963744317951002,0.275748170607579,0.050358173497821,-0.00119857994634892,missense|LC,2170929262,2,170929262,
XIAP,ENSG00000101966,0.0964036848140314,0.165827327240013,0.0595589415158031,-0.000781778276624905,missense|LC,23123885596,X,123885596,
ALK,ENSG00000171094,0.0964669307090047,0.0588807913088367,0.156680137618407,-0.000721014160030264,missense|LC,2029189386,2,29189386,
ODC1,ENSG00000115758,0.0964738499540126,0.929620761913135,0.0555236141240085,-0.0000466607453254404,missense|LC,2010440634,2,10440634,
PHKA2,ENSG00000044446,0.0965922148215377,0.0532743968627449,0.620205218570038,0.000753514392076141,missense|LC,23018893432,X,18893432,
SCAF8,ENSG00000213079,0.0966262769774424,0.192996689342588,0.0531287678552097,-0.000425900163280556,missense|LC,6154733241,6,154733241,
TSPAN4,ENSG00000214063,0.0966688102282726,0.0581420440045637,0.112495996736325,-0.00089650846769065,missense|LC,11000840346,11,840346,
OR13C5,ENSG00000277556,0.0966843227572043,0.0555402927169445,0.221942001450816,0.00078440961833273,missense|LC,9104598432,9,104598432,
KIF26B,ENSG00000162849,0.096695352460204,0.867824921010706,0.0514617852630731,0.000034825115519406,missense|LC,1245155364,1,245155364,
LMTK3,ENSG00000142235,0.096752590639591,0.057637816079657,0.128034300913799,0.000656948767410694,missense|LC,19048485679,19,48485679,
TARDBP,ENSG00000120948,0.0967575023844092,0.304154761051113,0.0581314907492974,-0.00139944775345318,missense|LC,1011013658,1,11013658,
PTPRC,ENSG00000081237,0.0968220983069626,0.0574909032477322,0.134919777635074,-0.000565688606804738,missense|LC,1198639223,1,198639223,
MICU1,ENSG00000107745,0.0968226188019695,0.101932372663036,0.0584890831815889,0.00126159937571399,missense|LC,10072368105,10,72368105,
RXFP2,ENSG00000133105,0.0968416935055939,0.456195020792545,0.0547025320603488,0.000239601819758956,missense|LC,13031739595,13,31739595,
ZNF800,ENSG00000048405,0.0968639707262099,0.416154679357603,0.0596455131620308,0.000446158349122311,missense|LC,7127372531,7,127372531,
TXNL4A,ENSG00000141759,0.0968752857052199,0.150863538935144,0.0550526028774089,-0.00615523771868359,missense|LC,18079966563,18,79966563,
KRT15,ENSG00000171346,0.09690334972856,0.298977015604933,0.0525235146610725,0.000591703176079198,missense|LC,17041513987,17,41513987,
SFT2D2,ENSG00000213064,0.096929104370854,0.345331695699381,0.063980431043727,0.000724344380223684,missense|LC,1168225970,1,168225970,
AATF,ENSG00000275700,0.0969521027584711,0.0902968170720702,0.0616894023682919,-0.000878276972545608,missense|LC,17036949059,17,36949059,
SPATA31A6,ENSG00000185775,0.0969612504445365,0.588868353318584,0.0597804754938724,0.0000706226660726668,missense|LC,9042183578,9,42183578,
KIAA1755,ENSG00000149633,0.0969849840525849,0.0537692959594817,0.411394976949226,-0.000597038914428158,missense|LC,20038212982,20,38212982,
LPAR6,ENSG00000139679,0.0970022791218882,0.119370797362897,0.0614219061758843,0.00223846101170111,missense|LC,13048411349,13,48411349,
RLN2,ENSG00000107014,0.0970333445669612,0.0596279725140136,0.215990284728399,-0.000739033769170786,missense|LC,9005300076,9,5300076,
GALNTL6,ENSG00000174473,0.0970828651109393,0.440561012432162,0.0558401908540781,0.00354395636271699,missense|LC,4171814494,4,171814494,
RB1,ENSG00000139687,0.0970990065504449,0.49895107040487,0.0524889215799604,-0.000344019189310296,missense|LC,13048303773,13,48303773,
AP3S1,ENSG00000177879,0.097128868626199,0.090160186251419,0.0808037773208323,0.00132967592022938,missense|LC,5115837545,5,115837545,
GNB1L,ENSG00000185838,0.0971570940223238,0.100249962265555,0.0607614894404471,0.000787594037558976,missense|LC,22019779125,22,19779125,
TRAF2,ENSG00000127191,0.097157377368695,0.930918482568752,0.053154395477145,-0.0000523589512642102,missense|LC,9136881869,9,136881869,
TSPYL6,ENSG00000178021,0.0971895954963238,0.0516430362914622,0.554050425829435,-0.00117796524368009,missense|LC,2054254837,2,54254837,
RAI2,ENSG00000131831,0.0971931973031412,0.298732536546351,0.0512634222202932,-0.000669465284772032,missense|LC,23017800310,X,17800310,
C15orf65,ENSG00000261652,0.0972992520043973,0.18063520914455,0.0562712548599015,0.00227525469198054,missense|LC,15055408720,15,55408720,
RTL8C,ENSG00000134590,0.0973412786617575,0.0547166102131174,0.520725085090241,0.00732554031077913,missense|LC,23135032293,X,135032293,
KLK11,ENSG00000167757,0.0973482258718016,0.0555910448186365,0.405896353916432,0.00128673559827301,missense|LC,19051017242,19,51017242,
SIGLEC10,ENSG00000142512,0.0973499748343633,0.0594252039234754,0.527446217654134,-0.000415531504850827,missense|LC,19051411002,19,51411002,
AGFG1,ENSG00000173744,0.097375401821858,0.976087370015577,0.0540294777544268,-0.0000047819331634014,missense|LC,2227472329,2,227472329,
GGPS1,ENSG00000152904,0.0973776749103824,0.0536780949844823,0.327811452306159,0.0024358540020045,missense|LC,1235326811,1,235326811,
INAVA,ENSG00000163362,0.0973960024589826,0.60677301819415,0.0515194032890778,0.000252552146400686,missense|LC,1200891419,1,200891419,
SRSF2,ENSG00000161547,0.0974266805721755,0.0903348945423095,0.0615858613639977,0.00245946945992561,missense|LC,17076729655,17,76729655,
ERICH4,ENSG00000204978,0.0974610025363006,0.0645063275482031,0.393913951644239,0.0011035550988856,missense|LC,19041438161,19,41438161,
NKX2-4,ENSG00000125816,0.0974732011513237,0.0837639070454145,0.0689268752985593,-0.000808121214848056,missense|LC,20021395827,20,21395827,
KRTAP10-2,ENSG00000205445,0.097484875064596,0.0543374867486546,0.597199509049168,-0.00117403054800732,missense|LC,21044550557,21,44550557,
SPCS1,ENSG00000114902,0.0975596762747454,0.2439736913105,0.0647417775738481,-0.000807323525488983,missense|LC,3052705762,3,52705762,
PRR14,ENSG00000156858,0.0976286263879561,0.597717920870907,0.0504997907900515,-0.00029016263964712,missense|LC,16030651585,16,30651585,
ZDHHC13,ENSG00000177054,0.0976348840696636,0.550377356751397,0.0511059084569997,0.000475134194447862,missense|LC,11019117155,11,19117155,
RNASEK,ENSG00000219200,0.0976402208275495,0.340206191516027,0.0595697925737149,-0.000803011868099323,missense|LC,17007009690,17,7009690,
ACTB,ENSG00000075624,0.0977284023600462,0.0532491151613085,0.848197707900199,-0.0101105552089952,missense|LC,7005527613,7,5527613,
FLCN,ENSG00000154803,0.0977749388953021,0.10487900422936,0.0606658131950946,0.000713744678545338,missense|LC,17017213545,17,17213545,
HRAS,ENSG00000174775,0.0977921423108835,0.0520274354177417,0.354580894851461,-0.0030826354278211,missense|LC,11000532514,11,532514,
SYT10,ENSG00000110975,0.0978188666024107,0.0518651845055229,0.678280165217081,0.00152697799382156,missense|LC,12033376744,12,33376744,
TTC5,ENSG00000136319,0.0978725517228382,0.0735194297505191,0.0880504377311507,0.00126147297846783,missense|LC,14020289517,14,20289517,
DUSP16,ENSG00000111266,0.0979196195658716,0.202201750878445,0.0590367613012123,0.000515272682922721,missense|LC,12012476757,12,12476757,
HRCT1,ENSG00000196196,0.0979605571072706,0.664758131804494,0.0525579443292131,0.000113627542302099,missense|LC,9035906124,9,35906124,
SRSF1,ENSG00000136450,0.0979661615845009,0.142936492820561,0.0564803794750617,0.00623577856018008,missense|LC,17058005314,17,58005314,
GPIHBP1,ENSG00000277494,0.0980187541312358,0.0526116819216758,0.683933669585909,-0.00148934750327555,missense|LC,8143213197,8,143213197,
KCNG1,ENSG00000026559,0.0980697354485964,0.953200762382269,0.0541129739932424,0.0000603880567402202,missense|LC,20051003944,20,51003944,
PKHD1L1,ENSG00000205038,0.0980873418261814,0.0527960730999444,0.439585444740258,0.000251528372823263,missense|LC,8109362503,8,109362503,
AC099489.1,ENSG00000188897,0.0981013023608361,0.0518051036039824,0.484470366131745,-0.00042399223360888,missense|LC,16011372668,16,11372668,
AC090004.1,ENSG00000268279,0.0981078319625522,0.733876941447289,0.056120878568622,0.000540097862425656,missense|LC,3014130707,3,14130707,
CEACAM8,ENSG00000124469,0.0981203290442112,0.0582444481702351,0.14264834043355,-0.000916487564130842,missense|LC,19042583230,19,42583230,
C1orf159,ENSG00000131591,0.0982001886619651,0.0596018417440052,0.123942632256547,-0.000648070177078017,missense|LC,1001082824,1,1082824,
TEKT4,ENSG00000163060,0.0982008972915508,0.0542883659020685,0.339195217324356,0.000553268453033316,missense|LC,2094871460,2,94871460,
TMED9,ENSG00000184840,0.0982592138690599,0.0902555062021168,0.0625195534625174,0.00148191154962934,missense|LC,5177592123,5,177592123,
WASHC3,ENSG00000120860,0.0983569658205578,0.496345290360059,0.0579134226494807,-0.000686423160944191,missense|LC,12102013114,12,102013114,
SKI,ENSG00000157933,0.0984386484089473,0.416020839442419,0.057061786068157,-0.000333051715709894,missense|LC,1002228684,1,2228684,
ASB1,ENSG00000065802,0.0984900185708065,0.228662329397492,0.0518771459776776,-0.00116928548489212,missense|LC,2238426981,2,238426981,
CD3EAP,ENSG00000117877,0.0985453172670998,0.0553580444938792,0.238179296084975,-0.000871754100824139,missense|LC,19045404911,19,45404911,
FOLH1,ENSG00000086205,0.0985644216369205,0.152357044478096,0.0546223162151499,0.00045643365401594,missense|LC,11049146670,11,49146670,
PKDCC,ENSG00000162878,0.0985795795101393,0.0579184868821085,0.149917879642891,-0.000653981679570704,missense|LC,2042048116,2,42048116,
KIDINS220,ENSG00000134313,0.0985932238127912,0.134228467678015,0.0572441247904478,-0.000541049380391471,missense|LC,2008728862,2,8728862,
OVOL2,ENSG00000125850,0.0985996292851357,0.0605973523224248,0.272631514018776,-0.000823389027322951,missense|LC,20018024442,20,18024442,
KDM6B,ENSG00000132510,0.0986130055125524,0.0512775920691633,0.307380836741807,0.000482393782519472,missense|LC,17007845454,17,7845454,
PAX1,ENSG00000125813,0.0986465724279486,0.0556880839141973,0.523944284231847,0.000881047795598621,missense|LC,20021705627,20,21705627,
PGS1,ENSG00000087157,0.0987001164297788,0.13976186988099,0.0580296565225178,-0.000564368606680313,missense|LC,17078378542,17,78378542,
NUDT16,ENSG00000198585,0.0987285080604642,0.39787984405644,0.0573924700224024,0.000775389763858819,missense|LC,3131381709,3,131381709,
SFTPB,ENSG00000168878,0.0988002304224532,0.562658072179273,0.0576400776889245,0.000334509413027014,missense|LC,2085661419,2,85661419,
DSP,ENSG00000096696,0.0988344935304584,0.0733568696419039,0.0915470149220826,0.000447376395597168,missense|LC,6007541791,6,7541791,
ANP32D,ENSG00000139223,0.0988690735590233,0.121384039333602,0.0633917453225745,0.00123082986588349,missense|LC,12048472564,12,48472564,
MX2,ENSG00000183486,0.0988861382653899,0.233818362594208,0.0573393086167155,0.000482703456404289,missense|LC,21041357054,21,41357054,
LPO,ENSG00000167419,0.0989407634175015,0.0555473664390121,0.177630628006057,0.000885504432260057,missense|LC,17058242916,17,58242916,
GUCA2B,ENSG00000044012,0.0990006411274901,0.405821105665303,0.0548065143340982,-0.0015443597263917,missense|LC,1042153416,1,42153416,
MROH1,ENSG00000179832,0.0990332840880345,0.85029461036593,0.0520784491278388,0.0000989652543126298,missense|LC,8144163748,8,144163748,
AC091167.7,ENSG00000284626,0.0990526030585774,0.23660889904137,0.0559290678689394,0.000708001531326604,missense|LC,15090230384,15,90230384,
SLC35E1,ENSG00000127526,0.0990559234218841,0.0809500621277217,0.0814496057154086,0.00177787911191269,missense|LC,19016553597,19,16553597,
WDR61,ENSG00000140395,0.0993644284026199,0.0556653643241141,0.77209899498684,-0.00210041441048636,missense|LC,15078279973,15,78279973,
ISM2,ENSG00000100593,0.0993675529748494,0.0548069329611118,0.533545188623555,-0.000836557750597872,missense|LC,14077475517,14,77475517,
ELOVL6,ENSG00000170522,0.0993679984046193,0.0604841544801261,0.254757125927993,0.00311645991939565,missense|LC,4110051256,4,110051256,
KANSL3,ENSG00000114982,0.0993885580384132,0.628651050711794,0.058349036220032,-0.000181315954931915,missense|LC,2096595531,2,96595531,
LRFN5,ENSG00000165379,0.0993910808113683,0.0697370845630901,0.0874498128874747,0.0010093714934054,missense|LC,14041886576,14,41886576,
RBMX,ENSG00000147274,0.0994373632763661,0.562616261252405,0.0547147089422751,0.000870888298534652,missense|LC,23136872243,X,136872243,
LRFN4,ENSG00000173621,0.0995014413686732,0.641508395639395,0.0539302571944289,0.000218613237400551,missense|LC,11066852393,11,66852393,
CLEC16A,ENSG00000038532,0.0995198495217411,0.966924774869745,0.0550312786453059,0.0000282682809727627,missense|LC,16010941464,16,10941464,
CLDN25,ENSG00000228607,0.0995406973344015,0.408189156374467,0.0519007989206944,0.000993699293438736,missense|LC,11113779727,11,113779727,
SLC2A10,ENSG00000197496,0.0995482943801745,0.0540798513407105,0.526366770544617,-0.000842695917484029,missense|LC,20046709619,20,46709619,
RBPJL,ENSG00000124232,0.0995500169179182,0.0598502125825189,0.257818839799811,0.000562754385580937,missense|LC,20045304155,20,45304155,
SLC12A4,ENSG00000124067,0.0996387737658052,0.891669673591303,0.0535553976789837,0.000040764755164078,missense|LC,16067939751,16,67939751,
LYAR,ENSG00000145220,0.0997408978240492,0.778153395141918,0.0598608891379867,0.000115766448412123,missense|LC,4004267806,4,4267806,
TULP3,ENSG00000078246,0.0997666456763027,0.258374334598755,0.0564323517686728,-0.000524223273494713,missense|LC,12002887847,12,2887847,
DENND5A,ENSG00000184014,0.0998358820494744,0.246554308751628,0.0550954395372981,-0.00048176881018236,missense|LC,11009139592,11,9139592,
OR11H2,ENSG00000258453,0.0998409735859013,0.69010969175515,0.0558235333987392,0.000217721029504778,missense|LC,14019712854,14,19712854,
FLT3,ENSG00000122025,0.0999152219869215,0.0685491997160234,0.0807003393471175,0.000795363581063899,missense|LC,13028003956,13,28003956,
FEN1,ENSG00000168496,0.0999266969466457,0.0614420979265186,0.117153325303511,0.00140193652455972,missense|LC,11061789685,11,61789685,
FGGY,ENSG00000172456,0.10002217670954,0.475931895388139,0.0539835739141297,-0.000341080104045082,missense|LC,1059321474,1,59321474,
POGZ,ENSG00000143442,0.100046755787354,0.302821549539787,0.053588118992689,0.000499816953403469,missense|LC,1151399482,1,151399482,
TMEM41B,ENSG00000166471,0.100060219701002,0.553524660460126,0.0543638767672125,-0.000738764430371054,missense|LC,11009283372,11,9283372,
VARS2,ENSG00000137411,0.10007646568684,0.0612319176963233,0.112604503009885,-0.000669234055673743,missense|LC,6030909205,6,30909205,
PLEKHG1,ENSG00000120278,0.100175141553773,0.0555935564983849,0.460911182398298,0.000469359701361302,missense|LC,6150721071,6,150721071,
BLNK,ENSG00000095585,0.100210848740116,0.464213586020959,0.0590420889243417,0.000346322578266496,missense|LC,10096191862,10,96191862,
ME2,ENSG00000082212,0.100219201286769,0.0707336687980774,0.0949374685112334,-0.00153474608551958,missense|LC,18050895787,18,50895787,
GRM3,ENSG00000198822,0.100250650568056,0.0535093196754399,0.258276748239184,-0.00169879853033851,missense|LC,7086644727,7,86644727,
ZNF816,ENSG00000180257,0.100364019974689,0.960184263040517,0.055955599233307,0.0000109401283161932,missense|LC,19052949694,19,52949694,
IER5,ENSG00000162783,0.100467427504933,0.0601373088767526,0.121797590442642,0.000917996264258982,missense|LC,1181088820,1,181088820,
ARL5B,ENSG00000165997,0.100469747636862,0.0542975796866346,0.307757780676968,-0.00429883566650035,missense|LC,10018654996,10,18654996,
MED1,ENSG00000125686,0.100482484279532,0.0531449771159586,0.253538129466344,0.000851866119547257,missense|LC,17039401209,17,39401209,
FTO,ENSG00000140718,0.100512485005838,0.0579422090093406,0.444625999382455,-0.00080520743900198,missense|LC,16053700598,16,53700598,
PDE4DIP,ENSG00000178104,0.100527621284456,0.139694718130326,0.0668133497926385,-0.000754049268010039,missense|LC,1148889608,1,148889608,
PPIH,ENSG00000171960,0.10058287675646,0.150838751604982,0.0610321726289126,-0.00199439019304454,missense|LC,1042653433,1,42653433,
CRYBG1,ENSG00000112297,0.100609890638102,0.0526397406859235,0.379135623946357,0.000426522069528934,missense|LC,6106360793,6,106360793,
DARS1,ENSG00000115866,0.100767296751761,0.0598133767077997,0.192599420446015,-0.00132049855503337,missense|LC,2135907301,2,135907301,
TUBB8,ENSG00000261456,0.100778701961647,0.0589039802369569,0.144397320441845,-0.00109558773271733,missense|LC,10000047098,10,47098,
H4C2,ENSG00000278705,0.100786339404997,0.975046203712686,0.054555937054317,0.000018578144624176,missense|LC,6026021817,6,26021817,
HSD3B1,ENSG00000203857,0.100807779251177,0.724226441718172,0.0590924544564576,0.000095089804252202,missense|LC,1119507400,1,119507400,
BPNT2,ENSG00000104331,0.100846436161573,0.0568467774107578,0.430210270962965,-0.00154697872048312,missense|LC,8056963706,8,56963706,
HSD17B10,ENSG00000072506,0.100849136159617,0.0551690649911073,0.430971986779621,0.0026315928642209,missense|LC,23053426272,X,53426272,
ZNF776,ENSG00000152443,0.100856677319418,0.0983153857920026,0.0741677227345743,-0.00122627339154903,missense|LC,19057746965,19,57746965,
H3C10,ENSG00000278828,0.10090267965195,0.922519824193671,0.0551815191881017,0.000212930067471593,missense|LC,6027807362,6,27807362,
CYP4F8,ENSG00000186526,0.100917017125238,0.0747950457776363,0.0757242469438986,0.000737552160683799,missense|LC,19015611683,19,15611683,
CHST10,ENSG00000115526,0.100931462339222,0.890025542750442,0.0558249530350661,-0.0000762131913831324,missense|LC,2100393155,2,100393155,
CEP63,ENSG00000182923,0.100945813988333,0.0728181459218966,0.0984749681911192,0.000894082437934122,missense|LC,3134482766,3,134482766,
OR5AK2,ENSG00000181273,0.10099463184125,0.965189996967003,0.05251412490697,-0.0000355442205148699,missense|LC,11056988881,11,56988881,
IL10RA,ENSG00000110324,0.100995852198744,0.0573918509688166,0.601865027014409,0.000677524671409202,missense|LC,11117986390,11,117986390,
OAZ3,ENSG00000143450,0.101063311101569,0.521389017130593,0.0559688052345682,0.000739895707885887,missense|LC,1151762031,1,151762031,
RASA4B,ENSG00000170667,0.101083881219676,0.145461413695773,0.0629442282545304,-0.00205649501094992,missense|LC,7102478656,7,102478656,
TP73,ENSG00000078900,0.101227870712218,0.0553692805502455,0.549693438897351,0.00104756991575075,missense|LC,1003647523,1,3647523,
ATP1A3,ENSG00000105409,0.101255057479932,0.0570365022444597,0.427160970293405,-0.0014765725279453,missense|LC,19041966365,19,41966365,
C6orf120,ENSG00000185127,0.101295403988096,0.0607681454573836,0.110350275192456,0.00132984834647506,missense|LC,6169702437,6,169702437,
PRUNE1,ENSG00000143363,0.101310474167842,0.243139773180472,0.0617122094160221,0.000519753996236691,missense|LC,1151005981,1,151005981,
SGPP2,ENSG00000163082,0.1013290858343,0.699369562463304,0.0574637253381092,-0.000185516679735458,missense|LC,2222424526,2,222424526,
LMO2,ENSG00000135363,0.10140771864357,0.0543462370276415,0.299347264990852,0.00168341373139277,missense|LC,11033859311,11,33859311,
EFNA4,ENSG00000243364,0.101453970972415,0.0641770248663805,0.347154523256529,-0.00122285007197804,missense|LC,1155058761,1,155058761,
INPP1,ENSG00000151689,0.101459313155583,0.97120589568431,0.056301856728148,-0.0000197399139315054,missense|LC,2190360026,2,190360026,
GBP3,ENSG00000117226,0.101466755660271,0.217027402630009,0.0560648457206747,0.000601734976799708,missense|LC,1089007669,1,89007669,
DNAH7,ENSG00000118997,0.101473395817212,0.846488783533761,0.0526474218917544,-0.0000326678396617482,missense|LC,2195734800,2,195734800,
ENOX2,ENSG00000165675,0.101494560047719,0.0560456572927159,0.479211850896359,0.0013217984676916,missense|LC,23130625236,X,130625236,
ITPR2,ENSG00000123104,0.101516434383051,0.448438075799971,0.0549883876701167,0.000209960658574981,missense|LC,12026339342,12,26339342,
C21orf62,ENSG00000205929,0.101527571402681,0.0607438106032127,0.554245602422761,0.00119007498487572,missense|LC,21032793703,21,32793703,
POP7,ENSG00000172336,0.101547214923898,0.0688209564227709,0.161568145354296,-0.00123320117076753,missense|LC,7100706732,7,100706732,
SPINT2,ENSG00000167642,0.101550037421539,0.0622637325541536,0.121098531117906,-0.00101112585114818,missense|LC,19038264803,19,38264803,
BCL10,ENSG00000142867,0.101584723750709,0.538738562842953,0.0627597544473744,-0.000815802212393314,missense|LC,1085267565,1,85267565,
NFKBIE,ENSG00000146232,0.101602540963106,0.220915347723528,0.0637907725694969,-0.000617252960591013,missense|LC,6044253168,6,44253168,
FMC1-LUC7L2,ENSG00000269955,0.101608795954794,0.0975444010944763,0.0641583085055323,-0.000687912593731779,missense|LC,7139341219,7,139341219,
GTSF1L,ENSG00000124196,0.101623188108458,0.0587956729591451,0.138735093029251,0.00195066760442038,missense|LC,20043726209,20,43726209,
ZNF432,ENSG00000256087,0.101623407781266,0.0588651995335713,0.187406191458588,-0.000615486581511002,missense|LC,19052033633,19,52033633,
HSPA8,ENSG00000109971,0.101690874567426,0.0551235643000457,0.709768632215965,-0.00302040377843009,missense|LC,11123057671,11,123057671,
SFRP2,ENSG00000145423,0.101743614654072,0.0659616088279216,0.346596021060717,-0.00113550195347615,missense|LC,4153781379,4,153781379,
CREG1,ENSG00000143162,0.101770003145811,0.0636580803151767,0.166136538173696,0.00133297420852365,missense|LC,1167542219,1,167542219,
COQ10A,ENSG00000135469,0.101774594126584,0.0593828987990019,0.147597873917727,0.0018268676017071,missense|LC,12056266995,12,56266995,
DCAF5,ENSG00000139990,0.101795175714571,0.800933847855853,0.0588732496621962,0.000114552517670112,missense|LC,14069053778,14,69053778,
DNAI1,ENSG00000122735,0.101810942643478,0.765388535417405,0.0547783681651399,0.000151825842811337,missense|LC,9034458112,9,34458112,
BLOC1S3,ENSG00000189114,0.101825487623855,0.0610925920542708,0.112726774472665,0.00107633495459977,missense|LC,19045177968,19,45177968,
LYZL6,ENSG00000275722,0.101829661123845,0.465160532308904,0.0568808229226155,0.00094617428827954,missense|LC,17035930011,17,35930011,
TUBB4B,ENSG00000188229,0.101869076160074,0.0572803709087892,0.195760679730368,0.00444967022162276,missense|LC,9137236291,9,137236291,
SERHL2,ENSG00000183569,0.101873776391108,0.187773685360775,0.056413744735506,0.00099938527426782,missense|LC,22042553919,22,42553919,
DCPS,ENSG00000110063,0.101901553893623,0.0889098170019129,0.0687274382683227,-0.000669501307992664,missense|LC,11126303965,11,126303965,
FBXL3,ENSG00000005812,0.10190247953122,0.0563612354271229,0.482008294472079,-0.00288702256640173,missense|LC,13077000389,13,77000389,
ARL1,ENSG00000120805,0.101980829165621,0.270302057850086,0.0672072185256581,-0.00223723891432033,missense|LC,12101395586,12,101395586,
BCL6B,ENSG00000161940,0.101985508057014,0.214390261603398,0.0592899773213826,-0.00059738916041875,missense|LC,17007023574,17,7023574,
CCDC189,ENSG00000196118,0.102098081689985,0.0650955349331599,0.115860488422931,0.00118924639465523,missense|LC,16030753186,16,30753186,
LCE3E,ENSG00000185966,0.102169588418011,0.494623817450767,0.0582327568298657,-0.000648792444970659,missense|LC,1152565798,1,152565798,
PUM1,ENSG00000134644,0.102191477223028,0.059546432927517,0.345887817602102,0.00122203492450749,missense|LC,1030933093,1,30933093,
THEG,ENSG00000105549,0.102230181332169,0.927070234114777,0.0563862090550149,0.0000454315606507096,missense|LC,19000362127,19,362127,
LCE1D,ENSG00000172155,0.102249124421036,0.710466618323596,0.0601109396327125,0.000244331959216246,missense|LC,1152797738,1,152797738,
MORN3,ENSG00000139714,0.10225995978398,0.186511512101962,0.0612587148940964,-0.000955601981643327,missense|LC,12121652662,12,121652662,
ATP2B4,ENSG00000058668,0.102328751252665,0.220236097756784,0.0569066919742519,-0.000493448978288277,missense|LC,1203683106,1,203683106,
CCL26,ENSG00000006606,0.102335280759805,0.0584077387698944,0.242992078170063,0.00370242729634519,missense|LC,7075769662,7,75769662,
DPH6,ENSG00000134146,0.10234233425282,0.0595665756954549,0.492279767411863,0.000990034263974267,missense|LC,15035365880,15,35365880,
SNTB1,ENSG00000172164,0.102412749246138,0.0581337761579946,0.190310798052637,-0.000758986460165215,missense|LC,8120538836,8,120538836,
GPD1,ENSG00000167588,0.10243420291288,0.901219275192426,0.0577284423287462,0.0000567231245971713,missense|LC,12050099009,12,50099009,
BCL9,ENSG00000116128,0.102434418057579,0.0898175795790856,0.0717383075816089,0.000551751371511908,missense|LC,1147611763,1,147611763,
AMACR,ENSG00000242110,0.1024889136564,0.740843072100733,0.054758379627958,0.000406717411558189,missense|LC,5033984073,5,33984073,
FA2H,ENSG00000103089,0.102500798163159,0.308270602992818,0.0621286575459903,0.000491360007933371,missense|LC,16074714152,16,74714152,
OSBPL9,ENSG00000117859,0.102501391232468,0.834513149490848,0.0633033844412123,-0.000104489527887621,missense|LC,1051616943,1,51616943,
TBC1D2B,ENSG00000167202,0.102502356839024,0.262483422797265,0.071960388918866,0.000794663748267582,missense|LC,15077989989,15,77989989,
MTMR7,ENSG00000003987,0.102521775221425,0.0583622688083003,0.245013085667853,0.000735603711980187,missense|LC,8017299734,8,17299734,
GEM,ENSG00000164949,0.102543073085242,0.93099698457486,0.0567192703022179,0.0000803112813056732,missense|LC,8094250257,8,94250257,
PAGR1,ENSG00000280789,0.10259436158074,0.253807889331374,0.0546998985629084,0.00128815592121764,missense|LC,16029812957,16,29812957,
WNT2B,ENSG00000134245,0.10259792960368,0.857627353506747,0.0575150729298587,0.000122641643896872,missense|LC,1112508633,1,112508633,
TMEM209,ENSG00000146842,0.102604563331108,0.623616847200476,0.0573084109683319,-0.000247908687096167,missense|LC,7130166398,7,130166398,
GOSR2,ENSG00000108433,0.102621068589665,0.766382257884146,0.0558685151648761,0.000337992714169631,missense|LC,17046923159,17,46923159,
AC005670.2,ENSG00000262633,0.102621068589665,0.766382257884146,0.0558685151648761,0.000337992714169631,missense|LC,17046923159,17,46923159,
PALM3,ENSG00000187867,0.102647507349682,0.652498951435416,0.0694984104861314,-0.000152192713802496,missense|LC,19014048928,19,14048928,
GBP2,ENSG00000162645,0.10272794226521,0.255134719707516,0.0600328856025446,-0.000447675545999576,missense|LC,1089104345,1,89104345,
NYAP2,ENSG00000144460,0.102828105970488,0.0673771297323248,0.291777121042302,-0.000485291184290883,missense|LC,2225408844,2,225408844,
SLC16A3,ENSG00000141526,0.102911159889864,0.0546196458264909,0.532487304302098,0.000970496226711572,missense|LC,17082235948,17,82235948,
COPS7B,ENSG00000144524,0.102972026927003,0.0664642712078949,0.280985901101658,-0.00137459155448073,missense|LC,2231781758,2,231781758,
C8orf44-SGK3,ENSG00000288602,0.102986845921668,0.0601511116860814,0.322764311917621,-0.00143172331657044,missense|LC,8066664115,8,66664115,
GPR137,ENSG00000173264,0.103103603376406,0.0546660593972461,0.66019514490391,0.00150203883707525,missense|LC,11064284081,11,64284081,
N6AMT1,ENSG00000156239,0.103148969318652,0.175355108454728,0.0639188910459937,-0.00055981328660889,missense|LC,21028876348,21,28876348,
AMPD1,ENSG00000116748,0.103205105245146,0.0630943206940692,0.10950811395558,-0.000774599227076176,missense|LC,1114673041,1,114673041,
SLC7A7,ENSG00000155465,0.103228854875334,0.424070809177326,0.0592522269728561,-0.000413281409627699,missense|LC,14022769712,14,22769712,
CCDC182,ENSG00000166329,0.103236071930038,0.19889576202839,0.0570057566281796,0.0012251455008215,missense|LC,17057744766,17,57744766,
OR51D1,ENSG00000197428,0.103248027820173,0.910031289411685,0.0626580032895767,0.0000526011913581613,missense|LC,11004639704,11,4639704,
SPOCD1,ENSG00000134668,0.103257821031335,0.0774899187458581,0.119443798728363,-0.000280294091721439,missense|LC,1031790531,1,31790531,
FAM181B,ENSG00000182103,0.103323564109462,0.671613536497226,0.0595459454531505,0.000159920699292552,missense|LC,11082732368,11,82732368,
RHEBL1,ENSG00000167550,0.103329032919326,0.0921254425494242,0.0664910340876012,0.00248146173282236,missense|LC,12049065064,12,49065064,
KRTAP10-1,ENSG00000215455,0.103409474270444,0.382210458977409,0.0593433023658001,0.000306476359790469,missense|LC,21044539144,21,44539144,
CPS1,ENSG00000021826,0.103449646702726,0.123170847952183,0.0615137205407817,-0.000617214015793748,missense|LC,2210476274,2,210476274,
PLCL1,ENSG00000115896,0.103470210898915,0.0713455659302122,0.168408547314576,0.00167561013619393,missense|LC,2197804983,2,197804983,
BRPF3,ENSG00000096070,0.103503217129704,0.0782185815268607,0.0781931390110997,-0.000582783327706627,missense|LC,6036200180,6,36200180,
ZNF862,ENSG00000106479,0.103528183543391,0.0588729449305196,0.16116424014785,-0.000703619980671727,missense|LC,7149833731,7,149833731,
SPDYE5,ENSG00000170092,0.10358610052638,0.0577612006879544,0.222544623366187,0.000529108094089782,missense|LC,7075493588,7,75493588,
GREB1,ENSG00000196208,0.103607964350859,0.977925589532144,0.0557742473787417,0.00000249530162183733,missense|LC,2011556551,2,11556551,
AC104389.5,ENSG00000239920,0.103787523426189,0.0603530975884861,0.644499898939973,0.00366374092781275,missense|LC,11005253153,11,5253153,
SLC35F6,ENSG00000213699,0.103789397868817,0.0540732059158775,0.5138568072664,0.00213850888855766,missense|LC,2026764245,2,26764245,
TDRD10,ENSG00000163239,0.103856654932208,0.462110539724306,0.0608448523991982,0.000456114703675678,missense|LC,1154498993,1,154498993,
WNT9A,ENSG00000143816,0.103897819222678,0.0591207033738369,0.215218789974125,0.00126853221826911,missense|LC,1227921375,1,227921375,
GRK4,ENSG00000125388,0.103899823255907,0.0746649493954717,0.332786511712725,0.00119173412452178,missense|LC,4002963030,4,2963030,
PNISR,ENSG00000132424,0.103949096905293,0.252890133352171,0.0588584935701446,-0.000379279992236402,missense|LC,6099394020,6,99394020,
IL1RN,ENSG00000136689,0.103959292763926,0.363781385699041,0.0570184445149787,-0.00111093306639991,missense|LC,2113118007,2,113118007,
MYLK,ENSG00000065534,0.103979230302528,0.297187426513892,0.0548558524611784,-0.000307735577536271,missense|LC,3123614005,3,123614005,
MEF2D,ENSG00000116604,0.103996435989072,0.0624932814794793,0.13016827503136,-0.000869925211150522,missense|LC,1156467563,1,156467563,
HERPUD1,ENSG00000051108,0.10412511733731,0.377220212512824,0.0589193136951116,0.000787881653879013,missense|LC,16056931990,16,56931990,
ADAR,ENSG00000160710,0.104139504785204,0.373139797101446,0.0594627502905114,0.000423518283150026,missense|LC,1154584753,1,154584753,
TXN2,ENSG00000100348,0.104184386705216,0.0797610744649104,0.078631600133093,-0.00211726709512074,missense|LC,22036467748,22,36467748,
WNT5A,ENSG00000114251,0.104196955721563,0.619795330886953,0.0543972038747769,0.000699807622993516,missense|LC,3055469984,3,55469984,
NIPSNAP3B,ENSG00000165028,0.104204088290709,0.327355942680724,0.0604880673686593,0.000506426019718933,missense|LC,9104759131,9,104759131,
TBX22,ENSG00000122145,0.104293613363608,0.884828869940338,0.0572793830836135,0.000109651312622076,missense|LC,23080022209,X,80022209,
TRPC7,ENSG00000069018,0.104330848710151,0.132065561787787,0.0589334328127792,-0.000820707405356393,missense|LC,5136213344,5,136213344,
CLEC12B,ENSG00000256660,0.104350479584047,0.072406284964599,0.0891545995774587,-0.00143160260338134,missense|LC,12010010736,12,10010736,
IFTAP,ENSG00000166352,0.104456494345313,0.566294405582938,0.0617170656847861,-0.000476557699063602,missense|LC,11036592472,11,36592472,
APOL5,ENSG00000128313,0.104504844481579,0.420923263426025,0.0586698417632094,0.000514145256635123,missense|LC,22035717815,22,35717815,
SYNGR3,ENSG00000127561,0.10450737661349,0.0708814278272635,0.341847873501545,0.00110205648157341,missense|LC,16001984971,16,1984971,
R3HDM2,ENSG00000179912,0.104515833026549,0.584368570866155,0.060034328216638,0.00027058947887111,missense|LC,12057254776,12,57254776,
TMEM185B,ENSG00000226479,0.104587099630914,0.0613394371329856,0.14601722247092,-0.00136915677235229,missense|LC,2120221868,2,120221868,
HSFX3,ENSG00000283697,0.104669332827953,0.0629063330155326,0.144368753806763,-0.00124118920115567,missense|LC,23149544448,X,149544448,
IL22RA1,ENSG00000142677,0.104719704811725,0.062974488907706,0.492809672182575,-0.000760724254608328,missense|LC,1024120755,1,24120755,
PNMA2,ENSG00000240694,0.104724369634707,0.061636613177996,0.138222281289439,0.00138576348910824,missense|LC,8026507587,8,26507587,
TFAP2D,ENSG00000008197,0.104795731802653,0.0903717476813929,0.0719458842052372,-0.00105823414639642,missense|LC,6050713939,6,50713939,
OR10C1,ENSG00000206474,0.104818686794959,0.0669320725434104,0.226997960091557,-0.000208617788359074,missense|LC,6029439966,6,29439966,
PNPLA2,ENSG00000177666,0.104853996062232,0.057718121953736,0.317341111766466,0.000729093160480559,missense|LC,11000819332,11,819332,
THOC1,ENSG00000079134,0.104877179122659,0.0637116451803363,0.261499848253349,0.00140995757184893,missense|LC,18000209926,18,209926,
SIRPB1,ENSG00000101307,0.104940461775816,0.05843980270768,0.382168938573168,-0.000769062356077368,missense|LC,20001557503,20,1557503,
CCDC80,ENSG00000091986,0.104979658711051,0.0593805738812627,0.20509773599109,-0.000693126325701438,missense|LC,3112605392,3,112605392,
DUSP27,ENSG00000198842,0.10503609524641,0.0565181481484135,0.283454707048232,0.000492442602873459,missense|LC,1167090198,1,167090198,
HSPA1A,ENSG00000204389,0.10503727044669,0.652763675554824,0.0579341378054699,-0.000577968921800011,missense|LC,6031810544,6,31810544,
SGCA,ENSG00000108823,0.105075068483007,0.0576744782026231,0.401484398583195,0.00113593332099544,missense|LC,17050165982,17,50165982,
AL049839.2,ENSG00000273259,0.105122124188812,0.0634383622051885,0.597054702226578,0.00570710745725298,missense|LC,14094587282,14,94587282,
HOXD13,ENSG00000128714,0.105215316568291,0.0623759318635809,0.236081511844083,-0.000875660379148441,missense|LC,2176092834,2,176092834,
MSRB1,ENSG00000198736,0.105265103233773,0.862058634385948,0.06331166733635,-0.000110744399090699,missense|LC,16001939007,16,1939007,
CD34,ENSG00000174059,0.105350509569107,0.54800533534509,0.0612612001522588,-0.000331020848663101,missense|LC,1207887608,1,207887608,
RBMS3,ENSG00000144642,0.10546178657908,0.0597635720714172,0.158474643288858,0.00162938421985318,missense|LC,3029281630,3,29281630,
RC3H2,ENSG00000056586,0.105462480003613,0.0562626205086217,0.754261754073456,-0.000908021465521331,missense|LC,9122849596,9,122849596,
CGB7,ENSG00000196337,0.105572585053026,0.0561804717329812,0.307018277236893,-0.00249207361785596,missense|LC,19049050211,19,49050211,
LNPK,ENSG00000144320,0.105613193715183,0.0607684863021966,0.388058682941721,0.00139631974119813,missense|LC,2175929043,2,175929043,
TEAD3,ENSG00000007866,0.105640428254942,0.0606997731225878,0.219863419677049,0.00171359971555535,missense|LC,6035468599,6,35468599,
DEF8,ENSG00000140995,0.105655964193005,0.134313513708761,0.0610384576506307,0.000960638646818601,missense|LC,16089948515,16,89948515,
ASIC5,ENSG00000256394,0.105735559195304,0.0590803122241408,0.664930429092612,0.0010451498849213,missense|LC,4155829822,4,155829822,
ORC5,ENSG00000164815,0.105765284727106,0.0621373271999468,0.524586420231202,-0.00102816834384659,missense|LC,7104126805,7,104126805,
WDCP,ENSG00000163026,0.10580178802379,0.0622583687847066,0.1175590454176,0.000840502971960249,missense|LC,2024024350,2,24024350,
SVOP,ENSG00000166111,0.10580825077415,0.0562227570858637,0.387145086978652,0.00178086183403526,missense|LC,12108912112,12,108912112,
ANKRD28,ENSG00000206560,0.105869994114247,0.150030250552133,0.0591655437617788,0.000728460594138744,missense|LC,3015670170,3,15670170,
SGK3,ENSG00000104205,0.105872581586798,0.0618888603693689,0.321053062369047,-0.00142447203873229,missense|LC,8066793664,8,66793664,
CNR2,ENSG00000188822,0.105885862746867,0.0641994452746744,0.209905723219915,-0.000947195869342994,missense|LC,1023865516,1,23865516,
AMH,ENSG00000104899,0.105902588629735,0.70982764653989,0.0570253648040669,0.000111805729637384,missense|LC,19002244492,19,2244492,
EPS8L2,ENSG00000177106,0.105947902071392,0.0569775107710411,0.841912340695695,-0.000665617775098416,missense|LC,11000702860,11,702860,
PIGQ,ENSG00000007541,0.106002613795396,0.865917929318814,0.0591524311848369,-0.0000477628673672564,missense|LC,16000565018,16,565018,
ZNF30,ENSG00000168661,0.106012126065385,0.10418601376797,0.065049419547811,-0.000581714617317962,missense|LC,19034929872,19,34929872,
TMEM184B,ENSG00000198792,0.106026024910126,0.0650720656661308,0.374789259045522,0.00113409067469395,missense|LC,22038214336,22,38214336,
BDP1,ENSG00000145734,0.106056049992739,0.646516910154925,0.0558103555718061,0.0000991065467549846,missense|LC,5071455804,5,71455804,
C1orf146,ENSG00000203910,0.106060052234904,0.062828358912239,0.15315349099743,-0.00206245343325498,missense|LC,1092231381,1,92231381,
PRR12,ENSG00000126464,0.106122492708936,0.396231138437471,0.0563469792070361,-0.000175012578726322,missense|LC,19049588386,19,49588386,
SULT4A1,ENSG00000130540,0.106201750329399,0.0564725974804384,0.526078587644362,-0.00316111573210308,missense|LC,22043825937,22,43825937,
JAK1,ENSG00000162434,0.10620345573571,0.24003487666606,0.0590530445025631,-0.000651222705185607,missense|LC,1064830769,1,64830769,
GPR27,ENSG00000170837,0.106259727524366,0.493920871078919,0.0570252169511016,0.000618077579759789,missense|LC,3071753898,3,71753898,
EBAG9,ENSG00000147654,0.106316983619401,0.0596643477475556,0.871290761225367,0.00298435138716082,missense|LC,8109550791,8,109550791,
GNPNAT1,ENSG00000100522,0.106341906430276,0.193891035061858,0.0574261300991759,0.00269381785640779,missense|LC,14052770959,14,52770959,
ARL2BP,ENSG00000102931,0.106349612683442,0.0638244374917943,0.24253150211892,0.00287873988059677,missense|LC,16057245265,16,57245265,
SYT12,ENSG00000173227,0.106381260546725,0.0626859468416041,0.411391164404965,0.000899583245378396,missense|LC,11067030051,11,67030051,
OR11A1,ENSG00000204694,0.10639977065897,0.11219341737754,0.0654717890025136,0.000679590982725457,missense|LC,6029426638,6,29426638,
AADAC,ENSG00000114771,0.106409387165726,0.0681131495011421,0.219138340159746,0.000887801528978501,missense|LC,3151814048,3,151814048,
SIMC1,ENSG00000170085,0.106432062657267,0.0579242147467467,0.690299397993405,0.000724257735041114,missense|LC,5176238351,5,176238351,
SLC4A7,ENSG00000033867,0.106434302552641,0.199895826579026,0.0583260550177226,0.000623640469977097,missense|LC,3027376744,3,27376744,
POC5,ENSG00000152359,0.106452334839472,0.061498892993457,0.367493712659817,0.000858355293204355,missense|LC,5075669136,5,75669136,
FDX2,ENSG00000267673,0.106536333314317,0.0577017619096477,0.434749521204443,0.00310425450839153,missense|LC,19010305046,19,10305046,
URI1,ENSG00000105176,0.106577543002351,0.071219649645013,0.106069365478735,-0.00114578762442134,missense|LC,19029942133,19,29942133,
ROS1,ENSG00000047936,0.106654461622805,0.779187148867458,0.0569109157689407,-0.0000678390037418022,missense|LC,6117288439,6,117288439,
ITGA6,ENSG00000091409,0.106726822082894,0.0669060447802076,0.110368575225858,0.000658117664959703,missense|LC,2172427171,2,172427171,
ZG16B,ENSG00000162078,0.106743898648008,0.392050409641126,0.0600151691415893,-0.000564515339910633,missense|LC,16002830167,16,2830167,
SOCS2,ENSG00000120833,0.106761897706904,0.632774304804091,0.0581851038023765,0.000691638641924412,missense|LC,12093572788,12,93572788,
PMF1-BGLAP,ENSG00000260238,0.10677902150466,0.0741772544839759,0.088553761327143,-0.000705980498923507,missense|LC,1156208017,1,156208017,
AP5M1,ENSG00000053770,0.10679884763687,0.064156262580741,0.164845752887125,-0.00101910864429908,missense|LC,14057268397,14,57268397,
TCEAL3,ENSG00000196507,0.106879756259895,0.0625854352479487,0.337552523295039,-0.00316360931249157,missense|LC,23103608926,X,103608926,
ACTR3B,ENSG00000133627,0.106887158390958,0.941370426954767,0.0585502917725733,-0.0000798869847021382,missense|LC,7152759778,7,152759778,
MACROH2A1,ENSG00000113648,0.107024806184859,0.0935723473228978,0.0743146838876233,-0.00258330730392928,missense|LC,5135334050,5,135334050,
PREB,ENSG00000138073,0.107049957925536,0.591743597578251,0.0611655824575171,0.000388431218643901,missense|LC,2027128338,2,27128338,
ZWINT,ENSG00000122952,0.107052157568807,0.243811151807192,0.0602207624831561,-0.000851361608611978,missense|LC,10056358337,10,56358337,
SPATA31E1,ENSG00000177992,0.1070536065593,0.0734403770932078,0.120999989222627,0.000412337697481714,missense|LC,9087882807,9,87882807,
GZMK,ENSG00000113088,0.107071285262542,0.47144601078085,0.0762813800058215,0.000411852402648277,missense|LC,5055024337,5,55024337,
TGM6,ENSG00000166948,0.107136696139701,0.488420912583907,0.0583753235233828,-0.000250069563884649,missense|LC,20002380859,20,2380859,
ATG9A,ENSG00000198925,0.107160965349794,0.280330153419357,0.0582062555252121,0.00046694781000058,missense|LC,2219214388,2,219214388,
SQSTM1,ENSG00000161011,0.107177870323653,0.0605454440783878,0.183984189181892,-0.000770930239614949,missense|LC,5179820837,5,179820837,
POT1,ENSG00000128513,0.107181808308555,0.62986100885885,0.0675109131184881,-0.000231496783084272,missense|LC,7124823938,7,124823938,
LYPD2,ENSG00000197353,0.10720814688001,0.0590934318070586,0.483623863369241,-0.00241747421226745,missense|LC,8142750212,8,142750212,
TEX45,ENSG00000198723,0.107232215623827,0.0637078226019845,0.288773887267618,0.0007415929406392,missense|LC,19007500734,19,7500734,
CRY2,ENSG00000121671,0.107283054035347,0.629561767742977,0.0559620684849121,-0.000349702893725118,missense|LC,11045847110,11,45847110,
KCNJ18,ENSG00000260458,0.107287447734298,0.849675547465035,0.0605590292045226,0.0000559632629747147,missense|LC,17021702693,17,21702693,
MOSPD2,ENSG00000130150,0.107316330426768,0.568569941637407,0.0622749912462535,-0.000391323917122612,missense|LC,23014873426,X,14873426,
GNG7,ENSG00000176533,0.107363393141395,0.360423316320965,0.061062868009785,0.00189106597414041,missense|LC,19002511719,19,2511719,
EFEMP2,ENSG00000172638,0.107375591759687,0.0631439354331901,0.242914385561092,0.000902740569432866,missense|LC,11065861453,11,65861453,
SNX27,ENSG00000143376,0.107404647506277,0.0619037156737792,0.376815819864329,0.000781604876374139,missense|LC,1151612083,1,151612083,
FGFBP2,ENSG00000137441,0.107430802371782,0.064935684828817,0.202968406048915,-0.000933514500504543,missense|LC,4015962360,4,15962360,
PRDX1,ENSG00000117450,0.107477572375523,0.0597537709023166,0.380041956821537,0.00226748848520233,missense|LC,1045507288,1,45507288,
TBC1D10A,ENSG00000099992,0.10755452920749,0.110969455355871,0.0650474732225763,0.00110640319026863,missense|LC,22030286994,22,30286994,
NME4,ENSG00000103202,0.107583028367776,0.0630502529274517,0.14685663913891,-0.00111061829423099,missense|LC,16000397176,16,397176,
AURKA,ENSG00000087586,0.107586593134226,0.124973951480532,0.0645957720311358,-0.00195904271159525,missense|LC,20056365007,20,56365007,
BORCS7,ENSG00000166275,0.107668723450327,0.528451895131647,0.0591501946712012,0.0012466316080462,missense|LC,10102854182,10,102854182,
BORCS7-ASMT,ENSG00000270316,0.107668723450327,0.528451895131647,0.0591501946712012,0.0012466316080462,missense|LC,10102854182,10,102854182,
PROP1,ENSG00000175325,0.107742105882791,0.0648320276422649,0.156336996422008,0.00115115157712889,missense|LC,5177992671,5,177992671,
ZNF177,ENSG00000188629,0.107765065334904,0.0701690460134161,0.0909737196979341,-0.000702763443106432,missense|LC,19009378178,19,9378178,
TRIM59,ENSG00000213186,0.107791882937051,0.0631911624488096,0.589223177889188,-0.000871080642083697,missense|LC,3160430525,3,160430525,
PPFIBP1,ENSG00000110841,0.10780697029698,0.0596061805175911,0.270605486626309,0.000705570406825474,missense|LC,12027592572,12,27592572,
MAPRE2,ENSG00000166974,0.107853210188549,0.101908754489831,0.068647893521546,0.00349127188236058,missense|LC,18035041243,18,35041243,
OPN3,ENSG00000054277,0.10787390652416,0.0681224872761488,0.583108618476716,0.000862190007620381,missense|LC,1241588707,1,241588707,
BACE1,ENSG00000186318,0.107890680516631,0.0611710565011276,0.531602029228367,0.0013934350674276,missense|LC,11117280209,11,117280209,
PCDH19,ENSG00000165194,0.107929100399619,0.0603274865440607,0.320332881669159,0.000656476839447836,missense|LC,23100296254,X,100296254,
LRRTM4,ENSG00000176204,0.107975299319147,0.964233271319421,0.0688738381684727,-0.0000154673869406408,missense|LC,2076748660,2,76748660,
MYMK,ENSG00000187616,0.107989818132286,0.0675078721571729,0.259350101756612,-0.0012778614561198,missense|LC,9133514514,9,133514514,
CHAC2,ENSG00000143942,0.108006436982725,0.0638995630189989,0.464593467075309,0.00101897588681705,missense|LC,2053765255,2,53765255,
NAF1,ENSG00000145414,0.108053578019022,0.0662200031023747,0.108828239989486,-0.000700514824284269,missense|LC,4163126839,4,163126839,
DKK3,ENSG00000050165,0.108185173148437,0.0727138086593926,0.220996546199215,0.00107918393838454,missense|LC,11011964392,11,11964392,
DPEP3,ENSG00000141096,0.10820136519453,0.0616404001840463,0.537785342333683,0.000788339480691152,missense|LC,16067975693,16,67975693,
NETO2,ENSG00000171208,0.108236869977448,0.0601537092200123,0.198533322429804,0.00147823700101382,missense|LC,16047083148,16,47083148,
TXNDC2,ENSG00000168454,0.108283014867703,0.0622015980268091,0.178399616749818,0.000675664738595918,missense|LC,18009886127,18,9886127,
KIF13B,ENSG00000197892,0.108313717982677,0.453932652718352,0.0573787454726282,-0.000226908604224898,missense|LC,8029070407,8,29070407,
TMEM220,ENSG00000187824,0.108335960586142,0.935952678285727,0.0700747057398027,-0.0000258976709969148,missense|LC,17010710756,17,10710756,
AC068831.6,ENSG00000284946,0.108337968521176,0.0787110737622839,0.0929313755608431,-0.0033019223413834,missense|LC,15090961524,15,90961524,
TRIM29,ENSG00000137699,0.108394185951302,0.065229497213866,0.123962903640515,0.000645935282767524,missense|LC,11120112312,11,120112312,
CYP3A4,ENSG00000160868,0.108414753701579,0.417142138572907,0.0634655148679775,-0.000283023238681114,missense|LC,7099758087,7,99758087,
TBX2,ENSG00000121068,0.108426558891707,0.0606465077075973,0.221278137563761,-0.000797169682607179,missense|LC,17061400100,17,61400100,
LRRC40,ENSG00000066557,0.108494529726159,0.0627615721505135,0.441673432184071,-0.000608253153762395,missense|LC,1070145793,1,70145793,
TMEM235,ENSG00000204278,0.108538536015801,0.170079980992334,0.0608075962294105,-0.000798223676668355,missense|LC,17078231316,17,78231316,
CATSPERB,ENSG00000133962,0.108587408465044,0.0606860697660527,0.288130791427574,-0.000719160524465938,missense|LC,14091580846,14,91580846,
ATP5MF,ENSG00000241468,0.108646509853773,0.0787065106582872,0.112589446231467,0.00124819912342659,missense|LC,7099453887,7,99453887,
CST8,ENSG00000125815,0.108666605141352,0.0593900763359317,0.500707042587524,-0.00200521810442192,missense|LC,20023491617,20,23491617,
UBE2E1,ENSG00000170142,0.108726967276369,0.133705251409637,0.0628310077717485,-0.00363447974214209,missense|LC,3023807158,3,23807158,
DND1,ENSG00000256453,0.108743889328476,0.154430784443988,0.0613091357803927,0.00131391902573345,missense|LC,5140666544,5,140666544,
ZFR,ENSG00000056097,0.108756119435554,0.720693405056209,0.05744513590016,0.00029599652378024,missense|LC,5032355687,5,32355687,
WDR77,ENSG00000116455,0.108769840171823,0.11545668205468,0.0727780972861504,0.00211686707916503,missense|LC,1111441116,1,111441116,
EEF1E1,ENSG00000124802,0.108781757788136,0.336661920690936,0.0584160212954475,-0.00183754839161991,missense|LC,6008078564,6,8078564,
TCEAL7,ENSG00000182916,0.108807020449609,0.0630878963213606,0.199955710485669,0.00376457674093581,missense|LC,23103331338,X,103331338,
HUNK,ENSG00000142149,0.108829779574569,0.0735982350090463,0.0951012700289893,0.000882476422276251,missense|LC,21031873559,21,31873559,
RPS5,ENSG00000083845,0.108871355313492,0.252668916338257,0.0658302891968044,-0.00202485328738759,missense|LC,19058388096,19,58388096,
LCE2A,ENSG00000187173,0.108886361214268,0.107227958934805,0.0670733946955429,0.00101487677571502,missense|LC,1152698823,1,152698823,
A4GALT,ENSG00000128274,0.108892651902366,0.379352511424315,0.0573740742979847,-0.000673285286733311,missense|LC,22042692793,22,42692793,
ZNF69,ENSG00000198429,0.108969714718364,0.111454360680865,0.0813834266620566,0.00116538833866114,missense|LC,19011887856,19,11887856,
HTR7,ENSG00000148680,0.109011002211702,0.664612078258331,0.0653429921889829,0.000203887481065809,missense|LC,10090742440,10,90742440,
TGIF2-RAB5IF,ENSG00000259399,0.109042078004208,0.0586009357699262,0.656525726767877,0.0042859831488484,missense|LC,20036578639,20,36578639,
TOR3A,ENSG00000186283,0.109091699744649,0.0649599243012436,0.122286082282715,0.000916477712370803,missense|LC,1179081989,1,179081989,
ACD,ENSG00000102977,0.1091281504065,0.177731130029878,0.0615461148529872,-0.000623828759401917,missense|LC,16067652517,16,67652517,
TBC1D21,ENSG00000167139,0.109236298465543,0.0659861215293472,0.372886229054518,0.00101577606188666,missense|LC,15073873621,15,73873621,
NUP205,ENSG00000155561,0.109241327339446,0.262171848324807,0.0594731335416818,-0.000310780344766458,missense|LC,7135557890,7,135557890,
G3BP2,ENSG00000138757,0.109258947374969,0.842329668290489,0.0578165547353084,0.00030372567104967,missense|LC,4075645349,4,75645349,
GFOD1,ENSG00000145990,0.109267241112717,0.0573924924938745,0.663114646745216,-0.0021627352034261,missense|LC,6013364682,6,13364682,
SH3PXD2A,ENSG00000107957,0.109352165591007,0.717349675253407,0.0604815491491651,-0.000108230820166581,missense|LC,10103589415,10,103589415,
PHF8,ENSG00000172943,0.109418619412256,0.966537883702184,0.0681083177787446,0.00000106055798963357,missense|LC,23053937942,X,53937942,
LCE3D,ENSG00000163202,0.109420674310625,0.0619508125114097,0.442737814481985,-0.00157613056934697,missense|LC,1152579524,1,152579524,
SLC26A6,ENSG00000225697,0.109436127642846,0.158904955927301,0.0634483945607174,-0.000487737391798948,missense|LC,3048620766,3,48620766,
CRYBG2,ENSG00000176092,0.109452016068164,0.24866810908899,0.0579530947637552,0.000279048365260008,missense|LC,1026317964,1,26317964,
C11orf49,ENSG00000149179,0.109524723314767,0.100725897809566,0.126735766559265,0.00113840234455517,missense|LC,11046936609,11,46936609,
ZNF597,ENSG00000167981,0.109528537062256,0.63962507702027,0.0633625752666638,-0.000207496991290206,missense|LC,16003436352,16,3436352,
CABIN1,ENSG00000099991,0.109532853433308,0.575084590476575,0.0585963176058314,-0.000140925094540758,missense|LC,22024035413,22,24035413,
IL17RD,ENSG00000144730,0.109546801068722,0.0756803381656401,0.111865852318739,-0.000811439268373498,missense|LC,3057096363,3,57096363,
SERINC1,ENSG00000111897,0.10955586114516,0.821392699462294,0.0659853656380001,-0.000115525473789374,missense|LC,6122444958,6,122444958,
PIP,ENSG00000159763,0.109578861253392,0.0796450607099176,0.259759905825609,-0.000872325223074249,missense|LC,7143132006,7,143132006,
NTN3,ENSG00000162068,0.109677001657047,0.216735124712683,0.0603240745748861,0.000307495800101929,missense|LC,16002471627,16,2471627,
LYPD6B,ENSG00000150556,0.109678794847033,0.0818979111013212,0.077956726420397,0.00133404294875317,missense|LC,2149130905,2,149130905,
DACH2,ENSG00000126733,0.109720152108009,0.383217151033672,0.0599446284383721,0.000332831701476373,missense|LC,23086148538,X,86148538,
HNRNPCL2,ENSG00000275774,0.109733810399647,0.0622597805353382,0.217272101049886,0.000743602770206003,missense|LC,1013115425,1,13115425,
RDH14,ENSG00000240857,0.109743440661868,0.251997205403991,0.06470674962228,0.000692956203830865,missense|LC,2018555045,2,18555045,
PAIP2B,ENSG00000124374,0.109761024515029,0.649061493599176,0.0599451031811404,0.00114997679176952,missense|LC,2071178547,2,71178547,
ABHD14B,ENSG00000114779,0.109778197994112,0.076363495723405,0.209734221622216,-0.000954830019035439,missense|LC,3051969332,3,51969332,
ADAMTS15,ENSG00000166106,0.109806925679379,0.0669841485771443,0.126322588387934,-0.000600113373586451,missense|LC,11130448974,11,130448974,
FBXO47,ENSG00000204952,0.109836817582259,0.07502532006959,0.0920674117182234,-0.0011100293614784,missense|LC,17038937180,17,38937180,
CCDC96,ENSG00000173013,0.109886811035697,0.0784058842454235,0.0997799223123468,-0.00108232224471651,missense|LC,4007041119,4,7041119,
NRXN3,ENSG00000021645,0.10992069867799,0.0624391304992596,0.170474775257896,-0.000993674405425322,missense|LC,14078243042,14,78243042,
C5orf49,ENSG00000215217,0.109967158888989,0.0721569191141231,0.267354016475716,0.000636999559692559,missense|LC,5007826624,5,7826624,
CTNNBL1,ENSG00000132792,0.110133870508985,0.774362136226469,0.0608133311395419,-0.000183497729468158,missense|LC,20037694027,20,37694027,
FBP2,ENSG00000130957,0.110188555612196,0.321873020457776,0.0675833043017546,0.000406650879326936,missense|LC,9094558873,9,94558873,
ONECUT1,ENSG00000169856,0.110231979175249,0.0615255594800291,0.449174314408,0.00116150961548519,missense|LC,15052757469,15,52757469,
C10orf82,ENSG00000165863,0.110270048647087,0.059181951860874,0.714803183521123,0.00180589460027486,missense|LC,10116663797,10,116663797,
RDH13,ENSG00000160439,0.110324005540638,0.42338164756856,0.0588284159705983,-0.0005278459557754,missense|LC,19055045025,19,55045025,
MTTP,ENSG00000138823,0.110343196570237,0.149582251205872,0.0653959696098199,-0.000571579609992874,missense|LC,4099559085,4,99559085,
RAD1,ENSG00000113456,0.110365957540555,0.0763305525931108,0.102844100840419,-0.00097284310692346,missense|LC,5034908700,5,34908700,
PPIP5K1,ENSG00000168781,0.11036683017669,0.471155490056384,0.0634791309674547,-0.000579031070465153,missense|LC,15043528462,15,43528462,
C9orf152,ENSG00000188959,0.110435405423234,0.0589431922914626,0.70226449430468,-0.0019085932033591,missense|LC,9110200868,9,110200868,
CST7,ENSG00000077984,0.110436444189091,0.0626423921900838,0.405146524686204,0.00192832095673585,missense|LC,20024949272,20,24949272,
CPT1C,ENSG00000169169,0.110464167574529,0.109976549468367,0.0675993048989328,0.000485309375367043,missense|LC,19049686125,19,49686125,
HDDC2,ENSG00000111906,0.110482259402323,0.0637578657994538,0.457541309525608,0.00118016092707393,missense|LC,6125276132,6,125276132,
KRTAP12-4,ENSG00000212933,0.110501471578093,0.0640436360480207,0.169126501852943,-0.00264282064136225,missense|LC,21044654219,21,44654219,
OFD1,ENSG00000046651,0.110548830015317,0.0604661871212101,0.40749914259105,-0.00105091106876917,missense|LC,23013734613,X,13734613,
ZNF787,ENSG00000142409,0.110563200319817,0.284237635665769,0.0634857104281736,0.00038644556856202,missense|LC,19056087850,19,56087850,
MYO1G,ENSG00000136286,0.11059376810736,0.0613508461204397,0.295408670374531,0.000669775197288195,missense|LC,7044962606,7,44962606,
VAX1,ENSG00000148704,0.110649852293437,0.0659169056390939,0.143402897220845,-0.00161114733233517,missense|LC,10117132127,10,117132127,
GPR171,ENSG00000174946,0.110727417952696,0.0991951925481915,0.0854712079068375,0.00212976948761736,missense|LC,3151193444,3,151193444,
GPR20,ENSG00000204882,0.110749729589724,0.0654362742306163,0.455886148118836,-0.000729817943798187,missense|LC,8141356804,8,141356804,
SLC28A2,ENSG00000137860,0.110800249778737,0.252833770589107,0.0639024953688228,0.000358204334782271,missense|LC,15045253168,15,45253168,
SLC28A1,ENSG00000156222,0.110814940167131,0.178028459652293,0.0637905207647796,-0.000477431337635313,missense|LC,15084884631,15,84884631,
SLC43A2,ENSG00000167703,0.110819359986524,0.0868946304167848,0.0862459433000915,-0.00120819427344101,missense|LC,17001575493,17,1575493,
CAPS,ENSG00000105519,0.110910342464164,0.0644350251110873,0.149329981582334,0.0008902172549613,missense|LC,19005914018,19,5914018,
LAMA4,ENSG00000112769,0.111074641409663,0.839877293801191,0.0599318068393351,-0.0000732777496196246,missense|LC,6112109353,6,112109353,
IGDCC4,ENSG00000103742,0.111084082161712,0.688111939468462,0.0614117863507394,-0.000118957826356396,missense|LC,15065377571,15,65377571,
TRMO,ENSG00000136932,0.111115129950266,0.0601439663715007,0.351999924627997,-0.00111238771147908,missense|LC,9097900694,9,97900694,
BTF3,ENSG00000145741,0.11115081677389,0.0729598661570801,0.141319091753319,0.00333051173426964,missense|LC,5073498516,5,73498516,
PPP1R13B,ENSG00000088808,0.111172027545505,0.174793850702292,0.0610380415553261,-0.000525170471715513,missense|LC,14103728835,14,103728835,
ZFAND4,ENSG00000172671,0.111173662900686,0.228698179933868,0.0649800450965701,0.000451777986101028,missense|LC,10045616330,10,45616330,
SPZ1,ENSG00000164299,0.111215281548525,0.521716723987515,0.0663863127517159,-0.000288191043783217,missense|LC,5080320163,5,80320163,
BHMT,ENSG00000145692,0.111345460276216,0.287885788100544,0.0764453995640579,-0.000504540259044581,missense|LC,5079111762,5,79111762,
SPOCK3,ENSG00000196104,0.111373219682638,0.0698950671186678,0.612521412589724,0.00139295023101674,missense|LC,4166734876,4,166734876,
ELMO1,ENSG00000155849,0.111377428876101,0.0710966813523749,0.368602254103789,0.0016667379456378,missense|LC,7036855444,7,36855444,
AMY2A,ENSG00000243480,0.111391716151008,0.346314436742749,0.0607629575871853,0.000556801025263182,missense|LC,1103616914,1,103616914,
HAS2,ENSG00000170961,0.111539405053089,0.0942442061425158,0.0748653944742974,0.00228891536351117,missense|LC,8121613984,8,121613984,
NT5C3B,ENSG00000141698,0.111542770960855,0.0745405283879406,0.0894987292351848,-0.00175254549033006,missense|LC,17041820058,17,41820058,
SPATS1,ENSG00000249481,0.111609953923569,0.225945156220843,0.0672108123906741,0.00079217004064811,missense|LC,6044342865,6,44342865,
NFYA,ENSG00000001167,0.111615778699601,0.0604234610147492,0.270365878444292,-0.00278713461422972,missense|LC,6041068837,6,41068837,
SECTM1,ENSG00000141574,0.111634582578606,0.363075831114339,0.0732120493802519,0.000416231870543775,missense|LC,17082316112,17,82316112,
TMCO4,ENSG00000162542,0.111692509412542,0.50780010805574,0.0632043155335787,0.000228366238415255,missense|LC,1019678475,1,19678475,
CYP26C1,ENSG00000187553,0.111749059471401,0.88755735360551,0.0605388812488092,-0.0000700243975776804,missense|LC,10093056913,10,93056913,
SLC6A13,ENSG00000010379,0.111861272862601,0.0624453223466892,0.358357768260848,-0.000741397974891031,missense|LC,12000220836,12,220836,
COLEC11,ENSG00000118004,0.111861644145798,0.063319164211776,0.66401775236962,-0.00171923430064277,missense|LC,2003603566,2,3603566,
H3C4,ENSG00000197409,0.111908228288683,0.656929892758819,0.0579365188638493,-0.000903367548583414,missense|LC,6026196758,6,26196758,
HAPLN3,ENSG00000140511,0.111918965602807,0.487510070339733,0.0612713962402707,-0.00023494594354028,missense|LC,15088872831,15,88872831,
SH3D21,ENSG00000214193,0.111950346374062,0.182735274267681,0.0624183743677679,-0.00070506858159638,missense|LC,1036303663,1,36303663,
FAXDC2,ENSG00000170271,0.111987636136479,0.0969229987761441,0.0712817714406848,-0.00122052107863019,missense|LC,5154813841,5,154813841,
LRCH4,ENSG00000077454,0.112004948832811,0.0720121937426693,0.0958010070456484,0.000663285874928552,missense|LC,7100572206,7,100572206,
TMEM64,ENSG00000180694,0.112024507370742,0.91825941399895,0.0606459059107677,-0.0000766393273578694,missense|LC,8090625612,8,90625612,
MRRF,ENSG00000148187,0.112058531087855,0.0625265820453211,0.421285013625341,0.00179607120284399,missense|LC,9122261352,9,122261352,
RGS2,ENSG00000116741,0.11206260850945,0.771784906256978,0.0619677954148724,-0.000228032884875703,missense|LC,1192809031,1,192809031,
ITIH5,ENSG00000123243,0.112105446368626,0.388295371234718,0.0640684021854492,0.00019176409450419,missense|LC,10007563020,10,7563020,
PPEF1,ENSG00000086717,0.112117777385835,0.119728848383357,0.0743254021827977,0.00139678570657048,missense|LC,23018707748,X,18707748,
INTS7,ENSG00000143493,0.112169878040681,0.0672085513755506,0.11658393654117,-0.000927870575697306,missense|LC,1211941679,1,211941679,
PEX5,ENSG00000139197,0.112193603311581,0.683816280434311,0.0650339770560292,0.000163648450454682,missense|LC,12007189849,12,7189849,
KLF14,ENSG00000266265,0.112198410814052,0.659533305478419,0.0764619344503106,0.000197164727049139,missense|LC,7130732947,7,130732947,
ZNF235,ENSG00000159917,0.112209300732438,0.0619393857208843,0.566990698499755,-0.000724775306747139,missense|LC,19044287135,19,44287135,
TAF1B,ENSG00000115750,0.112236085235124,0.0625404974511399,0.423189400458555,0.00105369237862351,missense|LC,2009843414,2,9843414,
TCERG1L,ENSG00000176769,0.112278078878747,0.21192796302764,0.0636762771984535,-0.000370629505561023,missense|LC,10131093063,10,131093063,
SHOX2,ENSG00000168779,0.11237369756755,0.391012989147384,0.0603275320116228,0.000687875211000113,missense|LC,3158097915,3,158097915,
GRIA2,ENSG00000120251,0.112483855085246,0.0624949142863168,0.712719696175487,0.00198329231007332,missense|LC,4157221048,4,157221048,
ALDOB,ENSG00000136872,0.112504974198918,0.363491124536382,0.0674163082405768,0.000430512448832228,missense|LC,9101421755,9,101421755,
SRMS,ENSG00000125508,0.112565475918962,0.0661996964364214,0.16470338124382,-0.000448723793080291,missense|LC,20063536989,20,63536989,
TRNP1,ENSG00000253368,0.112600430786271,0.0645744896995619,0.300438115510261,0.00103548254759123,missense|LC,1026993650,1,26993650,
HAGHL,ENSG00000103253,0.112691375941266,0.0623878243036615,0.821950449436459,-0.00198728643269473,missense|LC,16000722267,16,722267,
TUFM,ENSG00000178952,0.112698139581317,0.537501482711873,0.0641833618243287,-0.000420556672386142,missense|LC,16028842870,16,28842870,
ZNF446,ENSG00000083838,0.112717847083969,0.1062503614845,0.0694205027805328,0.000549815924447557,missense|LC,19058471352,19,58471352,
TERT,ENSG00000164362,0.112720783062139,0.914332180946888,0.0663448242593461,0.0000413752038399828,missense|LC,5001253662,5,1253662,
KPTN,ENSG00000118162,0.11272461079801,0.803066659028898,0.061919624694423,0.000145287012375838,missense|LC,19047475309,19,47475309,
SLC27A3,ENSG00000143554,0.11273048603557,0.068118440924238,0.129174162038512,-0.000603738653183267,missense|LC,1153769734,1,153769734,
NRXN2,ENSG00000110076,0.112740579273342,0.119016108003725,0.0703001593202469,0.000512219145585797,missense|LC,11064601406,11,64601406,
TIMM44,ENSG00000104980,0.112773924117455,0.221184274775527,0.0693798210940489,0.000588196857959954,missense|LC,19007921721,19,7921721,
IRF7,ENSG00000185507,0.112807048681383,0.0641375405301192,0.21171887420853,0.000721441414761406,missense|LC,11000607556,11,607556,
SPTA1,ENSG00000163554,0.112896666097871,0.153249881992792,0.0634348602902182,0.000238197334219249,missense|LC,1158606406,1,158606406,
BRMS1L,ENSG00000100916,0.112975202227321,0.728581336235438,0.0623613089708572,-0.000416164730718693,missense|LC,14035826384,14,35826384,
TOR1AIP1,ENSG00000143337,0.113088719910113,0.872236931819861,0.0659022699000698,0.0000728148826118677,missense|LC,1179882396,1,179882396,
ALDH4A1,ENSG00000159423,0.113158161449108,0.131076113153937,0.0666950037711626,0.000608358652401091,missense|LC,1018872795,1,18872795,
RRP9,ENSG00000114767,0.113201850287313,0.487717493608296,0.0643878379328009,-0.000317503189221957,missense|LC,3051933454,3,51933454,
WNT7A,ENSG00000154764,0.113218051896035,0.419209361523317,0.0592957979005484,0.000868445364788213,missense|LC,3013818799,3,13818799,
THAP4,ENSG00000176946,0.113386724154059,0.0639576117698202,0.182797490499082,0.00102920189797311,missense|LC,2241584519,2,241584519,
UBE2L5,ENSG00000236444,0.113414126129587,0.0655245424184286,0.167819908765843,0.00280153792000665,missense|LC,13030427976,13,30427976,
MIA2,ENSG00000150527,0.113430882725776,0.401637945376134,0.0671774947390235,0.000174489870415848,missense|LC,14039234120,14,39234120,
UBE2R2,ENSG00000107341,0.113431605082284,0.063955648716131,0.173434324322911,-0.00446229298164004,missense|LC,9033817607,9,33817607,
SUCO,ENSG00000094975,0.113441908443878,0.81720898729229,0.0620736575696861,0.0000792285679932465,missense|LC,1172532415,1,172532415,
FAHD2A,ENSG00000115042,0.113451009706313,0.545383436396112,0.063452094964332,-0.000399267739304918,missense|LC,2095405423,2,95405423,
BCL9L,ENSG00000186174,0.113492875223884,0.139071100288753,0.0786604213051453,-0.000252143378537056,missense|LC,11118893307,11,118893307,
TEPSIN,ENSG00000167302,0.11351522237883,0.0690286526194452,0.109589569722488,0.000667164640177881,missense|LC,17081228827,17,81228827,
FCRL1,ENSG00000163534,0.113524498345473,0.0679762597023953,0.217433334765994,-0.000691213138320354,missense|LC,1157796047,1,157796047,
MALT1,ENSG00000172175,0.113578806214706,0.201439502937138,0.0618439447939001,-0.000853920134407387,missense|LC,18058671574,18,58671574,
MALL,ENSG00000144063,0.113654525161617,0.0866018983173261,0.0809089336067689,-0.00176939463174731,missense|LC,2110091489,2,110091489,
ITPKC,ENSG00000086544,0.113655980182172,0.239788216968024,0.0613261927474553,-0.000620852633171855,missense|LC,19040713983,19,40713983,
SLC35A3,ENSG00000117620,0.1136577475861,0.948287889091256,0.0672058232691093,0.0000868525501448493,missense|LC,1099970489,1,99970489,
ANAPC7,ENSG00000196510,0.113723912032185,0.669713498798775,0.0632108468833544,0.000337004779367985,missense|LC,12110374037,12,110374037,
PTGES3L-AARSD1,ENSG00000108825,0.113814122576643,0.0710783619320886,0.151890706136127,0.0011840216461168,missense|LC,17042950456,17,42950456,
AP000812.4,ENSG00000284844,0.113887768951303,0.124599504043947,0.0676465076478656,0.00133646907387528,missense|LC,11072103078,11,72103078,
JPH4,ENSG00000092051,0.113933031088402,0.254393054862651,0.0597246297255776,-0.000807705027306502,missense|LC,14023563047,14,23563047,
CCNYL1,ENSG00000163249,0.11398608752928,0.0665143294914119,0.328528670633077,0.00158877467283608,missense|LC,2207711836,2,207711836,
KAT6A,ENSG00000083168,0.113988096473073,0.443460756580207,0.0605124382976264,0.000252408420646158,missense|LC,8041932108,8,41932108,
C19orf12,ENSG00000131943,0.113997982341941,0.0708389527391626,0.171275521869804,0.000940262156042535,missense|LC,19029702616,19,29702616,
BARX1,ENSG00000131668,0.114012678506885,0.0727269413822544,0.103328322695599,0.00163958193887021,missense|LC,9093952047,9,93952047,
SSNA1,ENSG00000176101,0.114012831488596,0.306823922478632,0.0662311110464779,0.00113189820843743,missense|LC,9137183681,9,137183681,
CYB5D2,ENSG00000167740,0.114021804756512,0.0649322411595346,0.202007529786493,0.00141415855084399,missense|LC,17004142451,17,4142451,
SMARCD3,ENSG00000082014,0.114043849350232,0.224368323930904,0.0606121387602335,0.0012909153992924,missense|LC,7151233781,7,151233781,
DZANK1,ENSG00000089091,0.114201945076342,0.531887158957365,0.0633792086359244,-0.000241446568635038,missense|LC,20018384301,20,18384301,
SMIM7,ENSG00000214046,0.114204141031007,0.228361605785937,0.0714170567350929,-0.00116244933697193,missense|LC,19016647132,19,16647132,
SULT1A4,ENSG00000213648,0.114235986357237,0.186307014232912,0.0904112522074048,-0.00987672349387509,missense|LC,16029457731,16,29457731,
CPTP,ENSG00000224051,0.114241921873044,0.0653507421967361,0.386898070581739,-0.00078151164969532,missense|LC,1001320381,1,1320381,
POM121L2,ENSG00000158553,0.114288612469383,0.0636375581533352,0.379447219347514,-0.000512351581856714,missense|LC,6027309005,6,27309005,
H2BW2,ENSG00000101812,0.114331681426404,0.14137208384281,0.0728950395257695,-0.000686536676700314,missense|LC,23104039933,X,104039933,
SCN11A,ENSG00000168356,0.114347180659067,0.0594494751681525,0.572939883554204,-0.000678356646243708,missense|LC,3038846645,3,38846645,
IDE,ENSG00000119912,0.114373119062843,0.29617939139104,0.0622353532848343,-0.000696076937057749,missense|LC,10092454416,10,92454416,
SCG2,ENSG00000171951,0.114504636223867,0.0620027361691577,0.717774246837736,-0.00151383671132719,missense|LC,2223597312,2,223597312,
TMEM144,ENSG00000164124,0.114542979932146,0.0630556522643874,0.664688598091994,-0.00177113652409895,missense|LC,4158212620,4,158212620,
FGF6,ENSG00000111241,0.114551773380948,0.0752603663254268,0.0952940057823295,-0.000959566887004019,missense|LC,12004434133,12,4434133,
PSG3,ENSG00000221826,0.114562074674631,0.0791164300346197,0.0954373118961258,-0.000625393410033114,missense|LC,19042723901,19,42723901,
MMAB,ENSG00000139428,0.114582977269814,0.695466263008374,0.0646267981450943,0.000224206892381231,missense|LC,12109556998,12,109556998,
TMEM255A,ENSG00000125355,0.114714121795344,0.190713440261136,0.0627745910341881,0.0010359755634725,missense|LC,23120253658,X,120253658,
LITAF,ENSG00000189067,0.11473296871255,0.528907005974021,0.0712011274518245,-0.000488183739480637,missense|LC,16011549590,16,11549590,
CYB5R3,ENSG00000100243,0.114766277087671,0.185501203901151,0.0651189218166244,-0.000638032528509712,missense|LC,22042614713,22,42614713,
C5orf47,ENSG00000185056,0.114806724082251,0.068818295079795,0.288521532334202,-0.000892015423583982,missense|LC,5173989164,5,173989164,
HACE1,ENSG00000085382,0.114825293910718,0.140837957765307,0.0649806710558302,0.00118607529515233,missense|LC,6104729681,6,104729681,
ARRB2,ENSG00000141480,0.114838046986897,0.470302736541267,0.0646491548641035,0.000640318372890534,missense|LC,17004714921,17,4714921,
NDUFB1,ENSG00000183648,0.11491005693502,0.0721597443143704,0.261328066222131,0.000962314832805461,missense|LC,14092116133,14,92116133,
AC104532.1,ENSG00000267314,0.114930174931736,0.0672859565512178,0.143825868916084,0.00202545057225962,missense|LC,19005901226,19,5901226,
ACSM6,ENSG00000173124,0.114955517073408,0.064060395613208,0.313770014618936,0.00162262974035477,missense|LC,10095194417,10,95194417,
CCDC50,ENSG00000152492,0.114971551165913,0.0747574436789877,0.100439151771694,0.000819649754145856,missense|LC,3191329583,3,191329583,
USP17L7,ENSG00000226430,0.11501684049547,0.116444569459061,0.0712980203365988,0.000504481634918213,missense|LC,8012128460,8,12128460,
ANAPC10,ENSG00000164162,0.115045777256083,0.214935403980765,0.0922635684491782,0.00104906365365849,missense|LC,4144995353,4,144995353,
WFDC11,ENSG00000180083,0.115134895156371,0.115459825646937,0.0791021752408223,0.0016751057053292,missense|LC,20045648634,20,45648634,
CASQ2,ENSG00000118729,0.115156002533508,0.0946833308964362,0.0755273394234813,0.000741550738894275,missense|LC,1115701119,1,115701119,
SPINT1,ENSG00000166145,0.115175774447493,0.389672743403378,0.0648708824781932,-0.000244472366105824,missense|LC,15040844484,15,40844484,
LRIT1,ENSG00000148602,0.115248086752312,0.223149001810663,0.0599734223466215,0.000651007760524273,missense|LC,10084231829,10,84231829,
L34079.1,ENSG00000268361,0.115255650506097,0.0692112016043341,0.152324796269479,0.00185810289670147,missense|LC,19043551511,19,43551511,
ETFDH,ENSG00000171503,0.115297536917383,0.460070563065054,0.0608532717033994,-0.00061236842213858,missense|LC,4158669533,4,158669533,
CCDC169-SOHLH2,ENSG00000250709,0.11537702504721,0.669254240921512,0.0668472386014507,0.000238336835855687,missense|LC,13036168869,13,36168869,
NRSN2,ENSG00000125841,0.115440935314583,0.917952404934757,0.0617344989794082,0.000105105788015307,missense|LC,20000349575,20,349575,
SDK2,ENSG00000069188,0.115451513777828,0.170066153399941,0.0629529385645871,0.000290045389900357,missense|LC,17073338556,17,73338556,
SAE1,ENSG00000142230,0.115470749483652,0.0792259638520014,0.123372407443586,0.00193642419455855,missense|LC,19047130746,19,47130746,
H4C9,ENSG00000276180,0.115645911288999,0.424219136029388,0.0628101445299335,-0.0017013949534851,missense|LC,6027139207,6,27139207,
LARGE2,ENSG00000165905,0.115719018887485,0.064652650272906,0.356741247268376,-0.000510139247714747,missense|LC,11045917658,11,45917658,
NFX1,ENSG00000086102,0.115738969375386,0.06252054746237,0.539862784910207,0.000728602503337202,missense|LC,9033290482,9,33290482,
ZFP42,ENSG00000179059,0.115750779332873,0.548647096393504,0.068583489404659,0.000237225350892813,missense|LC,4188002750,4,188002750,
OR2B11,ENSG00000177535,0.115823452361894,0.711641341923549,0.0648862805372206,-0.000244943832079405,missense|LC,1247444118,1,247444118,
OSBPL8,ENSG00000091039,0.115853215967053,0.118662940018503,0.076894174397197,-0.00113605227962613,missense|LC,12076346796,12,76346796,
TMEM167B,ENSG00000215717,0.115875378933964,0.0647083542123794,0.207031026742018,-0.00425019819225855,missense|LC,1109090768,1,109090768,
DLGAP1,ENSG00000170579,0.115881522130021,0.140673989546889,0.0669464750017226,0.000855781477987904,missense|LC,18003499100,18,3499100,
GNAQ,ENSG00000156052,0.115899826621033,0.0812911004002332,0.161681659040954,-0.00194548363532626,missense|LC,9077721290,9,77721290,
PDE7B,ENSG00000171408,0.115917421784975,0.192299901488806,0.0702855950410046,-0.00562516550793392,missense|LC,6135851948,6,135851948,
MATK,ENSG00000007264,0.115941597174211,0.0660099366689827,0.191685448838712,-0.00140124682688758,missense|LC,19003778049,19,3778049,
FAM222B,ENSG00000173065,0.115967945494615,0.1203481649503,0.0690711831786913,-0.000813736660618719,missense|LC,17028758208,17,28758208,
NTPCR,ENSG00000135778,0.11600552867188,0.084981993517118,0.104023352330018,-0.00231256802311112,missense|LC,1232950656,1,232950656,
DNAL4,ENSG00000100246,0.116024254493552,0.104679184045143,0.0791605789052929,-0.00325195673367503,missense|LC,22038779332,22,38779332,
LY6G6C,ENSG00000204421,0.116055799345821,0.0761717773468309,0.348244788232214,-0.000836713414906212,missense|LC,6031715228,6,31715228,
KPRP,ENSG00000203786,0.116127288715307,0.508996418038729,0.0642752608713837,-0.000295044612950218,missense|LC,1152759564,1,152759564,
SLC30A1,ENSG00000170385,0.116243702276797,0.0629403078827313,0.392068137732551,-0.00192143525164933,missense|LC,1211575334,1,211575334,
NDFIP1,ENSG00000131507,0.116264796356126,0.0673377327217468,0.172462354186856,-0.00342111732922916,missense|LC,5142108886,5,142108886,
SOHLH2,ENSG00000120669,0.116304608384657,0.649779402585487,0.0682789790059698,0.000260533954283983,missense|LC,13036168869,13,36168869,
CDH20,ENSG00000101542,0.116369629288564,0.434191279076537,0.0647357133336943,-0.000378467145183202,missense|LC,18061490477,18,61490477,
COX7C,ENSG00000127184,0.116374346794194,0.87641170675095,0.0646465902040101,0.000504173735591298,missense|LC,5086617985,5,86617985,
SELENOI,ENSG00000138018,0.116382022009498,0.18547162904278,0.0716544195690125,0.00106917775672067,missense|LC,2026346029,2,26346029,
C8orf58,ENSG00000241852,0.116446477969566,0.0700586542024115,0.540661271483309,-0.000659069329935697,missense|LC,8022594586,8,22594586,
POGLUT3,ENSG00000178202,0.116463947455258,0.066010314483142,0.447057428468866,0.000687111572221202,missense|LC,11108474729,11,108474729,
ISY1,ENSG00000240682,0.116466182494917,0.818450284273389,0.0621607276605592,0.000333716601431923,missense|LC,3129130021,3,129130021,
KRBA1,ENSG00000133619,0.116477036507111,0.0637332387649848,0.695340166674846,0.000449607968368543,missense|LC,7149715012,7,149715012,
GRK1,ENSG00000185974,0.116504499777031,0.0630570852612781,0.402063937231004,-0.000982984959140055,missense|LC,13113667303,13,113667303,
CNTN1,ENSG00000018236,0.116556769949884,0.064082434117616,0.361513591426762,0.00127212727783849,missense|LC,12040908394,12,40908394,
SAMD9L,ENSG00000177409,0.116564456326984,0.695386777987867,0.0644905905557134,0.000141681649470946,missense|LC,7093131211,7,93131211,
HNRNPCL1,ENSG00000179172,0.116691567414487,0.454297376851936,0.0741718157149389,0.000320861405266747,missense|LC,1012847316,1,12847316,
OR8K3,ENSG00000280314,0.116710727294717,0.48010570103994,0.0688289236061757,-0.000287367026487249,missense|LC,11056318268,11,56318268,
OCRL,ENSG00000122126,0.116750953394401,0.162607183805001,0.080320963975504,-0.000595206202753062,missense|LC,23129540377,X,129540377,
SEZ6L2,ENSG00000174938,0.116769935701199,0.0659810120743385,0.239008236671402,0.000688046177785614,missense|LC,16029871616,16,29871616,
RND2,ENSG00000108830,0.116939341959986,0.0803839795088274,0.114949004585115,-0.00171826044270376,missense|LC,17043020232,17,43020232,
LAMB1,ENSG00000091136,0.116966992480249,0.373938516125946,0.0646021741479552,-0.000282570643416828,missense|LC,7107918962,7,107918962,
AGBL3,ENSG00000146856,0.116989036763959,0.914770790272893,0.0620894587535824,-0.000195841977030442,missense|LC,7134987886,7,134987886,
GPX3,ENSG00000211445,0.117076740605079,0.0864012995252099,0.0992784986834041,0.00139191179446105,missense|LC,5151020594,5,151020594,
CPXCR1,ENSG00000147183,0.11713177890327,0.068006090252566,0.28297643078997,-0.00145639745394979,missense|LC,23088753418,X,88753418,
IL1RL1,ENSG00000115602,0.117142252955035,0.486678173103841,0.0696314771247775,-0.000189079542808626,missense|LC,2102338229,2,102338229,
TRIM31,ENSG00000204616,0.117214880085277,0.708041454027664,0.0758111443012421,0.0000777616789217133,missense|LC,6030103404,6,30103404,
PPIL2,ENSG00000100023,0.117216068733723,0.0733734789662528,0.469561968641047,-0.000775444556418111,missense|LC,22021665984,22,21665984,
AKAIN1,ENSG00000231824,0.117278669284061,0.0657042383795789,0.670317643104674,0.00336092008376266,missense|LC,18005145496,18,5145496,
IDI2,ENSG00000148377,0.117282096529485,0.422702813445234,0.0640106394558065,-0.000859134522085373,missense|LC,10001014225,10,1014225,
KCNK16,ENSG00000095981,0.117377038705407,0.0748794523681544,0.118329092992674,-0.000644375644952231,missense|LC,6039310870,6,39310870,
PHKG1,ENSG00000164776,0.117389619324976,0.704453935046052,0.0659385569684661,0.000172422139385569,missense|LC,7056076758,7,56076758,
BIRC3,ENSG00000023445,0.117464377389329,0.0779444102586697,0.150518565907674,0.000810249946740831,missense|LC,11102324402,11,102324402,
C4BPB,ENSG00000123843,0.117469483720053,0.878089940977718,0.0653508228731373,-0.000138448145048674,missense|LC,1207089488,1,207089488,
NEURL1,ENSG00000107954,0.117481885342195,0.723588774028405,0.0632326671934923,0.000210667048784091,missense|LC,10103494321,10,103494321,
MAP11,ENSG00000146826,0.117537017620726,0.167205972236997,0.0712332625834569,0.000670521297387576,missense|LC,7100149464,7,100149464,
MEI4,ENSG00000269964,0.117586547262656,0.0678058890248934,0.304919043462215,-0.000946392234215979,missense|LC,6077690624,6,77690624,
KIAA1841,ENSG00000162929,0.117621732375143,0.065582527190958,0.190363809034248,0.000989918664473502,missense|LC,2061070289,2,61070289,
TFF2,ENSG00000160181,0.117642708209315,0.0831785501257021,0.18711885408378,-0.00085207711068837,missense|LC,21042346437,21,42346437,
CIRBP,ENSG00000099622,0.117732938560809,0.982960450669531,0.0627179174401962,-0.0000027071193671762,missense|LC,19001270902,19,1270902,
LRP2BP,ENSG00000109771,0.117745519656389,0.0837213192150303,0.0861383606095016,0.00110704227581539,missense|LC,4185361850,4,185361850,
RTTN,ENSG00000176225,0.117802200530003,0.688689450726294,0.0624371695913704,-0.0000795073898754902,missense|LC,18070004106,18,70004106,
DPYSL3,ENSG00000113657,0.117924348830619,0.19713972278539,0.0724764108023835,-0.000669119305815876,missense|LC,5147393956,5,147393956,
CDC26,ENSG00000176386,0.118012005477004,0.0939360937490095,0.0838529880001817,-0.00122899017588352,missense|LC,9113266202,9,113266202,
DIABLO,ENSG00000184047,0.118107247731799,0.0678282328756853,0.171831381884038,-0.00126593292439564,missense|LC,12122203220,12,122203220,
VCX,ENSG00000182583,0.118138792566717,0.0662365848807706,0.426099344880352,-0.000615604676142386,missense|LC,23007843130,X,7843130,
DMRT1,ENSG00000137090,0.118201517239836,0.0647309303955657,0.449913010689347,-0.00129267597360679,missense|LC,9000841676,9,841676,
ARHGEF1,ENSG00000076928,0.118275530153266,0.0653002499055453,0.320366530647375,-0.000836912511200041,missense|LC,19041879487,19,41879487,
SDCCAG8,ENSG00000054282,0.118284327681341,0.264746919210268,0.0654379471572948,0.000573064267022605,missense|LC,1243256104,1,243256104,
EFS,ENSG00000100842,0.118335929541867,0.417319914979439,0.066900360854704,-0.000256538752814005,missense|LC,14023351684,14,23351684,
FLVCR1,ENSG00000162769,0.118339657905103,0.805341291836958,0.0692254489588816,0.000138977268359616,missense|LC,1212858363,1,212858363,
ASCL5,ENSG00000232237,0.118362157156224,0.0687324683410241,0.286618408586,-0.00100397247126133,missense|LC,1201110107,1,201110107,
SERPINB3,ENSG00000057149,0.118443229269696,0.102720833820249,0.0763964645330547,0.000412764913192483,missense|LC,18063655565,18,63655565,
HBQ1,ENSG00000086506,0.118488772376353,0.435359380703684,0.0772499078009414,-0.000711115525576114,missense|LC,16000176635,16,176635,
MAIP1,ENSG00000162972,0.118591170905751,0.0634501438522892,0.280509866831943,0.00190053454303816,missense|LC,2199955289,2,199955289,
TGIF2,ENSG00000118707,0.118612835703881,0.0810558282655748,0.0911036950382925,0.00191751509958439,missense|LC,20036578639,20,36578639,
TNS2,ENSG00000111077,0.118624233188806,0.132604486559647,0.0710360734119216,-0.000429619754912158,missense|LC,12053049089,12,53049089,
TET2,ENSG00000168769,0.118627440584914,0.103128142584431,0.0768684362502645,0.000443938975567428,missense|LC,4105233891,4,105233891,
MLPH,ENSG00000115648,0.118670003367546,0.0624741068224535,0.496415198148755,-0.000883209674575165,missense|LC,2237493376,2,237493376,
ANKRD30BL,ENSG00000163046,0.118680897459153,0.0646857791197716,0.805855782280579,0.00320618191111533,missense|LC,2132148079,2,132148079,
STC2,ENSG00000113739,0.118699653995822,0.38729164243468,0.0679078295939909,0.000545302843180475,missense|LC,5173317717,5,173317717,
FOXD1,ENSG00000251493,0.118738824365294,0.854106529823438,0.0698482472923623,-0.0000479239250192885,missense|LC,5073446893,5,73446893,
DDIT3,ENSG00000175197,0.118749967343729,0.218139774798132,0.0815467581995448,0.000877929742583867,missense|LC,12057511609,12,57511609,
ZNF723,ENSG00000268696,0.118784906325713,0.0675599598337501,0.627714989228777,0.00626286014541514,missense|LC,19022832334,19,22832334,
PPIG,ENSG00000138398,0.11880677291981,0.0837976153044087,0.0947423556996576,-0.000843011474874186,missense|LC,2169603978,2,169603978,
FABP5,ENSG00000164687,0.118841559675041,0.2961120713655,0.0861976073605858,0.000969130736626708,missense|LC,8081280026,8,81280026,
NDRG4,ENSG00000103034,0.118942400245292,0.297190373850009,0.0694463910985447,0.000573908882006257,missense|LC,16058464337,16,58464337,
SCG3,ENSG00000104112,0.119025480835477,0.0686280730473982,0.16770282526717,0.00139053696252749,missense|LC,15051681712,15,51681712,
BEX1,ENSG00000133169,0.119063391205389,0.0706978823143239,0.529094446101739,-0.00167392300520162,missense|LC,23103062791,X,103062791,
KRTAP5-11,ENSG00000204571,0.119078503048477,0.0758164264509377,0.110533722997742,-0.00102455604788265,missense|LC,11071582194,11,71582194,
TRAPPC2L,ENSG00000167515,0.119078563489582,0.0765189436743284,0.309370063487679,-0.000978907895330191,missense|LC,16088857141,16,88857141,
MAP3K11,ENSG00000173327,0.119150560140179,0.0652418117435393,0.274032633225116,-0.00096231108443222,missense|LC,11065592898,11,65592898,
OPA1,ENSG00000198836,0.119151881640892,0.46928360228625,0.0663323488385938,0.0003135002030898,missense|LC,3193593280,3,193593280,
FAM169A,ENSG00000198780,0.119157431621704,0.0628129486974733,0.33047928560623,-0.00149946081194949,missense|LC,5074773811,5,74773811,
VWA5B1,ENSG00000158816,0.119230545118412,0.612317775517626,0.0643987371505378,-0.000116404076537154,missense|LC,1020310494,1,20310494,
OR51Q1,ENSG00000167360,0.119281117226003,0.0911069857065324,0.0851228306473115,-0.000711259863556189,missense|LC,11005422157,11,5422157,
IPO8,ENSG00000133704,0.119298739547551,0.147728223727955,0.0687333414273252,-0.000849664544137551,missense|LC,12030630809,12,30630809,
SLC39A8,ENSG00000138821,0.119318256368176,0.0663449633943737,0.462428475716311,-0.00123965711756975,missense|LC,4102259417,4,102259417,
KDM4F,ENSG00000255855,0.119364482095024,0.303503264774006,0.0646674089801779,-0.000731784563683499,missense|LC,11095049427,11,95049427,
AC026464.6,ENSG00000272617,0.119382906117387,0.0702942046637014,0.252548861926481,-0.00217779132236117,missense|LC,16069324126,16,69324126,
TNN,ENSG00000120332,0.119416048468501,0.0657265144535324,0.747422753428125,-0.000490771548620965,missense|LC,1175077321,1,175077321,
ADAM9,ENSG00000168615,0.119464187324372,0.0776435371021905,0.114259830761065,-0.010984956141308,missense|LC,8038993502,8,38993502,
ZKSCAN4,ENSG00000187626,0.119469368864359,0.207711799223372,0.0705481869680853,0.000608022479974219,missense|LC,6028245018,6,28245018,
PATL2,ENSG00000229474,0.119533152299122,0.0643476082308698,0.66872698873119,-0.00111785889003093,missense|LC,15044663274,15,44663274,
AL049844.3,ENSG00000280148,0.119602946532163,0.0654260960741513,0.603146710685862,0.00278304088181612,missense|LC,6143857211,6,143857211,
SPINK1,ENSG00000164266,0.119661371009748,0.212413983151415,0.0816605758672077,0.000629727483212292,missense|LC,5147824595,5,147824595,
NPPB,ENSG00000120937,0.119689649141468,0.139829077359996,0.0769267751771061,-0.000666743309523749,missense|LC,1011857584,1,11857584,
NDRG2,ENSG00000165795,0.119691121808817,0.0683302795887943,0.168758591953542,-0.00123953429019545,missense|LC,14021017494,14,21017494,
ZNF646,ENSG00000167395,0.119751728697804,0.466787376644648,0.0650398615790693,0.000174487700189941,missense|LC,16031076197,16,31076197,
SMC2,ENSG00000136824,0.119814982173902,0.434454016834922,0.0683274991779403,-0.000233652589034454,missense|LC,9104095328,9,104095328,
ILF3,ENSG00000129351,0.119830698256744,0.125997214721188,0.0699051584341787,0.000884900062167426,missense|LC,19010670556,19,10670556,
ADAMTS16,ENSG00000145536,0.119831899661647,0.413991675805965,0.0651161837624079,0.000256758055127856,missense|LC,5005140371,5,5140371,
ITPRIPL1,ENSG00000198885,0.119950393955313,0.224408318779401,0.0670235460640328,-0.000505303690141707,missense|LC,2096326223,2,96326223,
CPNE2,ENSG00000140848,0.1200641961334,0.0664577439068059,0.259486100711601,-0.0011260812174061,missense|LC,16057110656,16,57110656,
EXOSC6,ENSG00000223496,0.120078185592712,0.103924985785786,0.0783213684876714,0.000890958119776955,missense|LC,16070243626,16,70243626,
ARL2-SNX15,ENSG00000273003,0.120122081289667,0.366171831775926,0.0691506936447194,-0.00160179907493181,missense|LC,11065014187,11,65014187,
CHRM3,ENSG00000133019,0.120214031311518,0.450816094659655,0.0666095485046562,0.000502819331178139,missense|LC,1239907379,1,239907379,
ECEL1,ENSG00000171551,0.120252602336568,0.406228635114622,0.0671632626358697,-0.000248000556307697,missense|LC,2232480074,2,232480074,
ASB10,ENSG00000146926,0.120294593968958,0.491019440774378,0.0677833538625243,-0.000205663527004079,missense|LC,7151176006,7,151176006,
OR2D3,ENSG00000178358,0.120297758530878,0.0676153867378759,0.28060583956381,-0.00158948449427776,missense|LC,11006920946,11,6920946,
MRPS26,ENSG00000125901,0.120313168560427,0.0676392477745433,0.334559192894245,0.00129929292048275,missense|LC,20003044352,20,3044352,
DCAF12L2,ENSG00000198354,0.120354018808476,0.714541445605052,0.0675823933257145,0.000192026311955064,missense|LC,23126164435,X,126164435,
FRK,ENSG00000111816,0.120398570993938,0.0653551155227944,0.745190143104195,-0.0015028833137688,missense|LC,6115942385,6,115942385,
DIS3L2,ENSG00000144535,0.120441569167821,0.315610852696256,0.0656350266943564,-0.000429321086127415,missense|LC,2232014838,2,232014838,
CHRNA1,ENSG00000138435,0.120468596516785,0.587278026419428,0.0669468090194321,0.000382299212919807,missense|LC,2174748023,2,174748023,
ZNRD2,ENSG00000173465,0.120578249711727,0.832152523866329,0.0675028058175247,0.000238935185954285,missense|LC,11065570343,11,65570343,
C12orf66,ENSG00000174206,0.120709578156379,0.0675622534121341,0.234914135783744,0.00156291964753177,missense|LC,12064187558,12,64187558,
AC090517.4,ENSG00000285253,0.120778530527452,0.596766612228707,0.0721764018259459,-0.000274292527453641,missense|LC,15056652555,15,56652555,
KLHDC8B,ENSG00000185909,0.120896280355787,0.631421139781808,0.0653382294113269,-0.000499206294919633,missense|LC,3049172683,3,49172683,
S100A3,ENSG00000188015,0.120919469673981,0.0930634336771289,0.149719681014899,-0.000955933847042417,missense|LC,1153543142,1,153543142,
TPI1,ENSG00000111669,0.120994182032965,0.0853914149474519,0.0917071699047793,0.000891708340657469,missense|LC,12006862410,12,6862410,
SENP5,ENSG00000119231,0.120997122673274,0.503490699617348,0.0688278341787082,0.000226451717042006,missense|LC,3196885133,3,196885133,
ZNF564,ENSG00000249709,0.12099939321553,0.405624357195849,0.064443233654282,-0.000551019750179042,missense|LC,19012526368,19,12526368,
PSAPL1,ENSG00000178597,0.121004858783999,0.0663850082387305,0.467757156262134,0.000636389048326736,missense|LC,4007433202,4,7433202,
REM2,ENSG00000139890,0.121014720006766,0.3947427502999,0.0662195769713934,0.000704469860594729,missense|LC,14022883279,14,22883279,
SLC35C2,ENSG00000080189,0.121023502600153,0.745583330568426,0.0685514015187776,0.000207978265590529,missense|LC,20046350288,20,46350288,
OR10A6,ENSG00000279000,0.121028814595974,0.134597729244843,0.071479544466105,-0.000732316504187727,missense|LC,11007927698,11,7927698,
GSTA4,ENSG00000170899,0.121076881124679,0.073911411355303,0.398840186960674,-0.00139210720149216,missense|LC,6052978402,6,52978402,
GABARAPL1,ENSG00000139112,0.121203970378505,0.646185103357524,0.0824458356585482,-0.000470797632569684,missense|LC,12010213099,12,10213099,
RBFA,ENSG00000101546,0.121268782825923,0.213251810878453,0.0697648062371494,0.000581475049665116,missense|LC,18080034401,18,80034401,
IDH3A,ENSG00000166411,0.121347514003363,0.10538775490784,0.079581934028033,0.000648397954686953,missense|LC,15078149292,15,78149292,
HAUS8,ENSG00000131351,0.121386998059404,0.61230113649415,0.0644389009197963,-0.000416618952029803,missense|LC,19017049790,19,17049790,
TLCD4-RWDD3,ENSG00000271092,0.121414575600496,0.155408907265,0.0690304007811182,-0.00243151384451522,missense|LC,1095143797,1,95143797,
ORC1,ENSG00000085840,0.121423489034645,0.446764780428895,0.0698435096990786,0.000236351783660188,missense|LC,1052368644,1,52368644,
DCBLD2,ENSG00000057019,0.121430293574533,0.0692953808769867,0.7906750695289,-0.000557554897721412,missense|LC,3098791781,3,98791781,
KLF4,ENSG00000136826,0.121506093340861,0.105947734894055,0.0778612069262182,-0.000671925926329257,missense|LC,9107485669,9,107485669,
PTPRD,ENSG00000153707,0.121513464990801,0.0659222483456883,0.391134357864145,0.00059073780030126,missense|LC,9008317807,9,8317807,
LRIT3,ENSG00000183423,0.121524928634357,0.105410565568333,0.0771026865312143,-0.00049063740456246,missense|LC,4109844063,4,109844063,
FO681492.1,ENSG00000277758,0.121552495260944,0.080995738216267,0.414813052384876,-0.000499866507220953,missense|LC,10047753076,10,47753076,
GLOD5,ENSG00000171433,0.12155665140752,0.0759449131002319,0.310955150230667,-0.000648595391578329,missense|LC,23048761742,X,48761742,
HOXD1,ENSG00000128645,0.121580547278861,0.0877272737278332,0.139269320217396,0.000711263225142417,missense|LC,2176188717,2,176188717,
N4BP1,ENSG00000102921,0.12163818910377,0.360375513398446,0.071350945946993,0.000428347144959887,missense|LC,16048542854,16,48542854,
GABARAPL2,ENSG00000034713,0.121669292472963,0.0723709062354205,0.13702019093386,-0.00329751517935705,missense|LC,16075566439,16,75566439,
RPRD1B,ENSG00000101413,0.121701833558382,0.071726086069805,0.253438527026649,0.00206261552351133,missense|LC,20038033857,20,38033857,
SOX5,ENSG00000134532,0.121717441255467,0.0817462846063043,0.126292211216957,-0.00157334364299814,missense|LC,12023534161,12,23534161,
EVA1B,ENSG00000142694,0.121732365366729,0.0733174126127012,0.138233196740073,0.000931254411301089,missense|LC,1036319058,1,36319058,
TXNDC5,ENSG00000239264,0.121759213548037,0.0657278449422619,0.728720239640031,-0.000983481602526013,missense|LC,6007879001,6,7879001,
IHO1,ENSG00000173421,0.121791461802608,0.542981165509249,0.06751663015731,0.000461669299100936,missense|LC,3049200498,3,49200498,
IKZF3,ENSG00000161405,0.121834771038145,0.0682630291946866,0.738444917537077,-0.00125193605232342,missense|LC,17039765738,17,39765738,
RPL36,ENSG00000130255,0.121835398991753,0.854063642974868,0.0683271272383805,0.00036492789124376,missense|LC,19005678479,19,5678479,
RPL3,ENSG00000100316,0.121838091951254,0.0751327061376197,0.168392991946147,0.00174011423353497,missense|LC,22039312847,22,39312847,
CYP2F1,ENSG00000197446,0.121859968945715,0.0687039636801841,0.399494414565123,-0.000717788803761137,missense|LC,19041116097,19,41116097,
PPP1R15A,ENSG00000087074,0.121881526758215,0.144229193712282,0.0710093333771543,0.000499269943018057,missense|LC,19048867432,19,48867432,
ATG9B,ENSG00000181652,0.121906366559325,0.622216115238775,0.064321383276186,-0.000161635742192655,missense|LC,7151007249,7,151007249,
PCDHGB6,ENSG00000253305,0.121907443356364,0.66463798587117,0.0705100735184483,0.000107871681689167,missense|LC,5141403204,5,141403204,
DENND1B,ENSG00000213047,0.122047671879736,0.101154164655062,0.094144588696934,0.00105933616420533,missense|LC,1197510350,1,197510350,
HGS,ENSG00000185359,0.122049906176819,0.0679265137407067,0.589994985460768,0.000703534033150985,missense|LC,17081681609,17,81681609,
APH1A,ENSG00000117362,0.122066680949569,0.555903324245183,0.0653435390264515,-0.00102709774691368,missense|LC,1150261400,1,150261400,
ZSCAN30,ENSG00000186814,0.122151845894452,0.911755824824373,0.0702387923570801,0.0000405188160837892,missense|LC,18035246069,18,35246069,
ANOS1,ENSG00000011201,0.122165357285675,0.0714964368973972,0.706892804220465,0.000705881910402502,missense|LC,23008533018,X,8533018,
TM9SF1,ENSG00000100926,0.122199502224307,0.0686780561771463,0.196754366806877,0.00111280972271015,missense|LC,14024184119,14,24184119,
MUC19,ENSG00000205592,0.122213139906851,0.0677689691051159,0.475111721263082,0.000872988883698779,missense|LC,12040393372,12,40393372,
NFATC4,ENSG00000100968,0.122232336947161,0.067881511633853,0.217025099387665,0.000654589546817367,missense|LC,14024365589,14,24365589,
NDUFA13,ENSG00000186010,0.122240456778578,0.931539809266131,0.0658313255009411,0.000115980275852369,missense|LC,19019514524,19,19514524,
SPDYE2B,ENSG00000173678,0.122249272467803,0.0797509062650765,0.11386108424288,0.00777188640190315,missense|LC,7102653293,7,102653293,
COPRS,ENSG00000172301,0.122279180860128,0.291699504702887,0.0761844822700423,0.000974584648968546,missense|LC,17031852049,17,31852049,
EFCAB6,ENSG00000186976,0.122314309196046,0.570337396670847,0.0687612777673338,0.000116521188784916,missense|LC,22043528711,22,43528711,
MGRN1,ENSG00000102858,0.122359002713074,0.825712941598597,0.0667095737932348,0.000115416141452976,missense|LC,16004624883,16,4624883,
NRARP,ENSG00000198435,0.122510947289233,0.0743442567607875,0.142174247829815,0.00458023799483262,missense|LC,9137301537,9,137301537,
F11R,ENSG00000158769,0.122522778940077,0.622190143066735,0.0676184805361001,0.000820912382715062,missense|LC,1160998797,1,160998797,
PTRH2,ENSG00000141378,0.122617193381476,0.101240327075783,0.149533109977058,0.00102909627143941,missense|LC,17059693619,17,59693619,
CUEDC1,ENSG00000180891,0.122651881682787,0.313574822614619,0.0662047443078674,-0.000866898237198658,missense|LC,17057866404,17,57866404,
DYNLL1,ENSG00000088986,0.122736716685681,0.262439165836191,0.068768294455124,0.00630918247854912,missense|LC,12120465520,12,120465520,
UROS,ENSG00000188690,0.122737675656103,0.0991550683946232,0.0867989403849725,0.000850332075957428,missense|LC,10125788463,10,125788463,
IGFBP7,ENSG00000163453,0.122763663103648,0.669677127361686,0.0668661571597795,-0.00032230188524486,missense|LC,4057030163,4,57030163,
ERVFRD-1,ENSG00000244476,0.122767092190206,0.0715935810330293,0.173521616620222,0.000961352079904584,missense|LC,6011103554,6,11103554,
WDR27,ENSG00000184465,0.1227706363306,0.417854683151888,0.0709647543149955,-0.000194795395979674,missense|LC,6169457517,6,169457517,
SPOCK2,ENSG00000107742,0.122770987641764,0.0694826216079669,0.322323107391284,-0.000706416421689305,missense|LC,10072062595,10,72062595,
THAP11,ENSG00000168286,0.122871795929377,0.0679088282746183,0.417511203166269,-0.000622534442341322,missense|LC,16067842465,16,67842465,
BRF2,ENSG00000104221,0.122874530348926,0.396182174154344,0.0717189431593342,0.000387036688301031,missense|LC,8037838849,8,37838849,
APPL2,ENSG00000136044,0.122943708903059,0.0682269559560963,0.667852213254009,-0.000666099194533554,missense|LC,12105174210,12,105174210,
PRB1,ENSG00000251655,0.123025087121463,0.256795552083162,0.070434543615538,0.00051399676210242,missense|LC,12011353073,12,11353073,
AC022414.1,ENSG00000284762,0.123092671366565,0.184041697518502,0.0677829138001359,0.000965215597752823,missense|LC,5077180365,5,77180365,
LRRN3,ENSG00000173114,0.12313070174878,0.0679091808630908,0.696753898777229,-0.00119616270909932,missense|LC,7111122728,7,111122728,
OR8B3,ENSG00000284609,0.123151780629092,0.0711617905736373,0.154312884638833,-0.00171135686004706,missense|LC,11124396349,11,124396349,
ZRANB2,ENSG00000132485,0.123153953725313,0.78557440054786,0.0711247528717075,-0.000240902777746255,missense|LC,1071065029,1,71065029,
IFNA21,ENSG00000137080,0.12315959991434,0.215096689928276,0.0667143776913561,-0.00122785683960311,missense|LC,9021165928,9,21165928,
USP14,ENSG00000101557,0.123171549312984,0.0938718398873856,0.0828643303309795,0.00123094154273513,missense|LC,18000158598,18,158598,
CRACD,ENSG00000109265,0.123195480656086,0.0721952452596356,0.162330175917736,0.000414944543024355,missense|LC,4056298131,4,56298131,
GFM1,ENSG00000168827,0.123294214651619,0.134423713553439,0.0755425992184899,0.00109658651980679,missense|LC,3158644597,3,158644597,
NSUN6,ENSG00000241058,0.12331685352812,0.0861008879985715,0.101833647726322,0.00104138934596893,missense|LC,10018545938,10,18545938,
SKAP2,ENSG00000005020,0.123370454761149,0.521113162735553,0.0699020576307294,0.000577376972041114,missense|LC,7026670118,7,26670118,
KNOP1,ENSG00000103550,0.12337194401647,0.9175249011632,0.069134834105133,-0.0000418061229961349,missense|LC,16019699397,16,19699397,
DIMT1,ENSG00000086189,0.123374408767227,0.0692755145755255,0.638240661211918,0.00164901545757731,missense|LC,5062385443,5,62385443,
NAALAD2,ENSG00000077616,0.12339613653464,0.0692292384701587,0.274044177263099,-0.00102412794832892,missense|LC,11090134685,11,90134685,
C2orf69,ENSG00000178074,0.123419083856399,0.0788261543348296,0.221361896494783,0.000970579645674092,missense|LC,2199911313,2,199911313,
KIF12,ENSG00000136883,0.123424324223658,0.0705877474853566,0.202356588906983,0.000902406279567673,missense|LC,9114091763,9,114091763,
MAP4K4,ENSG00000071054,0.123430029823593,0.778474623507684,0.0673747656618275,0.000219828021839807,missense|LC,2101698014,2,101698014,
EBF3,ENSG00000108001,0.123454685538827,0.0934485761707027,0.0959840542918402,-0.0017920640078008,missense|LC,10129837830,10,129837830,
ACACA,ENSG00000278540,0.123497049569891,0.686700507998808,0.0653204865965087,0.000235916336071478,missense|LC,17037087201,17,37087201,
PCBP3,ENSG00000183570,0.123571166162024,0.380925003376358,0.0655717846229891,0.000838560827924957,missense|LC,21045850020,21,45850020,
PRPH2,ENSG00000112619,0.123696219225041,0.0804191086883459,0.112108195541951,0.00119451718283099,missense|LC,6042698180,6,42698180,
SERP1,ENSG00000120742,0.123799725908376,0.239729101841976,0.0701331753147534,-0.00521139331465194,missense|LC,3150544401,3,150544401,
AC007846.2,ENSG00000285471,0.12388578611801,0.0799233902048071,0.11008215198903,0.00289416065088235,missense|LC,17006080568,17,6080568,
PLEKHA7,ENSG00000166689,0.123924199766898,0.0692364745317211,0.662913704365528,-0.000576031134329172,missense|LC,11016780908,11,16780908,
TRIM51,ENSG00000124900,0.123970766672124,0.0726865400604666,0.153591544709367,0.000737466616222845,missense|LC,11055880788,11,55880788,
SEL1L3,ENSG00000091490,0.124015448346527,0.297745046523636,0.0685287788980523,-0.000427680112227028,missense|LC,4025748336,4,25748336,
LIMCH1,ENSG00000064042,0.124121889617607,0.407951401951319,0.0678743464011128,-0.000201177754760898,missense|LC,4041538092,4,41538092,
SCUBE2,ENSG00000175356,0.124124776569864,0.958401703682861,0.0678235651816756,0.0000140182931932974,missense|LC,11009020964,11,9020964,
FAM72D,ENSG00000215784,0.124155025156516,0.0965461476010976,0.0916441024871369,-0.00782210162268598,missense|LC,1145094894,1,145094894,
SKIV2L,ENSG00000204351,0.124173879361403,0.555163827303703,0.067539196484411,-0.000248820991791097,missense|LC,6031954176,6,31954176,
ANKRD13A,ENSG00000076513,0.124240091328666,0.0726894112283354,0.208173989035378,0.00681048213006307,missense|LC,12109996135,12,109996135,
PRDM1,ENSG00000057657,0.124281927157866,0.0926546119511999,0.0998984220411296,0.000800865633222776,missense|LC,6106086467,6,106086467,
POLR3A,ENSG00000148606,0.124281937268839,0.269206115483913,0.0737454699478921,0.00060982485575461,missense|LC,10077977393,10,77977393,
FBXO6,ENSG00000116663,0.124282510131893,0.798080158919347,0.0714420296321193,0.000137675142853636,missense|LC,1011661038,1,11661038,
SPOCK1,ENSG00000152377,0.124401001089004,0.0713337893590235,0.423475613031036,-0.00204507305400324,missense|LC,5136978559,5,136978559,
AC018709.1,ENSG00000272297,0.124404415832534,0.266352241326242,0.102939670276265,0.0014360795556194,missense|LC,4186533585,4,186533585,
PRSS56,ENSG00000237412,0.12441536622855,0.0693959799057751,0.412983805983628,0.000854607743443279,missense|LC,2232520537,2,232520537,
AC010547.4,ENSG00000261611,0.124418454111457,0.0860148572286601,0.113043729276628,0.00425958025641168,missense|LC,16071448035,16,71448035,
VPS26B,ENSG00000151502,0.124453430857341,0.941393687786366,0.0654881355153321,-0.0000932886991660605,missense|LC,11134220493,11,134220493,
PIGO,ENSG00000165282,0.124465026734118,0.069514932654778,0.478306580170724,0.000719643879320133,missense|LC,9035088977,9,35088977,
GUSB,ENSG00000169919,0.124569100465054,0.0710059858014506,0.260605234881812,0.00102301381820684,missense|LC,7065960841,7,65960841,
PRSS16,ENSG00000112812,0.124674457955208,0.132357564443489,0.0732427140155124,0.000968449684890416,missense|LC,6027247636,6,27247636,
EXOSC3,ENSG00000107371,0.124680641598812,0.105586815898511,0.0814684835228445,-0.00110046082565037,missense|LC,9037776207,9,37776207,
REPIN1,ENSG00000214022,0.124683738779236,0.0674791952336589,0.639852741106131,-0.001362422139341,missense|LC,7150369600,7,150369600,
SLC23A1,ENSG00000170482,0.124740637891299,0.0900180771915254,0.110593919333397,0.00125686818275699,missense|LC,5139363694,5,139363694,
SERTAD3,ENSG00000167565,0.124778848128114,0.289497759401353,0.072256888755718,-0.001494726644238,missense|LC,19040441442,19,40441442,
CTSK,ENSG00000143387,0.124871332419855,0.0689041005801702,0.3225838580254,-0.00265615176892064,missense|LC,1150796767,1,150796767,
GALNT2,ENSG00000143641,0.124927339224375,0.0812762232682761,0.111659971405598,0.000820750805099116,missense|LC,1230067211,1,230067211,
ACSL4,ENSG00000068366,0.124931985743023,0.0826037956957422,0.123372914982396,0.0012567046698699,missense|LC,23109643966,X,109643966,
D2HGDH,ENSG00000180902,0.124977398714177,0.457161247554424,0.0711855996095798,0.000245947346833185,missense|LC,2241735123,2,241735123,
GLG1,ENSG00000090863,0.124982236863325,0.0669646420831621,0.632014023597862,-0.000956043862014091,missense|LC,16074452023,16,74452023,
BCAR1,ENSG00000050820,0.12503194606946,0.523804714128295,0.0677873411512705,-0.000150777867836095,missense|LC,16075224161,16,75224161,
MAP4K1,ENSG00000104814,0.125083762393861,0.0689775553524148,0.605491175192188,0.000984882266984278,missense|LC,19038584842,19,38584842,
ST6GALNAC1,ENSG00000070526,0.12520223108577,0.0692869869147992,0.231936599671446,-0.000973621907122968,missense|LC,17076625244,17,76625244,
ADAMTS13,ENSG00000160323,0.125221538707261,0.981263382139936,0.0665377530087873,-0.00000225117866128798,missense|LC,9133422392,9,133422392,
RNF165,ENSG00000141622,0.12524059143677,0.122448515855277,0.081816738755966,-0.00211313672803826,missense|LC,18046334180,18,46334180,
ZBTB40,ENSG00000184677,0.1252443525292,0.0687978703962795,0.406209029022428,0.000795252731521706,missense|LC,1022489874,1,22489874,
GRHL2,ENSG00000083307,0.125294462078959,0.0696373473498939,0.383595650445899,-0.00120937266761786,missense|LC,8101492707,8,101492707,
CNGA2,ENSG00000183862,0.125317823605129,0.202241170099207,0.0723053678866135,-0.000427385962378941,missense|LC,23151738462,X,151738462,
FUCA2,ENSG00000001036,0.125341624651236,0.0776213641694075,0.119380449253072,0.000872658185720866,missense|LC,6143490622,6,143490622,
PDPR,ENSG00000090857,0.125436808257428,0.109549047715407,0.0815940573385496,0.000422179814646803,missense|LC,16070120448,16,70120448,
PPFIA3,ENSG00000177380,0.125456324725707,0.740779637898299,0.0714279229479973,-0.000198693832382019,missense|LC,19049114819,19,49114819,
C10orf67,ENSG00000179133,0.125457518849764,0.0959871343978734,0.375200469072975,0.00119106814474455,missense|LC,10023320692,10,23320692,
SCFD1,ENSG00000092108,0.12546666784247,0.12873599401809,0.0746402295778571,0.000755098793500849,missense|LC,14030622216,14,30622216,
ACVRL1,ENSG00000139567,0.125534142007949,0.142267198859447,0.0760847870537771,0.000762867043881095,missense|LC,12051912372,12,51912372,
KIAA0513,ENSG00000135709,0.125537251760048,0.0748767182961195,0.332675200937112,-0.000984817036633121,missense|LC,16085066995,16,85066995,
LRRC29,ENSG00000125122,0.125570230987807,0.243031060405836,0.0707679295260193,0.000900953085731654,missense|LC,16067202150,16,67202150,
CMPK1,ENSG00000162368,0.125596359524698,0.212488401536094,0.10587417526396,0.00071361991524204,missense|LC,1047333852,1,47333852,
POU3F2,ENSG00000184486,0.125610690711557,0.807218426981534,0.0675894175595673,0.000193886889494115,missense|LC,6098834775,6,98834775,
GSKIP,ENSG00000100744,0.125621684722963,0.198627757864083,0.0726267650764729,0.00196576184056383,missense|LC,14096362730,14,96362730,
PMM1,ENSG00000100417,0.125636844124079,0.21707556239574,0.0722194925746648,-0.000955108612914895,missense|LC,22041571903,22,41571903,
CD4,ENSG00000010610,0.125638475084615,0.552380447942263,0.0692296347051853,-0.000300373780671446,missense|LC,12006800088,12,6800088,
DBT,ENSG00000137992,0.125688936793291,0.0783630935012506,0.144595382625964,0.000707916246055136,missense|LC,1100196217,1,100196217,
VWCE,ENSG00000167992,0.125695032462309,0.232979759956868,0.0693609034621829,-0.000480153708418149,missense|LC,11061258561,11,61258561,
ZNF548,ENSG00000188785,0.125709289492673,0.352493825487938,0.0706299940403297,0.000546117297470361,missense|LC,19057389980,19,57389980,
SLC39A4,ENSG00000147804,0.125711759169527,0.220574018138758,0.0691297622259786,0.00047908162863704,missense|LC,8144408910,8,144408910,
ALG2,ENSG00000119523,0.125770074265235,0.737016955974472,0.0683982368897398,0.000213308590624307,missense|LC,9099217853,9,99217853,
RTF1,ENSG00000137815,0.125773298851471,0.0686039643421383,0.240206636792325,-0.00142308483830341,missense|LC,15041417001,15,41417001,
UBR4,ENSG00000127481,0.125854384367864,0.971102700794905,0.0683628841144535,0.00000643880172215263,missense|LC,1019074738,1,19074738,
ESD,ENSG00000139684,0.12589485015573,0.0735734638698101,0.235240351449386,0.00189419252683077,missense|LC,13046771390,13,46771390,
AC008687.8,ENSG00000283663,0.12593053676665,0.0697095159130953,0.225740928266755,0.00255798462321505,missense|LC,19049054131,19,49054131,
NAA25,ENSG00000111300,0.125951025230237,0.473179388390374,0.0754145626480131,-0.00027432447917963,missense|LC,12112022067,12,112022067,
MT2A,ENSG00000125148,0.126051061975576,0.472013551325931,0.0818311862063018,-0.00130804320259052,missense|LC,16056608550,16,56608550,
TMEM161B,ENSG00000164180,0.126100918944355,0.82054840231376,0.082700230979728,-0.000106418221929604,missense|LC,5088196362,5,88196362,
EXD3,ENSG00000187609,0.126130413748039,0.73574972294319,0.0698079353272991,-0.0000552861173870418,missense|LC,9137301897,9,137301897,
AARSD1,ENSG00000266967,0.12617855204691,0.0769765541162789,0.160698359560302,0.00123007462374712,missense|LC,17042950456,17,42950456,
CSRNP3,ENSG00000178662,0.126198965418204,0.887245304204079,0.067284380852715,-0.000104892684721655,missense|LC,2165574307,2,165574307,
XIRP1,ENSG00000168334,0.126312953726997,0.375624958207658,0.0673758026494955,-0.000174298686577491,missense|LC,3039183765,3,39183765,
OR9G4,ENSG00000172457,0.126480320956991,0.204490666196609,0.0696323845696234,0.000893028544507479,missense|LC,11056740297,11,56740297,
TUBGCP5,ENSG00000275835,0.126643702958424,0.0726461361704354,0.518039843739799,-0.0115006805149936,missense|LC,15022999727,15,22999727,
SLC22A13,ENSG00000172940,0.12679166471465,0.0748530975143369,0.219008537626785,-0.000590478526357463,missense|LC,3038265792,3,38265792,
TRIR,ENSG00000123144,0.126821625417921,0.650948880572294,0.0764030802974178,0.000672298305963675,missense|LC,19012730896,19,12730896,
FABP7,ENSG00000164434,0.126823498459228,0.0930187252738301,0.0979940175787317,-0.00105605619610339,missense|LC,6122779759,6,122779759,
C18orf54,ENSG00000166845,0.126927093890896,0.120666989474668,0.0809960920378356,0.000950277733887178,missense|LC,18054354026,18,54354026,
FRG2,ENSG00000205097,0.127002631652294,0.0762459687208678,0.383224011484833,0.000654026289635934,missense|LC,4190025637,4,190025637,
DNAH10,ENSG00000197653,0.127040485639656,0.0896058306637701,0.110821664556057,-0.000171541006964025,missense|LC,12123757908,12,123757908,
H2AX,ENSG00000188486,0.127089403182709,0.916068144678761,0.0714631380477366,0.000278741775539281,missense|LC,11119089033,11,119089033,
BCL7C,ENSG00000099385,0.127112412003827,0.0681327527201289,0.635114218668207,0.00281085460659,missense|LC,16030834866,16,30834866,
HMG20B,ENSG00000064961,0.127127242647119,0.0778967008600987,0.280496016588346,-0.00103104484904034,missense|LC,19003573225,19,3573225,
LST1,ENSG00000204482,0.12724155024979,0.282124556995638,0.0724170195700945,-0.00155779513721498,missense|LC,6031582200,6,31582200,
PLIN2,ENSG00000147872,0.127443850391127,0.0734031850552074,0.233598996082276,-0.00104178782354636,missense|LC,9019116160,9,19116160,
RPAIN,ENSG00000129197,0.127470339164843,0.176776869976965,0.0748779083913356,-0.00117058572928226,missense|LC,17005416462,17,5416462,
WDR86,ENSG00000187260,0.127482794838217,0.623645405111381,0.0717411511962158,-0.000154376928055802,missense|LC,7151376553,7,151376553,
SPART,ENSG00000133104,0.127566993999079,0.223310414289413,0.0729854395216988,0.000589420886528311,missense|LC,13036297564,13,36297564,
SMCO1,ENSG00000214097,0.127577998422744,0.074360197251496,0.250525891504403,-0.00106746751544042,missense|LC,3196502818,3,196502818,
CMTM6,ENSG00000091317,0.127579324927228,0.0985708319983802,0.0941443719745021,0.00326101016530238,missense|LC,3032483861,3,32483861,
AURKB,ENSG00000178999,0.127595473412324,0.250344555178779,0.0712731190995007,-0.000619067932198148,missense|LC,17008204763,17,8204763,
OR52A1,ENSG00000182070,0.12760076723841,0.0786576973671932,0.458726288475798,0.00102008111900569,missense|LC,11005151379,11,5151379,
BIN2,ENSG00000110934,0.127601645626719,0.0788837114168366,0.4639828140728,-0.000752416592798901,missense|LC,12051281421,12,51281421,
NEUROD2,ENSG00000171532,0.127695591684206,0.0682315542138301,0.309271924733653,0.00282136455522464,missense|LC,17039605328,17,39605328,
IL10,ENSG00000136634,0.12778817375863,0.136408162118623,0.0971918971359886,0.00099609243610797,missense|LC,1206768621,1,206768621,
BAG1,ENSG00000107262,0.127891768068463,0.0960113941309587,0.0882702592857769,-0.00117042106931346,missense|LC,9033248348,9,33248348,
SLC35G1,ENSG00000176273,0.127939437201356,0.861914204988211,0.0697695588297784,0.000100952023900055,missense|LC,10093893941,10,93893941,
ESPL1,ENSG00000135476,0.127941374894665,0.0710604474834939,0.803128624856366,0.000595461048218839,missense|LC,12053268737,12,53268737,
ZFP92,ENSG00000189420,0.127960134913261,0.309578129597285,0.0682822145722144,-0.000825115873081135,missense|LC,23153418326,X,153418326,
CATSPERG,ENSG00000099338,0.128004981703585,0.0947215214934327,0.103112593025819,-0.000530221626379643,missense|LC,19038337116,19,38337116,
OR4C46,ENSG00000185926,0.128012075696643,0.679791656758998,0.0756526419841166,-0.000145920278358574,missense|LC,11054603056,11,54603056,
PANX2,ENSG00000073150,0.128048563797642,0.0838427862152764,0.138729214332191,0.00113096616082599,missense|LC,22050170720,22,50170720,
KRCC1,ENSG00000172086,0.128238810579509,0.0814473944312171,0.258291487688652,0.00117935820027189,missense|LC,2088027715,2,88027715,
LGALS1,ENSG00000100097,0.128297431742222,0.660480615610748,0.0831033991593628,0.000335232214613751,missense|LC,22037675613,22,37675613,
CDH2,ENSG00000170558,0.128363074464752,0.191933954278495,0.0711266059694248,0.000902926764769912,missense|LC,18027952108,18,27952108,
CBWD3,ENSG00000196873,0.128399775932908,0.69905568466248,0.0725852235763682,0.00104001560467167,missense|LC,9068247463,9,68247463,
ORC2,ENSG00000115942,0.128420675830097,0.0777568834430855,0.160690083902954,-0.00134931382930796,missense|LC,2200911283,2,200911283,
CLEC4F,ENSG00000152672,0.12842302056192,0.0709345645528107,0.227367262273126,-0.000824108117178068,missense|LC,2070809013,2,70809013,
PMPCA,ENSG00000165688,0.128429018292317,0.209669511550045,0.0686886617240803,0.000900599439465082,missense|LC,9136405884,9,136405884,
GUCY1A1,ENSG00000164116,0.128431134572406,0.717234671392163,0.0709586049954968,0.000220509744070394,missense|LC,4155696796,4,155696796,
SFN,ENSG00000175793,0.128437199354249,0.0949026379298517,0.147872650716596,0.000986059853887974,missense|LC,1026863080,1,26863080,
KIZ,ENSG00000088970,0.128534396438404,0.760952512849801,0.0698022622551566,-0.000181522418300987,missense|LC,20021125957,20,21125957,
LAMC1,ENSG00000135862,0.128647166084045,0.0708125080353532,0.721271201724981,0.000510936993762107,missense|LC,1183023618,1,183023618,
SLC36A4,ENSG00000180773,0.128671572020086,0.371252912252398,0.0726992740496495,0.000469861494291715,missense|LC,11093148482,11,93148482,
CAMK2N2,ENSG00000163888,0.128707408054049,0.521932640589565,0.071610303868378,-0.00191441953066436,missense|LC,3184257382,3,184257382,
CDKAL1,ENSG00000145996,0.128739210020756,0.374383199459067,0.0962838000601371,-0.000449889141905635,missense|LC,6020546296,6,20546296,
MEGF6,ENSG00000162591,0.128805670065722,0.105830864382546,0.0928578877052408,-0.000331226249450736,missense|LC,1003490442,1,3490442,
BCL6,ENSG00000113916,0.128860562839593,0.0715521117682371,0.346292016023932,0.00103095714659011,missense|LC,3187722357,3,187722357,
H1-2,ENSG00000187837,0.128881107651594,0.515511586602745,0.0698896561503544,-0.000275019965069949,missense|LC,6026055724,6,26055724,
RASD1,ENSG00000108551,0.128922799749734,0.14737824704657,0.0797823804160769,0.000805438829662335,missense|LC,17017491217,17,17491217,
TMEM216,ENSG00000187049,0.129052990818587,0.279275403035628,0.077559847452223,0.00105790446713579,missense|LC,11061392550,11,61392550,
GPR26,ENSG00000154478,0.129267038307656,0.428176986500607,0.070675923995887,0.00102987778394798,missense|LC,10123666340,10,123666340,
IL36RN,ENSG00000136695,0.12929686821284,0.365546912900261,0.0878832193844234,0.000591811778217898,missense|LC,2113059350,2,113059350,
CHTF8,ENSG00000168802,0.129316852435993,0.701730513620476,0.0698249670490727,0.00071293900196611,missense|LC,16069113413,16,69113413,
CDA,ENSG00000158825,0.129369146978633,0.142035925413162,0.0782047339097739,0.00170664647668644,missense|LC,1020589047,1,20589047,
ARHGEF10,ENSG00000104728,0.129486441665725,0.12446060053554,0.0842118258282339,0.000508834846767019,missense|LC,8001826040,8,1826040,
PKP1,ENSG00000081277,0.129548344887841,0.808675676820789,0.0729631746772295,0.0000743437255109367,missense|LC,1201283647,1,201283647,
CHI3L2,ENSG00000064886,0.129575829015671,0.183180151444513,0.0704098795946411,-0.0009753803374504,missense|LC,1111195796,1,111195796,
BRSK2,ENSG00000174672,0.129679670571389,0.0789972949439612,0.122125976772586,-0.000984463404999433,missense|LC,11001411153,11,1411153,
CNGA1,ENSG00000198515,0.129690544944286,0.821522634878126,0.074381633500492,-0.000143523096105714,missense|LC,4047936334,4,47936334,
ZSCAN1,ENSG00000152467,0.129694953472601,0.267797650777186,0.0713035380164577,0.000443844200038436,missense|LC,19058037716,19,58037716,
TMX1,ENSG00000139921,0.129720869703142,0.0759888310539724,0.324805061330039,0.00132222083973874,missense|LC,14051240167,14,51240167,
BAG5,ENSG00000166170,0.129725629705613,0.112650171246111,0.0816444644829262,-0.00114196206964838,missense|LC,14103559709,14,103559709,
ZNF720,ENSG00000197302,0.129842697484679,0.703732749455554,0.0790614511175982,-0.000404005191234968,missense|LC,16031713313,16,31713313,
PGAP4,ENSG00000165152,0.129866897609154,0.0729636340610653,0.468322712881785,-0.00137199993521461,missense|LC,9101475797,9,101475797,
ANXA8L1,ENSG00000264230,0.129886799002839,0.0825297614641507,0.128291473089005,0.00291820836826834,missense|LC,10046373469,10,46373469,
ZNF35,ENSG00000169981,0.129888837322698,0.344004173687212,0.0705733320324111,-0.00059197827994726,missense|LC,3044643732,3,44643732,
MYT1L,ENSG00000186487,0.129908687885869,0.0823883995837996,0.137555706368407,-0.00114255376048273,missense|LC,2001791789,2,1791789,
NIPAL2,ENSG00000104361,0.130094038387806,0.623467824806936,0.0728942799166843,-0.00034960595072088,missense|LC,8098192953,8,98192953,
Z84492.1,ENSG00000272104,0.130133003697185,0.456138911122394,0.0752673736448646,-0.00258388937622307,missense|LC,3050345892,3,50345892,
TSHZ3,ENSG00000121297,0.130196311846355,0.624221685628629,0.0742196427746749,0.000164010888179177,missense|LC,19031276468,19,31276468,
NELFB,ENSG00000188986,0.130201283214571,0.0849140270218023,0.14669689692616,0.00121873253657502,missense|LC,9137251260,9,137251260,
LARP6,ENSG00000166173,0.130235240488951,0.187994387118922,0.0762366413136941,0.000582141819592064,missense|LC,15070832003,15,70832003,
KCNA7,ENSG00000104848,0.130291021014084,0.767811898488819,0.0701505845410322,0.000223679002959283,missense|LC,19049070004,19,49070004,
GDF2,ENSG00000263761,0.130342043350587,0.33086965120311,0.072358157050517,-0.000657826153820323,missense|LC,10047322610,10,47322610,
ASIC4,ENSG00000072182,0.130379497253181,0.675248663749831,0.0753658146412084,-0.000138166342191036,missense|LC,2219514332,2,219514332,
WDR59,ENSG00000103091,0.130401393446836,0.070666567486097,0.453248544647161,-0.000814544100600333,missense|LC,16074874139,16,74874139,
NBR1,ENSG00000188554,0.130405918788706,0.528234980155943,0.0720608352069927,0.000201906885605246,missense|LC,17043175787,17,43175787,
TTYH1,ENSG00000167614,0.130427172262371,0.0827529613979778,0.140747144068197,-0.000856017592644177,missense|LC,19054415528,19,54415528,
SMCR8,ENSG00000176994,0.130428146983445,0.0735840887673719,0.350274379883792,0.000651830921371777,missense|LC,17018314500,17,18314500,
TBXT,ENSG00000164458,0.130468381795946,0.0864604456722721,0.481525479878403,0.000865865641766948,missense|LC,6166158198,6,166158198,
C6orf62,ENSG00000112308,0.130490795005768,0.840873611923506,0.0738682423594339,-0.000267069149765085,missense|LC,6024701388,6,24701388,
DMP1,ENSG00000152592,0.130619495239413,0.0939703438499753,0.105963493004845,0.000662812844834499,missense|LC,4087656484,4,87656484,
PAX9,ENSG00000198807,0.130638325146692,0.684613894164486,0.0725223062909348,-0.000349885008213241,missense|LC,14036661983,14,36661983,
EIF2S3,ENSG00000130741,0.130839315313998,0.302479794063103,0.0744762140720412,0.00239428909440039,missense|LC,23024054891,X,24054891,
PHC2,ENSG00000134686,0.130840953192838,0.279726391462434,0.0736049500641081,-0.000548673354672945,missense|LC,1033320976,1,33320976,
STEAP3,ENSG00000115107,0.130960741711071,0.0723640035261025,0.46989028074122,0.000678653601733861,missense|LC,2119230897,2,119230897,
PRL,ENSG00000172179,0.130981209273718,0.0909644963958598,0.11566180627556,-0.00239311178194545,missense|LC,6022287315,6,22287315,
ZNF491,ENSG00000177599,0.131201607167129,0.150725232017368,0.0784154502838595,0.000554222866206803,missense|LC,19011804392,19,11804392,
HDGFL1,ENSG00000112273,0.131237381774245,0.0833456256490491,0.133846014210907,0.000727098672976267,missense|LC,6022569432,6,22569432,
GVQW3,ENSG00000179240,0.131343059630986,0.0754687027910077,0.511583346706255,-0.00335737173939359,missense|LC,11076380665,11,76380665,
PTPDC1,ENSG00000158079,0.131398635140646,0.233522840800337,0.0748970294135308,-0.000370187717799701,missense|LC,9094084380,9,94084380,
UROC1,ENSG00000159650,0.131441135755545,0.0748692146143756,0.65591500644105,-0.000602961146295009,missense|LC,3126482215,3,126482215,
CORO2B,ENSG00000103647,0.131479622138081,0.0798986861655724,0.259826967798906,-0.00115923199591193,missense|LC,15068578955,15,68578955,
ALG11,ENSG00000253710,0.13150687256804,0.681257012071539,0.0729861162682435,0.000321400010636643,missense|LC,13052011173,13,52011173,
CELSR2,ENSG00000143126,0.131568823758972,0.297586892584974,0.0697860344018283,0.000197673838948088,missense|LC,1109249968,1,109249968,
AADACL2,ENSG00000197953,0.131593532516304,0.108142334865253,0.0839234074244175,0.00115044495808695,missense|LC,3151733949,3,151733949,
HDHD3,ENSG00000119431,0.131632246121675,0.948175458946706,0.073813579311232,-0.0000408306975762489,missense|LC,9113368419,9,113368419,
RPE,ENSG00000197713,0.131729240746097,0.315489600466412,0.0771200513221532,0.000972802532786044,missense|LC,2210002488,2,210002488,
ZNF566,ENSG00000186017,0.131766414300577,0.353610452093352,0.0874547373351854,-0.000459553534913057,missense|LC,19036448920,19,36448920,
TMEFF1,ENSG00000241697,0.131813706760372,0.916139132094565,0.0796387068058484,0.0000559229498502777,missense|LC,9100473459,9,100473459,
BRSK1,ENSG00000160469,0.131871671958146,0.22860823228442,0.0792459472309646,0.000706947723666161,missense|LC,19055279341,19,55279341,
BRD9,ENSG00000028310,0.131871742008167,0.0782929727192544,0.246617768280732,0.000913331833919866,missense|LC,5000864402,5,864402,
PKMYT1,ENSG00000127564,0.131918789373524,0.260469904627957,0.0710811504061967,0.000691634452979168,missense|LC,16002967810,16,2967810,
CSAD,ENSG00000139631,0.131969395004689,0.0784659507534338,0.14862299409621,0.000593639902721717,missense|LC,12053153715,12,53153715,
TRAF3IP3,ENSG00000009790,0.131987212943846,0.100011489452177,0.0905267421361332,-0.00070435245795703,missense|LC,1209759985,1,209759985,
MYL4,ENSG00000198336,0.132030812717185,0.131512518106148,0.0831809774804876,-0.00194803928013655,missense|LC,17047209307,17,47209307,
GMPS,ENSG00000163655,0.132065219652759,0.0730766965338181,0.238217276653147,-0.00181259542974338,missense|LC,3155870829,3,155870829,
VPS33A,ENSG00000139719,0.132072477539935,0.140531098000917,0.0800921924676936,0.000991605301002538,missense|LC,12122224564,12,122224564,
FBXL14,ENSG00000171823,0.132081781964537,0.447321555091717,0.0864730372273224,-0.000344295020516254,missense|LC,12001592812,12,1592812,
KCNS2,ENSG00000156486,0.132177427697582,0.49869238036451,0.0755746130449628,-0.000485019743527032,missense|LC,8098427905,8,98427905,
SEPSECS,ENSG00000109618,0.132230513330866,0.167637383176184,0.0744551391017911,-0.000947632787696373,missense|LC,4025123881,4,25123881,
CAB39,ENSG00000135932,0.132236566205216,0.530818107319519,0.073508355477867,0.00117262631816626,missense|LC,2230725047,2,230725047,
AP5B1,ENSG00000254470,0.132266107113529,0.0735568743580259,0.935677569122208,-0.000599002570699946,missense|LC,11065777739,11,65777739,
FADS6,ENSG00000172782,0.132320538046043,0.0738560621834055,0.563348928688833,-0.000804405840898612,missense|LC,17074872304,17,74872304,
ZNF251,ENSG00000198169,0.132676959041451,0.815324188619755,0.0712849253955411,-0.000159134165693439,missense|LC,8144721535,8,144721535,
DBI,ENSG00000155368,0.132723123289672,0.433356449348788,0.0820031422230477,-0.000588295249554568,missense|LC,2119366947,2,119366947,
C10orf71,ENSG00000177354,0.132748775414141,0.0978548119011338,0.102866719347365,0.000428755149953974,missense|LC,10049322429,10,49322429,
CCKBR,ENSG00000110148,0.132817246166924,0.0987561168388067,0.0929500797561994,0.00128711518038309,missense|LC,11006259926,11,6259926,
FBXO30,ENSG00000118496,0.132823192665485,0.0742667996672293,0.604654273643991,-0.00122556231983891,missense|LC,6145800067,6,145800067,
NSD3,ENSG00000147548,0.132825734935847,0.0790150172452126,0.164648585060519,-0.000725618404735527,missense|LC,8038264704,8,38264704,
DOCK5,ENSG00000147459,0.132832012460443,0.695280178509859,0.0735175656742686,0.000105683540245259,missense|LC,8025184800,8,25184800,
RBFOX3,ENSG00000167281,0.132856090583477,0.3619098630617,0.0738602804438562,0.000910803194174001,missense|LC,17079085816,17,79085816,
DEPDC1,ENSG00000024526,0.13286279962744,0.975795699980736,0.0747489085490836,-1.68363048995062e-7,missense|LC,1068476859,1,68476859,
TSNAX,ENSG00000116918,0.132870300079143,0.0977206888719937,0.184352533142224,0.00115892461310802,missense|LC,1231528710,1,231528710,
PDE8B,ENSG00000113231,0.132893931026328,0.249738825215509,0.0725589664091567,0.000781902689471667,missense|LC,5077210684,5,77210684,
MECR,ENSG00000116353,0.132982700514718,0.0798557649156002,0.435356943300023,-0.000792451480280485,missense|LC,1029193921,1,29193921,
HYPK,ENSG00000242028,0.133199715645102,0.672498564676733,0.0811294665893245,0.000508322374531573,missense|LC,15043792321,15,43792321,
CLIC6,ENSG00000159212,0.13321054547099,0.0719288757496409,0.597278882147534,0.000639340937076262,missense|LC,21034669389,21,34669389,
EDEM1,ENSG00000134109,0.133308869637408,0.0742832161869713,0.27848880832382,-0.000874471330741296,missense|LC,3005187668,3,5187668,
HSFX4,ENSG00000283463,0.133332502641574,0.945693772973847,0.0728850188226404,-0.0000856407396652254,missense|LC,23149929864,X,149929864,
ZDBF2,ENSG00000204186,0.13336959726437,0.0718424926560963,0.652973370174109,0.00036388539598762,missense|LC,2206281778,2,206281778,
SLC25A12,ENSG00000115840,0.133632555573022,0.346213144021466,0.0723852830668552,0.000775266413162954,missense|LC,2171785208,2,171785208,
OR5AU1,ENSG00000169327,0.133685374980984,0.0786156728992409,0.163543835832704,-0.000996462035557248,missense|LC,14021154857,14,21154857,
ADGRV1,ENSG00000164199,0.133688646738323,0.856177052361667,0.0694783563560408,-0.0000226552249340054,missense|LC,5090558820,5,90558820,
ISOC1,ENSG00000066583,0.133758552119299,0.395175402079346,0.0714410394883077,-0.000862791974680857,missense|LC,5129094685,5,129094685,
AC009879.2,ENSG00000285655,0.133762831914664,0.869090788584419,0.0726735027446217,-0.000372025484999688,missense|LC,8066428998,8,66428998,
AMPD3,ENSG00000133805,0.133786085751578,0.2465388608384,0.0779799937349266,-0.000373033780207039,missense|LC,11010450171,11,10450171,
OR8D2,ENSG00000279116,0.133820409511768,0.0931906030060065,0.103400493010823,-0.00114489531147179,missense|LC,11124319225,11,124319225,
RNF4,ENSG00000063978,0.133870066957225,0.078967602258343,0.171191031907059,-0.00216685437560607,missense|LC,4002490411,4,2490411,
MPEG1,ENSG00000197629,0.133943412667284,0.082795147989781,0.136951552436113,-0.000519730346213744,missense|LC,11059204608,11,59204608,
CEMP1,ENSG00000205923,0.133976007694856,0.128761824586389,0.0803150131544359,0.000949219044216719,missense|LC,16002527475,16,2527475,
SUGP1,ENSG00000105705,0.1339943379293,0.55254551538763,0.0705641408798066,-0.000466183954688647,missense|LC,19019271034,19,19271034,
MAP1LC3A,ENSG00000101460,0.134066553303098,0.635292799932624,0.0737377055497239,-0.00116238161021433,missense|LC,20034549912,20,34549912,
LYZL2,ENSG00000151033,0.134149656508987,0.0750511875308826,0.524265672298242,0.00118697973299667,missense|LC,10030611806,10,30611806,
ARRDC2,ENSG00000105643,0.134244514248239,0.0760621297106835,0.418881127625735,-0.000802808237986834,missense|LC,19018008085,19,18008085,
CLCF1,ENSG00000175505,0.134250586167434,0.879368626912908,0.0799573460139665,0.000117763194264445,missense|LC,11067364992,11,67364992,
AREL1,ENSG00000119682,0.134258603458991,0.0771717355461148,0.298553391906783,0.00072699599514799,missense|LC,14074663656,14,74663656,
FMO5,ENSG00000131781,0.13430431728128,0.851285608600667,0.078549465293436,0.0000613018346018933,missense|LC,1147184384,1,147184384,
TPP2,ENSG00000134900,0.134320130526182,0.620856724802486,0.074772673288745,-0.000249993166198147,missense|LC,13102596924,13,102596924,
WDR11,ENSG00000120008,0.134367749096824,0.942242021711268,0.0745728543461255,0.0000239343717975773,missense|LC,10120851345,10,120851345,
ZNF121,ENSG00000197961,0.134370471386896,0.155743344702786,0.0796710784751259,-0.00103750308136673,missense|LC,19009565879,19,9565879,
ARFIP1,ENSG00000164144,0.134407479116979,0.318517346687457,0.0846663115314386,0.000508370301623651,missense|LC,4152829593,4,152829593,
EMB,ENSG00000170571,0.134428484437806,0.0837814659334801,0.209814290575573,0.000961473745389934,missense|LC,5050399142,5,50399142,
TTC31,ENSG00000115282,0.134459383881617,0.0869728492257047,0.294851716632989,0.000324282602531535,missense|LC,2074480726,2,74480726,
ACBD3,ENSG00000182827,0.134486748150446,0.307428452296895,0.0798384765972131,-0.000552351257160273,missense|LC,1226146545,1,226146545,
AC003005.1,ENSG00000268107,0.134511280152392,0.592593095822902,0.0893038264600905,-0.000370216576824478,missense|LC,19057487830,19,57487830,
GBGT1,ENSG00000148288,0.134537721495916,0.44990686650916,0.0770101311254809,-0.000289133823700853,missense|LC,9133148856,9,133148856,
PLCG2,ENSG00000197943,0.134587276793806,0.172832884035047,0.0775294832784477,-0.000301761799696086,missense|LC,16081785916,16,81785916,
CCDC172,ENSG00000182645,0.134642643171417,0.0750881531493636,0.242943742977194,0.00186412142536238,missense|LC,10116324966,10,116324966,
SAA2,ENSG00000134339,0.134662603105821,0.0875958269136159,0.155054127596702,-0.000750069867772449,missense|LC,11018245247,11,18245247,
TYSND1,ENSG00000156521,0.134705938479965,0.0746162443757884,0.41765538908957,0.000712320455325507,missense|LC,10070139843,10,70139843,
STYX,ENSG00000198252,0.134718064773969,0.0859533870227727,0.169406499125261,0.0015492904095392,missense|LC,14052727478,14,52727478,
ZNF80,ENSG00000174255,0.134742397473568,0.0777231797839447,0.21679140377757,-0.00145496997722808,missense|LC,3114236199,3,114236199,
OR1Q1,ENSG00000165202,0.134775235193084,0.138578403430819,0.0820618795488038,-0.000760502274525346,missense|LC,9122614700,9,122614700,
SPTLC1,ENSG00000090054,0.134797381501729,0.0752988684538729,0.637613039070269,-0.00150350393962564,missense|LC,9092032218,9,92032218,
IQGAP1,ENSG00000140575,0.134832615191331,0.223406863209139,0.0738420277206373,-0.000386059059740602,missense|LC,15090388244,15,90388244,
CATSPER3,ENSG00000152705,0.134870871682189,0.363589229230803,0.0734620055097207,-0.00113272260478934,missense|LC,5134967954,5,134967954,
FRG1,ENSG00000109536,0.134875414315526,0.784477613003738,0.0747029046434454,0.000246944084564547,missense|LC,4189940956,4,189940956,
GRXCR2,ENSG00000204928,0.134882957941181,0.076025239950166,0.489043152499295,-0.00121439506482989,missense|LC,5145859664,5,145859664,
LAP3,ENSG00000002549,0.134908222490928,0.811269790425786,0.0789656953385449,-0.0000915480235180118,missense|LC,4017577396,4,17577396,
C10orf95,ENSG00000120055,0.134910125023955,0.351834855614446,0.0752683633764532,-0.000672171409506969,missense|LC,10102450363,10,102450363,
CXCL16,ENSG00000161921,0.134958330729332,0.33607695795825,0.0867559773790592,0.00044088790210653,missense|LC,17004731413,17,4731413,
TAOK3,ENSG00000135090,0.13508740317173,0.0726109936883895,0.394515303516335,0.00139526654079248,missense|LC,12118144801,12,118144801,
ZC3H12B,ENSG00000102053,0.135129522229658,0.56336357053215,0.0778056565916201,-0.000336121042798068,missense|LC,23065488699,X,65488699,
MPHOSPH10,ENSG00000124383,0.135189384573914,0.696632714191022,0.0794983138924641,-0.0000947028317091119,missense|LC,2071130097,2,71130097,
CECR2,ENSG00000099954,0.135267374869471,0.0872081816065189,0.142860252502188,-0.000506518801865987,missense|LC,22017477561,22,17477561,
H2AC17,ENSG00000278677,0.135295517170966,0.105521901176984,0.0988482197493055,0.00241130080601023,missense|LC,6027890306,6,27890306,
OR5V1,ENSG00000243729,0.135315554969954,0.105029034352967,0.0930753214983285,-0.000668483557691634,missense|LC,6029355147,6,29355147,
CUTA,ENSG00000112514,0.135353521615043,0.0745935526187325,0.556210611503396,0.0020209786323297,missense|LC,6033412217,6,33412217,
LRRC57,ENSG00000180979,0.135377463941196,0.811988957917897,0.0732741490989653,0.000397123873666494,missense|LC,15042544026,15,42544026,
ACRV1,ENSG00000134940,0.135382130359423,0.0759479578805462,0.385794790229193,0.00200788171704284,missense|LC,11125672498,11,125672498,
SNRPE,ENSG00000182004,0.135466423293473,0.0797204713362918,0.421655336787647,0.00588310222524801,missense|LC,1203861610,1,203861610,
TENT5B,ENSG00000158246,0.1354759258731,0.485137132958333,0.0720665462357795,0.000595027063534669,missense|LC,1027005820,1,27005820,
DAPL1,ENSG00000163331,0.135489367959171,0.160168991389887,0.0780423866636236,0.0010929153416283,missense|LC,2158795275,2,158795275,
SH3GLB1,ENSG00000097033,0.13556152828817,0.0885233599093719,0.120014190886666,0.00129588135595825,missense|LC,1086704848,1,86704848,
AC010325.1,ENSG00000261341,0.13556855786552,0.191869869984794,0.0928406072914515,-0.0217932895382639,missense|LC,19050790322,19,50790322,
INTS9,ENSG00000104299,0.135574469992768,0.901316598090053,0.0710307152018108,0.0000929431364708385,missense|LC,8028768080,8,28768080,
CHMP4B,ENSG00000101421,0.135588141062495,0.0918110647445972,0.133192550033277,0.00422828172592609,missense|LC,20033811373,20,33811373,
NUSAP1,ENSG00000137804,0.135663768878567,0.0719614262550102,0.520194576947177,-0.00132191051624695,missense|LC,15041319566,15,41319566,
AC087721.2,ENSG00000285920,0.135663768878567,0.0719614262550102,0.520194576947177,-0.00132191051624695,missense|LC,15041309728,15,41309728,
SLC35C1,ENSG00000181830,0.135701277881482,0.33980795175371,0.0860477910627011,0.000471258895042851,missense|LC,11045804407,11,45804407,
FBXL4,ENSG00000112234,0.135736831850746,0.460351857996899,0.0747971216685899,0.00041639380172856,missense|LC,6098874205,6,98874205,
NECTIN2,ENSG00000130202,0.135747156950513,0.0818337927613833,0.15125377745152,-0.00057320346793057,missense|LC,19044846405,19,44846405,
PSD3,ENSG00000156011,0.13575937907972,0.0731288525840729,0.320658748190796,-0.000632900586849423,missense|LC,8018535691,8,18535691,
RNF123,ENSG00000164068,0.135769405524955,0.140318588122408,0.079346124647965,-0.000461300738771322,missense|LC,3049684558,3,49684558,
SNCA,ENSG00000145335,0.1358888162786,0.0797065980228315,0.14499249980382,-0.00269442910158277,missense|LC,4089726584,4,89726584,
GBA,ENSG00000177628,0.135960000202454,0.843116002488388,0.0816439805605689,-0.0000820537408271818,missense|LC,1155232699,1,155232699,
CDT1,ENSG00000167513,0.135963924062358,0.226156333534027,0.0765947091163224,0.000370932303416356,missense|LC,16088803767,16,88803767,
LTO1,ENSG00000149716,0.136011778590572,0.399536032151732,0.0755279986714057,-0.000976462682898269,missense|LC,11069667496,11,69667496,
RLN1,ENSG00000107018,0.136131738404056,0.075558518915708,0.247412261581395,-0.00124762975132203,missense|LC,9005335222,9,5335222,
ZSCAN26,ENSG00000197062,0.136295856239579,0.648445012449166,0.0797384808574679,0.00019292288624888,missense|LC,6028271853,6,28271853,
KCNIP2,ENSG00000120049,0.136320435641413,0.0853751794307864,0.385687008498858,-0.00126391767876408,missense|LC,10101827358,10,101827358,
USH2A,ENSG00000042781,0.136415456135377,0.0959860231671166,0.10597412095106,-0.000210257924024341,missense|LC,1215618843,1,215618843,
MMACHC,ENSG00000132763,0.136461685589805,0.168684670525101,0.0768439111062921,-0.000699604666661713,missense|LC,1045500253,1,45500253,
AC010616.1,ENSG00000285505,0.136465848134944,0.0769904325835646,0.445971290821146,-0.00135774140152783,missense|LC,19041956765,19,41956765,
KMO,ENSG00000117009,0.136525103703567,0.228793460845568,0.0805685778509134,-0.000544064615289376,missense|LC,1241532251,1,241532251,
PRTG,ENSG00000166450,0.136605732866016,0.0757941067244354,0.359992157535691,-0.00043932193306617,missense|LC,15055619869,15,55619869,
PLS3,ENSG00000102024,0.136669257712181,0.512400953840051,0.0893463075703985,-0.000469008309466824,missense|LC,23115610252,X,115610252,
ZNF641,ENSG00000167528,0.136715418391057,0.681654663266177,0.0751185734185186,0.00039141739765336,missense|LC,12048339849,12,48339849,
CDCA8,ENSG00000134690,0.136717040186693,0.10319806369194,0.0930292422827599,-0.0009750080493261,missense|LC,1037689499,1,37689499,
TIMM17B,ENSG00000126768,0.13674568466362,0.438141228229806,0.0814418656146461,-0.000638150323552493,missense|LC,23048893696,X,48893696,
CENPE,ENSG00000138778,0.136781552216422,0.0742275069983485,0.625310872573048,-0.000423399179610775,missense|LC,4103106192,4,103106192,
MMP19,ENSG00000123342,0.136802518350494,0.0809780418997558,0.624731472171412,-0.000703903025775106,missense|LC,12055836960,12,55836960,
CMYA5,ENSG00000164309,0.136829098128286,0.0730248014836026,0.51226561897984,0.000253862417397536,missense|LC,5079685165,5,79685165,
GALNT13,ENSG00000144278,0.136877926201754,0.0983665263551424,0.243820483249886,-0.00338781650309074,missense|LC,2153944498,2,153944498,
RBM39,ENSG00000131051,0.136878610735811,0.0997805192490028,0.0938005550334644,0.00187015898326242,missense|LC,20035696349,20,35696349,
RNF20,ENSG00000155827,0.136936474126012,0.283016541228031,0.0805859452938973,0.000501591774162398,missense|LC,9101535332,9,101535332,
NOMO1,ENSG00000103512,0.136999982237496,0.100225470530007,0.109573439111085,-0.000603531337334746,missense|LC,16014833697,16,14833697,
SLC8A3,ENSG00000100678,0.137121481671748,0.395767972359533,0.075839697061036,0.000331160855422065,missense|LC,14070045851,14,70045851,
NKD1,ENSG00000140807,0.137196530301538,0.804782452745317,0.0726887351209946,0.000193858200000468,missense|LC,16050548482,16,50548482,
TSFM,ENSG00000123297,0.137218546178089,0.505907573201877,0.0784615571300982,0.000418247327974393,missense|LC,12057780156,12,57780156,
OR2A2,ENSG00000221989,0.137234887050194,0.885031398745787,0.0769452239867067,0.000117618697494866,missense|LC,7144109547,7,144109547,
SPINK9,ENSG00000204909,0.137268157140552,0.367226589980504,0.0799878980650207,-0.00161654886066177,missense|LC,5148335550,5,148335550,
TST,ENSG00000128311,0.137269020629654,0.0782437465290247,0.18416323880545,0.00112790382859125,missense|LC,22037010911,22,37010911,
ZNF93,ENSG00000184635,0.137359825181741,0.683389649195532,0.086552605263305,-0.000128124695375,missense|LC,19019900942,19,19900942,
HOOK1,ENSG00000134709,0.137390201951591,0.882922112417313,0.0790022679527329,-0.0000600756796413123,missense|LC,1059815036,1,59815036,
DNAJC2,ENSG00000105821,0.137517043070226,0.171298769268175,0.0778313667625652,0.00127186891116858,missense|LC,7103307589,7,103307589,
UCHL1,ENSG00000154277,0.137579840601943,0.0971622400798269,0.105319433853462,0.00156028701299072,missense|LC,4041256854,4,41256854,
PDGFB,ENSG00000100311,0.137592730815475,0.0855282351583544,0.242078551705089,-0.000781567236712679,missense|LC,22039225613,22,39225613,
ZNF438,ENSG00000183621,0.137632871614332,0.0787700528968565,0.747415505889884,-0.0007002018718281,missense|LC,10030844854,10,30844854,
RPL26L1,ENSG00000037241,0.137663946411733,0.088990491425172,0.133245298554844,-0.00106180926815564,missense|LC,5172959297,5,172959297,
UGT2B7,ENSG00000171234,0.137846164093496,0.0905408581144015,0.103945853893951,0.000752398096223483,missense|LC,4069096383,4,69096383,
AZIN2,ENSG00000142920,0.137866839118694,0.53736250376337,0.076854638457053,-0.000336284251747762,missense|LC,1033082250,1,33082250,
LCK,ENSG00000182866,0.138063091805558,0.399676397713506,0.0920354992402008,-0.000650547791025853,missense|LC,1032274138,1,32274138,
SIGLEC14,ENSG00000254415,0.138172341181046,0.0810164503438555,0.602048832137147,-0.0010371174122304,missense|LC,19051643292,19,51643292,
CLEC4C,ENSG00000198178,0.138264740427266,0.0827241187593801,0.413856428582187,-0.00149891772459787,missense|LC,12007729524,12,7729524,
NLN,ENSG00000123213,0.13851714434401,0.739372169729513,0.0768279534962717,0.000154876638868062,missense|LC,5065720602,5,65720602,
FKBP11,ENSG00000134285,0.13851778964063,0.0767271093320587,0.701377882696771,-0.00175306391848175,missense|LC,12048916965,12,48916965,
CWC27,ENSG00000153015,0.138533135541417,0.163463665525601,0.0789060870680944,-0.000999180095358833,missense|LC,5064768399,5,64768399,
ZNF580,ENSG00000213015,0.138579045747832,0.182809566519996,0.0871732899335954,-0.00100922253949702,missense|LC,19055640048,19,55640048,
GCFC2,ENSG00000005436,0.138597775270737,0.096567216863231,0.108676026376093,0.000533327453841268,missense|LC,2075664692,2,75664692,
SMARCA5,ENSG00000153147,0.138690814699506,0.330442097326404,0.0795270212452018,-0.000691897465637107,missense|LC,4143513817,4,143513817,
SLC12A8,ENSG00000221955,0.138692067519492,0.0782212777866502,0.392928785996412,0.000703069326761212,missense|LC,3125083805,3,125083805,
MAPK9,ENSG00000050748,0.138694645395033,0.308038270000298,0.0781713698518898,-0.00110480595529675,missense|LC,5180236286,5,180236286,
KIAA0825,ENSG00000185261,0.138781634748399,0.0801205865207133,0.533962299256565,0.00130003907884898,missense|LC,5094519209,5,94519209,
DCUN1D5,ENSG00000137692,0.138809399528824,0.679699719150211,0.0830446339115525,-0.00050215742097693,missense|LC,11103062289,11,103062289,
ZKSCAN5,ENSG00000196652,0.138847833038577,0.142641511846264,0.0891045573857387,0.000694637080397599,missense|LC,7099499665,7,99499665,
MAST3,ENSG00000099308,0.138864725432241,0.078502861883784,0.24777043420248,0.000565976720446103,missense|LC,19018097719,19,18097719,
ATP5F1B,ENSG00000110955,0.138886031044146,0.0875827211755326,0.611110935397732,0.000767705367909904,missense|LC,12056634819,12,56634819,
INA,ENSG00000148798,0.138960242916732,0.151831685993685,0.080527292102217,0.00125931884359447,missense|LC,10103277103,10,103277103,
SNX24,ENSG00000064652,0.139058866024995,0.0776148573309323,0.536216422017727,-0.00428565430368159,missense|LC,5122845587,5,122845587,
PRPS1L1,ENSG00000229937,0.139110451771546,0.0884307669513762,0.125194450026716,0.00135410322194214,missense|LC,7018026779,7,18026779,
ROBO4,ENSG00000154133,0.139128715150321,0.0762998662298339,0.679155637824465,-0.000412944385009382,missense|LC,11124878693,11,124878693,
CXorf56,ENSG00000018610,0.139137070305844,0.500818022110346,0.0800989907605271,0.00139736894280977,missense|LC,23119539721,X,119539721,
RDH5,ENSG00000135437,0.139166494916089,0.0802335868103466,0.568984243503465,-0.00110498429890739,missense|LC,12055715933,12,55715933,
C1orf109,ENSG00000116922,0.139174295324063,0.22261087105838,0.0792408474591949,-0.0012408696931176,missense|LC,1037683045,1,37683045,
MYL12B,ENSG00000118680,0.139189218864187,0.108864583432718,0.098518214258745,-0.00479622100251686,missense|LC,18003271988,18,3271988,
NUP88,ENSG00000108559,0.139254613743528,0.0827283843356696,0.239128937212808,0.000591855737971837,missense|LC,17005380322,17,5380322,
CDKL2,ENSG00000138769,0.13926488094941,0.174469211447711,0.0779799291766005,0.000990776566669503,missense|LC,4075581800,4,75581800,
COL5A2,ENSG00000204262,0.13941029619575,0.0788346086578431,0.254109658938681,0.000571359420325359,missense|LC,2189033966,2,189033966,
GPR155,ENSG00000163328,0.139444504491212,0.119802322078245,0.0958221536802054,-0.00119288189192861,missense|LC,2174427681,2,174427681,
SLC5A10,ENSG00000154025,0.139450150875173,0.0883940915648098,0.394340388546731,-0.00107998385107197,missense|LC,17018950576,17,18950576,
MED6,ENSG00000133997,0.139543583357314,0.151366799587811,0.0800814369230534,0.00176708697843487,missense|LC,14070584815,14,70584815,
COL5A1,ENSG00000130635,0.13960758733152,0.0763247074679207,0.672672502220726,0.000451960418711882,missense|LC,9134642092,9,134642092,
TDRD6,ENSG00000180113,0.139629007877074,0.101105616299928,0.116526888451536,0.000311228962884366,missense|LC,6046687977,6,46687977,
CSF2RA,ENSG00000198223,0.139649778334126,0.164000194116197,0.0841236020255637,0.000546268865718201,missense|LC,23001282644,X,1282644,
ZCCHC13,ENSG00000187969,0.139748740744078,0.261248011036463,0.0766556728597824,-0.00126762441998662,missense|LC,23074304161,X,74304161,
MBD5,ENSG00000204406,0.139787451772858,0.981675718452349,0.0760384100296126,7.47535319484218e-8,missense|LC,2148458708,2,148458708,
PCDHB13,ENSG00000187372,0.139790479646937,0.373231382335134,0.0821623369145151,0.000212426327405142,missense|LC,5141208923,5,141208923,
THRAP3,ENSG00000054118,0.139800973426233,0.132785245003764,0.0867691963490301,-0.000765475548586619,missense|LC,1036282483,1,36282483,
RPP38,ENSG00000152464,0.139828749807256,0.0803851148807913,0.803789550383717,0.00102974698810638,missense|LC,10015096273,10,15096273,
CEPT1,ENSG00000134255,0.139861393640806,0.565805122841263,0.0938063293831135,0.000393972355251819,missense|LC,1111147661,1,111147661,
DHX34,ENSG00000134815,0.139881545640591,0.644394271530497,0.0761389217692512,0.000121373933447342,missense|LC,19047352852,19,47352852,
MATR3,ENSG00000280987,0.140065738224087,0.649731782552909,0.0764064218976044,-0.000343688797196033,missense|LC,5139293903,5,139293903,
PSMA6,ENSG00000100902,0.140133639446464,0.102851277128258,0.335549163755419,-0.00137320226453646,missense|LC,14035292232,14,35292232,
CDX1,ENSG00000113722,0.140187832266682,0.33904942435729,0.082685880610935,0.00059457159366553,missense|LC,5150166812,5,150166812,
BTC,ENSG00000174808,0.140210894048537,0.25270876396546,0.0809054105445451,-0.00108413772962735,missense|LC,4074748024,4,74748024,
MORF4L2,ENSG00000123562,0.140235735232641,0.0874460743021916,0.184709048585293,-0.00256303867454805,missense|LC,23103676107,X,103676107,
EGFL8,ENSG00000241404,0.140332403655606,0.338455495672917,0.081765599270048,-0.000558177225227402,missense|LC,6032162499,6,32162499,
KHDC3L,ENSG00000203908,0.140412993579795,0.0851023349720077,0.152603449193191,-0.00145818591580685,missense|LC,6073362646,6,73362646,
POTEE,ENSG00000188219,0.14048143649549,0.769729558917932,0.075884079048434,-0.0000589342002060053,missense|LC,2131218252,2,131218252,
USP10,ENSG00000103194,0.14051801752966,0.0752124895710136,0.66779978854479,0.000870888893164691,missense|LC,16084699972,16,84699972,
CSHL1,ENSG00000204414,0.140546393821211,0.807317858412392,0.0812596201845434,0.000102414644710632,missense|LC,17063909548,17,63909548,
MAT2B,ENSG00000038274,0.140562009770622,0.711126768297496,0.0783254511454398,-0.000375448017318006,missense|LC,5163503323,5,163503323,
RALGAPA2,ENSG00000188559,0.140578193549905,0.0760648362493781,0.424184807955308,-0.000523649739469051,missense|LC,20020392986,20,20392986,
CALCA,ENSG00000110680,0.140620085201537,0.395052920259533,0.0921220883817444,0.000439319573226064,missense|LC,11014968508,11,14968508,
CNIH1,ENSG00000100528,0.140654737453946,0.0752493856359076,0.32174055284943,-0.00480971052666623,missense|LC,14054419972,14,54419972,
RILP,ENSG00000167705,0.140979158543948,0.102018324521131,0.106773252262131,0.000797635890684853,missense|LC,17001643397,17,1643397,
CDHR4,ENSG00000187492,0.141011162610474,0.0963952114833595,0.117183285385516,0.000810596888716308,missense|LC,3049790764,3,49790764,
UBE2L6,ENSG00000156587,0.141101838345493,0.0850237780429015,0.288791198678828,0.00206994791087932,missense|LC,11057546662,11,57546662,
DCUN1D2,ENSG00000150401,0.141238629236604,0.0858662263834173,0.203627981006832,0.00119932259722043,missense|LC,13113453133,13,113453133,
SNX9,ENSG00000130340,0.141240337637581,0.211768349331253,0.0912875451633335,0.000604205606830342,missense|LC,6157823326,6,157823326,
CORIN,ENSG00000145244,0.14129104699722,0.355665312343795,0.0779789128939158,0.000291242422949612,missense|LC,4047591005,4,47591005,
PRRX1,ENSG00000116132,0.141433836419293,0.0806824760307974,0.657598419828725,0.0018242153703778,missense|LC,1170664132,1,170664132,
TMA7,ENSG00000232112,0.141636073415129,0.0832687788874997,0.183281877290281,-0.00409511893307042,missense|LC,3048440145,3,48440145,
KIF19,ENSG00000196169,0.141695070794202,0.590815186887608,0.076281951045247,0.000174715236414834,missense|LC,17074326271,17,74326271,
TBC1D12,ENSG00000108239,0.141738645545644,0.169998149650787,0.0799909331764657,0.000675588825825909,missense|LC,10094402425,10,94402425,
GCM1,ENSG00000137270,0.141939067791287,0.443141164150841,0.0848309385532759,-0.000505577005532725,missense|LC,6053128150,6,53128150,
NANP,ENSG00000170191,0.141972472529014,0.453248040124697,0.0778785343805232,0.000847849881181345,missense|LC,20025615853,20,25615853,
GOLGA6D,ENSG00000140478,0.142054477860288,0.491679149592281,0.0822859112819943,0.00022683862020281,missense|LC,15075288232,15,75288232,
IFITM2,ENSG00000185201,0.142092223537159,0.349580782057854,0.0786448236629538,0.00105301614211562,missense|LC,11000308075,11,308075,
ABAT,ENSG00000183044,0.142118605348949,0.24530793142708,0.0818988592029789,-0.000706933928012902,missense|LC,16008722737,16,8722737,
ABCF2-H2BE1,ENSG00000285292,0.142192758078046,0.418310613217541,0.088737165438735,0.000415018834371146,missense|LC,7151207974,7,151207974,
CTH,ENSG00000116761,0.142257473212611,0.224131066893352,0.100196473605978,0.000598617484049211,missense|LC,1070411340,1,70411340,
SLC2A11,ENSG00000133460,0.142359009472555,0.0796997889415746,0.600617446549587,-0.000589201885453175,missense|LC,22023857000,22,23857000,
ASIC2,ENSG00000108684,0.142453561969453,0.192730185380695,0.0849703522948586,-0.000839378348238732,missense|LC,17033013908,17,33013908,
F2RL3,ENSG00000127533,0.142470522883076,0.0769696725767357,0.493118803875849,-0.000839862809414136,missense|LC,19016889129,19,16889129,
MKNK1,ENSG00000079277,0.142592178506156,0.0869510006873837,0.162021703449616,-0.000667541697365825,missense|LC,1046558499,1,46558499,
IPO4,ENSG00000196497,0.142794855716713,0.0792141639241395,0.273805102788445,0.000778368577772475,missense|LC,14024175497,14,24175497,
NAV3,ENSG00000067798,0.142820830179588,0.0956857572035104,0.510827874385533,0.000862423813180348,missense|LC,12077831369,12,77831369,
CD2AP,ENSG00000198087,0.14284538517031,0.158123508030069,0.0841471371779663,-0.000619216525137181,missense|LC,6047478135,6,47478135,
SHMT1,ENSG00000176974,0.142870750690127,0.777571838274199,0.0805728264281063,-0.000156766654079634,missense|LC,17018322873,17,18322873,
ZCCHC17,ENSG00000121766,0.142899671348343,0.283992503712768,0.0784365230131698,-0.00150345671293165,missense|LC,1031291986,1,31291986,
WFDC10A,ENSG00000180305,0.142906757839979,0.0842117496222012,0.316411963517288,0.00331852846537585,missense|LC,20045629702,20,45629702,
LRIT2,ENSG00000204033,0.142946171081687,0.0937547446442841,0.117346654164716,-0.000932397519040292,missense|LC,10084215571,10,84215571,
GLYATL2,ENSG00000156689,0.142968062909359,0.932056080326549,0.0779252045604878,0.0000834054938997418,missense|LC,11058834369,11,58834369,
PLEKHJ1,ENSG00000104886,0.143024812146789,0.0797873676596055,0.645957849340316,-0.00214589099739874,missense|LC,19002225313,19,2225313,
MAPK3,ENSG00000102882,0.143024995665396,0.774867485447167,0.0836078477625393,0.000184624450184603,missense|LC,16030111294,16,30111294,
TOX2,ENSG00000124191,0.143040749976101,0.387814982126581,0.0901090783201237,-0.000472771355675393,missense|LC,20043914841,20,43914841,
OR7A17,ENSG00000185385,0.143055133899364,0.174459295620036,0.0821998038747741,0.0010181090398323,missense|LC,19014880356,19,14880356,
PEF1,ENSG00000162517,0.143068916323679,0.0832777300169802,0.877294486169083,0.0010709727365034,missense|LC,1031624895,1,31624895,
AASDH,ENSG00000157426,0.14309610149217,0.0801242337395636,0.361731982027438,0.000602872614671724,missense|LC,4056338301,4,56338301,
RAD51D,ENSG00000185379,0.143285094363452,0.933479614479949,0.0844189063852198,0.0000456697214166872,missense|LC,17035100897,17,35100897,
KHDRBS3,ENSG00000131773,0.14331912203828,0.128698072584816,0.0868947614220127,0.0014378129561327,missense|LC,8135457819,8,135457819,
VEGFC,ENSG00000150630,0.143320880348731,0.692737233160974,0.0900776776014098,0.000147593575368928,missense|LC,4176683875,4,176683875,
SARS2,ENSG00000104835,0.143327123953031,0.445894811981583,0.0845609786816522,0.000278913546030336,missense|LC,19038910566,19,38910566,
PRKAG3,ENSG00000115592,0.143346346248654,0.0822077093386211,0.48506175089778,0.000768150251960181,missense|LC,2218822800,2,218822800,
PRSS41,ENSG00000215148,0.143412936121297,0.0830099622031324,0.358560439565506,0.000614333022155146,missense|LC,16002798335,16,2798335,
ABCF2,ENSG00000033050,0.143448710065509,0.092233875505525,0.154620630611151,0.00090399852905038,missense|LC,7151207974,7,151207974,
TXNRD3,ENSG00000197763,0.143464031591586,0.086819144207533,0.68001303758622,0.000802485681581675,missense|LC,3126607839,3,126607839,
TERF1,ENSG00000147601,0.143494131529839,0.0862616765030323,0.155755515999791,0.00117371460529384,missense|LC,8073008800,8,73008800,
ATAD2,ENSG00000156802,0.143542363741647,0.407350214664269,0.0812780194132199,-0.000214666029814021,missense|LC,8123321072,8,123321072,
CLEC1A,ENSG00000150048,0.143555160258792,0.0946196639105621,0.12835868388107,0.00144874095421712,missense|LC,12010064643,12,10064643,
SRY,ENSG00000184895,0.143561720074744,0.300694115495639,0.0797130196827686,0.00245570702272845,missense|LC,24002786960,Y,2786960,
ANO2,ENSG00000047617,0.143566733078699,0.715659374767293,0.0796238960693408,0.000098805839406303,missense|LC,12005563174,12,5563174,
PAM16,ENSG00000217930,0.143631464448603,0.0814513408682258,0.318599404707433,-0.00203667368648835,missense|LC,16004335253,16,4335253,
SELENOO,ENSG00000073169,0.143665009384242,0.0787454459448522,0.625074726578824,-0.000551837815609106,missense|LC,22050197168,22,50197168,
MAEL,ENSG00000143194,0.143668643898363,0.120751150700877,0.103255967706921,0.000902911121704683,missense|LC,1166989229,1,166989229,
C5orf15,ENSG00000113583,0.143684020136055,0.0860391459103227,0.143055996049392,0.00117641401967751,missense|LC,5133956770,5,133956770,
URM1,ENSG00000167118,0.143725512971035,0.0823159861769587,0.18687775854768,0.00201633489445745,missense|LC,9128371298,9,128371298,
PLG,ENSG00000122194,0.143762367229553,0.501783841586798,0.0803709851311381,-0.00018788753157219,missense|LC,6160700529,6,160700529,
HSD17B11,ENSG00000198189,0.143794586937287,0.102815094003404,0.10914383531375,0.00114522065967369,missense|LC,4087337273,4,87337273,
CKS2,ENSG00000123975,0.143816093557108,0.822149951716142,0.0802063508773903,0.00089007394112173,missense|LC,9089311232,9,89311232,
TAS2R38,ENSG00000257138,0.143859450865224,0.0798829314793502,0.577729427172331,-0.00161550065897934,missense|LC,7141972578,7,141972578,
RSL24D1,ENSG00000137876,0.143927363345598,0.0984707680145597,0.111940939670055,0.00179418826108998,missense|LC,15055182127,15,55182127,
ZNF83,ENSG00000167766,0.143964345925061,0.085171484870022,0.265342164935186,-0.000590837080594811,missense|LC,19052612944,19,52612944,
NEK4,ENSG00000114904,0.144075820455351,0.144327507169258,0.0858721298977596,0.000691740057872619,missense|LC,3052705762,3,52705762,
PDE9A,ENSG00000160191,0.144102468960864,0.776816255486958,0.077693722123409,0.000160114661801182,missense|LC,21042653772,21,42653772,
FASTKD5,ENSG00000215251,0.144146289986873,0.965420447016173,0.0798958621081052,0.0000147462973564024,missense|LC,20003146672,20,3146672,
TMEM191C,ENSG00000206140,0.144162973463022,0.0791356109951976,0.275799596263052,0.00217879782913322,missense|LC,22021467535,22,21467535,
WDR70,ENSG00000082068,0.144369354649677,0.614700992472261,0.0787114435938887,-0.000433096197783755,missense|LC,5037379222,5,37379222,
CACNG8,ENSG00000142408,0.14439463038747,0.200306438020133,0.0830989673298814,-0.000630210610664969,missense|LC,19053963082,19,53963082,
HTN1,ENSG00000126550,0.144556971262131,0.0944034164072768,0.13680615234021,-0.00132894074766479,missense|LC,4070053042,4,70053042,
GCNT1,ENSG00000187210,0.1445782468054,0.0943515705129534,0.196025428602066,0.000814332043457367,missense|LC,9076502346,9,76502346,
DNAJC5B,ENSG00000147570,0.144591814175932,0.0822931342700722,0.710297693516382,-0.00182996280706449,missense|LC,8066051509,8,66051509,
OVCA2,ENSG00000262664,0.144657337184426,0.420049869170231,0.0953413968164448,-0.000380234004026338,missense|LC,17002037022,17,2037022,
GFER,ENSG00000127554,0.144676184234425,0.150706984604175,0.0940843010867198,0.00101358832306278,missense|LC,16001979194,16,1979194,
OR2G2,ENSG00000177489,0.144759277144646,0.119963986872985,0.0997317969739986,0.00138384149276458,missense|LC,1247588332,1,247588332,
CYP21A2,ENSG00000231852,0.144766853375441,0.487752605567775,0.0825441162309979,-0.000226417753860962,missense|LC,6032038228,6,32038228,
AC069257.3,ENSG00000272741,0.14477711445521,0.0960866270525182,0.122031519216794,-0.00202411810106688,missense|LC,3196247295,3,196247295,
SMIM9,ENSG00000203870,0.14479843160831,0.0856442975911137,0.430643021466257,-0.00221868811639534,missense|LC,23154823709,X,154823709,
AURKAIP1,ENSG00000175756,0.144847832179451,0.644645478417987,0.0969246936877955,-0.000366642594692758,missense|LC,1001373728,1,1373728,
S100A14,ENSG00000189334,0.144859813764173,0.181858938373039,0.0892530922662456,-0.00121003158145006,missense|LC,1153609265,1,153609265,
SLC1A6,ENSG00000105143,0.14491799049222,0.713350909766235,0.0812647912929017,-0.00026340599105813,missense|LC,19014950183,19,14950183,
TRIM16L,ENSG00000108448,0.144942439254666,0.0882464089368542,0.469331769750278,0.000870968059491572,missense|LC,17018722436,17,18722436,
HCRTR2,ENSG00000137252,0.144946979232332,0.0858178429150908,0.343341397233806,-0.000606560262656617,missense|LC,6055174541,6,55174541,
AC008764.1,ENSG00000141979,0.145060880649931,0.931204833960908,0.0779944844970319,-0.0000560165952287519,missense|LC,19016479026,19,16479026,
ATXN7L1,ENSG00000146776,0.145078780790295,0.0832219511920329,0.414281355260177,0.000538679774306806,missense|LC,7105607781,7,105607781,
DEFB136,ENSG00000205884,0.145118666375359,0.0823815413750589,0.228437491374334,-0.00292030679914587,missense|LC,8011973826,8,11973826,
HSPA14,ENSG00000187522,0.145131811587462,0.242860251988142,0.101861807774164,0.000573766001927833,missense|LC,10014837801,10,14837801,
DIDO1,ENSG00000101191,0.145151730664193,0.0840102486241929,0.18940750368445,-0.000410789961450455,missense|LC,20062879147,20,62879147,
TSPAN7,ENSG00000156298,0.145187267601654,0.141621951339986,0.10736147772627,-0.00102659823090979,missense|LC,23038561512,X,38561512,
PEAK1,ENSG00000173517,0.145241600416032,0.101678806362865,0.120520609475128,0.000623370853031664,missense|LC,15077114069,15,77114069,
TIGD4,ENSG00000169989,0.145245577693233,0.0898536837879369,0.135788830907911,-0.000791772457318252,missense|LC,4152769423,4,152769423,
SULT2B1,ENSG00000088002,0.145272291771487,0.142933796162637,0.0867306023586749,-0.000511515002788098,missense|LC,19048552171,19,48552171,
OPN1MW,ENSG00000268221,0.145360540985848,0.0859413284680165,0.23508198327617,-0.00227984018656532,missense|LC,23154188071,X,154188071,
CCL28,ENSG00000151882,0.145390019370919,0.868794761234497,0.0870235382821121,-0.000186044516031407,missense|LC,5043381803,5,43381803,
NR1I3,ENSG00000143257,0.145408856943881,0.447982828834209,0.0768648631860746,0.000770371908626577,missense|LC,1161226417,1,161226417,
LRCH3,ENSG00000186001,0.145432305292853,0.0800572394109528,0.525391084438806,0.000733419051721122,missense|LC,3197791149,3,197791149,
NT5M,ENSG00000205309,0.145488301468658,0.265504337368252,0.0964487270294716,0.000584618174310648,missense|LC,17017303392,17,17303392,
ATP13A2,ENSG00000159363,0.145529121532188,0.294874766445443,0.0796590009860859,-0.000435482769937554,missense|LC,1016985846,1,16985846,
SFTPA2,ENSG00000185303,0.14560656248569,0.0887205798924602,0.540508296467129,-0.000626650073900593,missense|LC,10079557068,10,79557068,
SEC24C,ENSG00000176986,0.145755249640696,0.300128964741092,0.0813513454240872,0.000352128880503479,missense|LC,10073740522,10,73740522,
MAGOH,ENSG00000162385,0.145816219167213,0.0810012852044274,0.493525532128239,0.00724325029237415,missense|LC,1053227065,1,53227065,
PRLHR,ENSG00000119973,0.145828778870096,0.0809326336762954,0.259374513576198,0.00150922752696663,missense|LC,10118593960,10,118593960,
TRIM66,ENSG00000166436,0.14586300000968,0.493008982265209,0.0792210783255415,0.000157789738639655,missense|LC,11008617873,11,8617873,
FOXD4,ENSG00000170122,0.145979028574254,0.689675628359254,0.0841509421839656,-0.00012775605310554,missense|LC,9000116660,9,116660,
GCAT,ENSG00000100116,0.145995865789357,0.0830504475137666,0.260900354232066,0.000522338584922744,missense|LC,22037805496,22,37805496,
HEXB,ENSG00000049860,0.146117177140316,0.928508293427303,0.0822157195877516,-0.0000544273215402634,missense|LC,5074685159,5,74685159,
HERC6,ENSG00000138642,0.146176073053375,0.404771965621334,0.0828532883073532,-0.000268701918277357,missense|LC,4088378861,4,88378861,
GJC3,ENSG00000176402,0.146190902541614,0.0828278821007915,0.218064478922866,0.00118027626320917,missense|LC,7099918888,7,99918888,
MT3,ENSG00000087250,0.146213317412163,0.0964254538113689,0.317680226404544,0.00164208992855412,missense|LC,16056589481,16,56589481,
RSKR,ENSG00000167524,0.146254368873717,0.912814220734191,0.0864363089457569,0.0000444181844556418,missense|LC,17028610419,17,28610419,
FOXS1,ENSG00000179772,0.146386059680947,0.0865067122875387,0.810692289147512,0.000651768820951817,missense|LC,20031844445,20,31844445,
ANLN,ENSG00000011426,0.146401522689501,0.664683846652888,0.0827282074133121,-0.000192220789495015,missense|LC,7036389875,7,36389875,
KIF27,ENSG00000165115,0.146505488658355,0.143895485866187,0.0867936013162202,0.000475515301417242,missense|LC,9083836859,9,83836859,
DOCK3,ENSG00000088538,0.146518670815435,0.0866979959674616,0.547680882768547,0.00449782824732232,missense|LC,3050675168,3,50675168,
SMTNL1,ENSG00000214872,0.146534148050351,0.0854190669765391,0.173315141669015,0.00109327792166992,missense|LC,11057542643,11,57542643,
LSM12,ENSG00000161654,0.146548748593515,0.832506218343152,0.0827248091763544,-0.00046868247179829,missense|LC,17044036134,17,44036134,
RPL19,ENSG00000108298,0.146559219211573,0.0836703241978275,0.204644603888294,-0.00355492118790608,missense|LC,17039197359,17,39197359,
NSD2,ENSG00000109685,0.146603400532965,0.177205548345205,0.0823613308746989,0.000653019644607363,missense|LC,4001900580,4,1900580,
DIP2B,ENSG00000066084,0.146648372996822,0.0817083495945372,0.352646128733758,-0.000719596365178869,missense|LC,12050505057,12,50505057,
GRAMD2A,ENSG00000175318,0.146649704286654,0.40001311105122,0.0936499041154201,-0.000397708180993341,missense|LC,15072161929,15,72161929,
LACTB2,ENSG00000147592,0.146689534989652,0.0998003683187217,0.128409536344175,-0.000896983247719228,missense|LC,8070637823,8,70637823,
MRPL46,ENSG00000259494,0.146705670059505,0.0940295671573134,0.247774953291391,-0.000785971518657256,missense|LC,15088459477,15,88459477,
TSKS,ENSG00000126467,0.146727854889302,0.0980980236216278,0.110110414254816,0.000762431459343415,missense|LC,19049739789,19,49739789,
CACNG7,ENSG00000105605,0.146735970301577,0.157029883162231,0.0846269772371471,0.00193449032312442,missense|LC,19053904573,19,53904573,
SCNN1A,ENSG00000111319,0.146742192021177,0.099694784640077,0.122477071213838,-0.000835213697746092,missense|LC,12006341846,12,6341846,
SPRR2F,ENSG00000244094,0.146788993380773,0.279612671700312,0.0856607255550983,0.001827811810351,missense|LC,1153112344,1,153112344,
RSAD2,ENSG00000134321,0.146841761894951,0.905739947368026,0.0824794950895558,0.0000939812552065949,missense|LC,2006877748,2,6877748,
CBWD6,ENSG00000215126,0.146955517124524,0.125740449585846,0.0951203170494966,-0.00134887073411869,missense|LC,9041126902,9,41126902,
CTTN,ENSG00000085733,0.147104216198998,0.487418225631768,0.086658518489038,-0.000267593453262345,missense|LC,11070407238,11,70407238,
BRD4,ENSG00000141867,0.147144228741908,0.504834443344682,0.0837872975178958,-0.000235855513233479,missense|LC,19015230844,19,15230844,
HSD11B2,ENSG00000176387,0.147156319834949,0.085522505164539,0.523605829398209,-0.00107815011938714,missense|LC,16067431183,16,67431183,
KLHDC9,ENSG00000162755,0.147203149623464,0.10697601929586,0.102681128968264,-0.000998723921728803,missense|LC,1161098449,1,161098449,
CNGB3,ENSG00000170289,0.147251735639604,0.0814313258207626,0.491473154552126,0.000664315274000151,missense|LC,8086575737,8,86575737,
CASZ1,ENSG00000130940,0.147256668323841,0.0801157020697739,0.756130607168552,-0.00037652389677164,missense|LC,1010638802,1,10638802,
DNAJB14,ENSG00000164031,0.147281417362171,0.967814287342592,0.0813112674462131,-0.0000351240732195771,missense|LC,4099891855,4,99891855,
LRRC52,ENSG00000162763,0.147315205959279,0.0839922656458004,0.625551099577897,0.000834311560465152,missense|LC,1165544217,1,165544217,
FAM120AOS,ENSG00000188938,0.147320802936575,0.0978315867626148,0.229803707488155,0.000977708841184382,missense|LC,9093447557,9,93447557,
CKAP2L,ENSG00000169607,0.147326111195473,0.394296989099652,0.0862459187221898,0.000302824105943356,missense|LC,2112738795,2,112738795,
THG1L,ENSG00000113272,0.147332603604849,0.0971672284292352,0.125786017686942,-0.00119542314125921,missense|LC,5157731354,5,157731354,
QPCT,ENSG00000115828,0.147440232112372,0.11059794511857,0.102433896938428,0.000659817086535428,missense|LC,2037344592,2,37344592,
MAF1,ENSG00000179632,0.147459731933181,0.44063690466159,0.0844265689871613,0.000746674866638555,missense|LC,8144099464,8,144099464,
CTSG,ENSG00000100448,0.14751989839247,0.081572047063177,0.375628022376565,-0.00228184309453754,missense|LC,14024573567,14,24573567,
SYNPO,ENSG00000171992,0.147574396249347,0.0849385229222155,0.329430803932479,0.000621145876952459,missense|LC,5150618250,5,150618250,
SNAI1,ENSG00000124216,0.147684674537134,0.324860838833844,0.0812219129729504,0.00107876162070135,missense|LC,20049983012,20,49983012,
CYP3A43,ENSG00000021461,0.147713499045131,0.0871531207402755,0.253479089442554,0.000819958934287905,missense|LC,7099828117,7,99828117,
SF1,ENSG00000168066,0.14786639153828,0.820847365850826,0.0797945020948408,0.000138863528490983,missense|LC,11064759607,11,64759607,
SNX32,ENSG00000172803,0.147921145722094,0.155031503109831,0.0890729949086263,0.00106490150791359,missense|LC,11065831796,11,65831796,
DPP8,ENSG00000074603,0.148074996522261,0.0868170247458779,0.189193918656541,0.00106140171633776,missense|LC,15065446791,15,65446791,
ADCY10,ENSG00000143199,0.148160039963252,0.0974414576581381,0.139402641908201,0.000443131119148696,missense|LC,1167809598,1,167809598,
H2AC7,ENSG00000196866,0.148168376072001,0.129035124984806,0.0901586867911073,-0.00130408471076496,missense|LC,6026196758,6,26196758,
ZNF81,ENSG00000197779,0.1481861046067,0.366343917978818,0.0907202408698075,0.000289587126390626,missense|LC,23047846187,X,47846187,
MS4A3,ENSG00000149516,0.148221139217725,0.0842369937170269,0.531351278685605,-0.00133853963224019,missense|LC,11060061070,11,60061070,
AC097634.4,ENSG00000285708,0.148228021485101,0.497639314023445,0.0953462103452503,0.000442628590821551,missense|LC,3070959160,3,70959160,
LRRC30,ENSG00000206422,0.14826154664354,0.0887673067591024,0.346900039863531,-0.000636884932204112,missense|LC,18007231039,18,7231039,
HSFX2,ENSG00000268738,0.148453186978631,0.0904103264177327,0.274621030846731,0.00791014567746695,missense|LC,23149594600,X,149594600,
ZNF318,ENSG00000171467,0.148464170105512,0.483604809946365,0.0811014270225739,0.000173726760957115,missense|LC,6043337072,6,43337072,
AARS1,ENSG00000090861,0.148517822748213,0.0854644147437962,0.26174086175599,0.000556813545055166,missense|LC,16070250953,16,70250953,
KRTAP9-1,ENSG00000240542,0.14852981780696,0.0929611731426662,0.335645262293643,-0.00104218366012544,missense|LC,17041184889,17,41184889,
F8,ENSG00000185010,0.148689925771468,0.0808411606086884,0.2953473737018,-0.000673994857741,missense|LC,23154830793,X,154830793,
HSPH1,ENSG00000120694,0.148733166100896,0.910570289564982,0.0862802281039725,0.0000460236369882169,missense|LC,13031137299,13,31137299,
PPP2R2D,ENSG00000175470,0.148839233091441,0.892435879329822,0.0805367397991935,0.000162542336672706,missense|LC,10131944021,10,131944021,
CMTM7,ENSG00000153551,0.148843214518598,0.107523902254412,0.479736771067163,-0.0009829188859115,missense|LC,3032391828,3,32391828,
CNN1,ENSG00000130176,0.148848908538017,0.449137677465033,0.0810170395542271,0.000764512472863736,missense|LC,19011538849,19,11538849,
PRAC1,ENSG00000159182,0.14889581684631,0.0857419220612377,0.657546352142962,-0.00379417624821219,missense|LC,17048721691,17,48721691,
MAP2K3,ENSG00000034152,0.149066186678004,0.0939954675128385,0.254360151436034,0.00107918613506344,missense|LC,17021284812,17,21284812,
BUB1B-PAK6,ENSG00000259288,0.149137381361271,0.0987173987886517,0.151989544117276,0.00153069105145364,missense|LC,15040213501,15,40213501,
MAP3K12,ENSG00000139625,0.149140163761853,0.517925061733777,0.0834252365269528,-0.000365533288109985,missense|LC,12053479352,12,53479352,
GPR153,ENSG00000158292,0.14919909789615,0.630699671519472,0.0867701835067186,-0.000161462568019549,missense|LC,1006244300,1,6244300,
TTC23L,ENSG00000205838,0.149336537714805,0.753013769439711,0.0799493445826363,-0.000319576194621441,missense|LC,5034839552,5,34839552,
ELK3,ENSG00000111145,0.1494019083114,0.0904765076155892,0.194560228947271,0.000805782912499606,missense|LC,12096223489,12,96223489,
C2CD6,ENSG00000155754,0.149452711758108,0.0872986068474939,0.189554578339285,-0.000472483267876658,missense|LC,2201487539,2,201487539,
CCDC160,ENSG00000203952,0.149758987574532,0.941913087583591,0.0814268412279165,-0.0000599772394960914,missense|LC,23134243292,X,134243292,
RFX8,ENSG00000196460,0.149867696929692,0.0886443398689039,0.241333610747174,-0.000653467803012465,missense|LC,2101397507,2,101397507,
GAD2,ENSG00000136750,0.149884972425947,0.0947444626001741,0.145620626184625,-0.000487779384116274,missense|LC,10026211775,10,26211775,
IFT140,ENSG00000187535,0.149886135352915,0.299988167605868,0.0798336843578256,-0.000255168663244526,missense|LC,16001505427,16,1505427,
UBA7,ENSG00000182179,0.150000227696339,0.220204210504802,0.0834041057243564,-0.000373551434609047,missense|LC,3049803295,3,49803295,
SBF2,ENSG00000133812,0.150012536330575,0.306072334539341,0.0833929403084338,0.000363871436594521,missense|LC,11009780361,11,9780361,
CRMP1,ENSG00000072832,0.150047494813103,0.128851239341761,0.0922295751735629,-0.000757833344443413,missense|LC,4005821679,4,5821679,
S100PBP,ENSG00000116497,0.15010130559974,0.0932471864618579,0.501129689637266,-0.000839587053296955,missense|LC,1032817085,1,32817085,
C1orf131,ENSG00000143633,0.150148448080717,0.0968506818442889,0.120459669507695,0.00139377135322011,missense|LC,1231218765,1,231218765,
KLHL31,ENSG00000124743,0.150180872619421,0.0854993628639231,0.441195791884078,-0.00076557676132046,missense|LC,6053651498,6,53651498,
GSDMC,ENSG00000147697,0.150253643473442,0.0855103893344289,0.600724960479288,-0.000772782799921964,missense|LC,8129748410,8,129748410,
SLC40A1,ENSG00000138449,0.150303525737286,0.082161188329957,0.605293543603962,0.00175419970416853,missense|LC,2189561828,2,189561828,
MEIOC,ENSG00000180336,0.150325193825387,0.503478001463912,0.0848465599569928,-0.000288241324990651,missense|LC,17044656537,17,44656537,
C3orf80,ENSG00000180044,0.150332560398929,0.082271653864314,0.856847624524705,0.00193057461334541,missense|LC,3160225530,3,160225530,
PHF19,ENSG00000119403,0.150373167126628,0.131023061222718,0.0973557912048904,-0.00128797081334821,missense|LC,9120857915,9,120857915,
CYB561D1,ENSG00000174151,0.150456712291094,0.0844287312410661,0.672106211328977,-0.00157094192725012,missense|LC,1109489116,1,109489116,
RFX4,ENSG00000111783,0.150464384090794,0.0835903758971988,0.885702795094917,0.000927870509421958,missense|LC,12106601137,12,106601137,
ISLR2,ENSG00000167178,0.150483799210065,0.841010233985866,0.085006492950477,-0.000106964617337799,missense|LC,15074132623,15,74132623,
NECTIN4,ENSG00000143217,0.150483911453221,0.114526536962295,0.100988364440833,-0.000570231889497666,missense|LC,1161069445,1,161069445,
STXBP5,ENSG00000164506,0.150547644550211,0.741600133150573,0.0868155877639856,-0.000134529927589951,missense|LC,6147204538,6,147204538,
PIM1,ENSG00000137193,0.150580665255972,0.6882682204242,0.100182045872473,0.000265918165650182,missense|LC,6037170171,6,37170171,
MTM1,ENSG00000171100,0.15060648693395,0.774035875051883,0.0857879867001086,0.000242111374786895,missense|LC,23150590971,X,150590971,
RELL2,ENSG00000164620,0.150668200477114,0.820281491749875,0.0837208733644506,0.000175363693796361,missense|LC,5141634741,5,141634741,
CCNO,ENSG00000152669,0.150701215517128,0.0882477385438157,0.172220568951395,0.0011488195448931,missense|LC,5055226484,5,55226484,
PLLP,ENSG00000102934,0.150711342643685,0.084216209901005,0.229593682238903,-0.00167120534122611,missense|LC,16057252098,16,57252098,
ST6GALNAC2,ENSG00000070731,0.150722153182821,0.61979988807244,0.0878089093083088,0.000246692995942474,missense|LC,17076566009,17,76566009,
TKTL2,ENSG00000151005,0.15076002284025,0.0855541751723572,0.80694395422435,-0.000735718536551946,missense|LC,4163471804,4,163471804,
HLA-C,ENSG00000204525,0.150772619492127,0.148335727979784,0.099123552138106,0.000580372232989117,missense|LC,6031269122,6,31269122,
SLC25A23,ENSG00000125648,0.150835876334464,0.570158401664182,0.0801619192936922,0.00039416935794742,missense|LC,19006441907,19,6441907,
HIGD2A,ENSG00000146066,0.15084188503482,0.577268269033223,0.0844827624260261,0.0010945218295505,missense|LC,5176383890,5,176383890,
SKP2,ENSG00000145604,0.15084360807387,0.425598967279782,0.0810996168797656,-0.000921316746232226,missense|LC,5036152176,5,36152176,
FAM131B,ENSG00000159784,0.15094060264589,0.234022000839888,0.0880589433732233,-0.000854265945828405,missense|LC,7143350328,7,143350328,
IL1A,ENSG00000115008,0.150999421133387,0.0928006071887251,0.344969809465182,0.00101649834774385,missense|LC,2112775020,2,112775020,
TMEM70,ENSG00000175606,0.151017753093503,0.0932428160542957,0.172015867693431,0.00198570056376248,missense|LC,8073976207,8,73976207,
CCKAR,ENSG00000163394,0.151028071714184,0.84737623727816,0.0867785072647032,0.000110843559187771,missense|LC,4026481564,4,26481564,
ZNF8,ENSG00000278129,0.151059370552459,0.793453295605619,0.0861321119021595,0.000108250130861549,missense|LC,19058276280,19,58276280,
RPRD2,ENSG00000163125,0.151065302261722,0.570018369419979,0.0832417339849995,0.000177076539996705,missense|LC,1150364711,1,150364711,
DYNC2H1,ENSG00000187240,0.151108600468677,0.866321779141971,0.0809279948491261,-0.0000323687729237443,missense|LC,11103109563,11,103109563,
ZNF391,ENSG00000124613,0.15127911905057,0.113252537364409,0.106628652403868,-0.000992834958933339,missense|LC,6027400310,6,27400310,
IL1B,ENSG00000125538,0.15131315711321,0.948029507907228,0.0843642302823637,-0.0000852601550613281,missense|LC,2112830308,2,112830308,
SDR39U1,ENSG00000100445,0.151396106666141,0.0900645737271837,0.168353585535956,0.00079616826681102,missense|LC,14024436035,14,24436035,
CERS2,ENSG00000143418,0.15141128061788,0.0944242223428203,0.465494260465805,-0.000791440848209619,missense|LC,1150960493,1,150960493,
CLDN17,ENSG00000156282,0.151469403255741,0.0974512966613759,0.280683854464581,0.000878487003412822,missense|LC,21030165872,21,30165872,
CHST13,ENSG00000180767,0.151631886723969,0.192428634268357,0.0868859270663559,0.000956159309095622,missense|LC,3126524243,3,126524243,
ZNF143,ENSG00000166478,0.151653240028096,0.212388408515789,0.0964758269542552,0.000608558335067658,missense|LC,11009460942,11,9460942,
ADAMTS1,ENSG00000154734,0.151690115327939,0.0865664187180228,0.298741326823807,0.000528583804381716,missense|LC,21026837510,21,26837510,
SEC14L4,ENSG00000133488,0.151713620595528,0.668865323894312,0.0842865945608851,0.000321923039461353,missense|LC,22030489793,22,30489793,
PARD3B,ENSG00000116117,0.151739479012945,0.219325513233923,0.110963288460367,-0.00102208343837083,missense|LC,2204545888,2,204545888,
ABI2,ENSG00000138443,0.151764383869004,0.838766978746975,0.085125757592735,0.000155678304776106,missense|LC,2203328451,2,203328451,
IL22RA2,ENSG00000164485,0.151883467477217,0.0949530192857095,0.132020887669953,0.00117196244855587,missense|LC,6137145552,6,137145552,
CEP89,ENSG00000121289,0.151912951715111,0.183151112412507,0.088984393147478,-0.0004420887876444,missense|LC,19032879103,19,32879103,
RHCE,ENSG00000188672,0.15192501469215,0.509282440145836,0.0866906479162222,0.000350322684531295,missense|LC,1025360572,1,25360572,
RPAP1,ENSG00000103932,0.151969974493348,0.0879006032974421,0.192748730791809,-0.000464033656461876,missense|LC,15041512178,15,41512178,
SLCO4C1,ENSG00000173930,0.151989476426629,0.69913896335006,0.0824850025629422,0.000213718036102409,missense|LC,5102236787,5,102236787,
PSKH2,ENSG00000147613,0.15202090179549,0.238682298621558,0.0881963180009586,-0.000533928034648409,missense|LC,8086048410,8,86048410,
SELE,ENSG00000007908,0.152081862712432,0.0998158969787534,0.130763718322847,0.000696623299934916,missense|LC,1169725673,1,169725673,
BTBD10,ENSG00000148925,0.15209735547989,0.919143676782081,0.0833718676019701,0.000108025024299624,missense|LC,11013385642,11,13385642,
EMD,ENSG00000102119,0.152116168403913,0.176302478603468,0.0870593129117878,0.00137990261261244,missense|LC,23154379411,X,154379411,
TSPAN17,ENSG00000048140,0.152121129257686,0.644043823667666,0.0841857756264628,-0.00055473316371525,missense|LC,5176642643,5,176642643,
RFX2,ENSG00000087903,0.152143380799334,0.0996660075174668,0.153962904806416,0.00196822514214092,missense|LC,19005994802,19,5994802,
INSIG2,ENSG00000125629,0.152149615166637,0.622312385140046,0.0848061612112445,-0.000907713267378923,missense|LC,2118096486,2,118096486,
FILIP1L,ENSG00000168386,0.152186312522712,0.476433599429155,0.0822100029837269,-0.00027240785663818,missense|LC,3099833176,3,99833176,
CP,ENSG00000047457,0.152208953589191,0.342051671946775,0.0855350763925654,-0.000298069389413082,missense|LC,3149167889,3,149167889,
NFAT5,ENSG00000102908,0.152272325176973,0.309672763370675,0.0864071311528343,-0.000358714500543982,missense|LC,16069566225,16,69566225,
C21orf58,ENSG00000160298,0.152306133880516,0.57883631809425,0.0870469955982158,-0.000227337660837983,missense|LC,21046296130,21,46296130,
SBNO2,ENSG00000064932,0.152308109771137,0.0833074251747561,0.273502559515843,-0.000571120469166878,missense|LC,19001103959,19,1103959,
PPM1J,ENSG00000155367,0.152314007225945,0.220306310389057,0.0930971813258121,-0.000578462056785258,missense|LC,1112709943,1,112709943,
ZBTB46,ENSG00000130584,0.15231978564693,0.0925713176795316,0.143210734250715,-0.000811172697794135,missense|LC,20063738672,20,63738672,
GLRB,ENSG00000109738,0.152324590877602,0.56971401666817,0.0840253804363826,0.000493416244814894,missense|LC,4157077962,4,157077962,
SCARF1,ENSG00000074660,0.15240549211162,0.395008186470955,0.0849038120694974,0.000327609057675113,missense|LC,17001634627,17,1634627,
NPHP4,ENSG00000131697,0.152414660009365,0.616893053224564,0.0822136154196498,0.000106156107285727,missense|LC,1005863182,1,5863182,
PDE1A,ENSG00000115252,0.152476815221488,0.0873557263329934,0.397106724071854,0.00108973716553456,missense|LC,2182147054,2,182147054,
OSBPL3,ENSG00000070882,0.152521494660795,0.0876893500591142,0.404825278032322,-0.000558213919921471,missense|LC,7024800172,7,24800172,
ATP5PO,ENSG00000241837,0.152536461520264,0.103887333592434,0.193971409882747,0.00092383356038694,missense|LC,21033903470,21,33903470,
OR2T5,ENSG00000203661,0.152635844819016,0.612296840182821,0.0916485825080909,0.00178641404763111,missense|LC,1248488626,1,248488626,
CATSPER1,ENSG00000175294,0.152701271603628,0.0871838223723032,0.503834837437697,-0.000682432407619071,missense|LC,11066011902,11,66011902,
TMEM14A,ENSG00000096092,0.152792263424663,0.256168853610029,0.0865576156837471,-0.00245163454986971,missense|LC,6052677030,6,52677030,
UNC5B,ENSG00000107731,0.152795852983836,0.891033855651229,0.0886225449040342,0.0000415250093618788,missense|LC,10071212899,10,71212899,
USP42,ENSG00000106346,0.152841765382748,0.38726276416272,0.0858573841741554,-0.000199542925221011,missense|LC,7006111029,7,6111029,
GIPR,ENSG00000010310,0.152853510066035,0.0906545972516704,0.258894153854333,0.000673346372467704,missense|LC,19045669396,19,45669396,
TBXAS1,ENSG00000059377,0.152908308757091,0.0893775720024472,0.787690300304183,0.000649079349228741,missense|LC,7139777552,7,139777552,
RNLS,ENSG00000184719,0.152917678616153,0.0957127568797973,0.276533871563788,0.000697253226283174,missense|LC,10088284067,10,88284067,
TMEM123,ENSG00000152558,0.152996610959271,0.888205035078963,0.0864877847732133,-0.000121647446764034,missense|LC,11102398792,11,102398792,
KIT,ENSG00000157404,0.153015389795525,0.0856065350044055,0.73321103241609,-0.000912596435366119,missense|LC,4054657958,4,54657958,
OXT,ENSG00000101405,0.153108857360536,0.100607240345266,0.128682994934621,-0.00221834871809334,missense|LC,20003071524,20,3071524,
SLC25A1,ENSG00000100075,0.153157296326763,0.156755447382647,0.0893213678375799,-0.00114869595261838,missense|LC,22019176084,22,19176084,
RFX7,ENSG00000181827,0.153185236450211,0.27691757673877,0.0852025375206243,0.00033220088365968,missense|LC,15056093277,15,56093277,
TTC3,ENSG00000182670,0.153355505320217,0.74275390215401,0.0848004450543152,-0.0000942352772872531,missense|LC,21037082418,21,37082418,
NARS2,ENSG00000137513,0.153374652989296,0.12563349956389,0.0942473118584739,-0.00101342427937517,missense|LC,11078436582,11,78436582,
CDH6,ENSG00000113361,0.153382464441147,0.452745084658444,0.0809864230023172,0.00069256591165312,missense|LC,5031267431,5,31267431,
TCTE1,ENSG00000146221,0.153441062166684,0.087539142641504,0.739753746400698,0.000804594161166423,missense|LC,6044275252,6,44275252,
POU5F1B,ENSG00000212993,0.153496267083335,0.976801316483112,0.0864539779863176,0.00000780825618188592,missense|LC,8127415712,8,127415712,
GABRB3,ENSG00000166206,0.153497893499589,0.0853562707737106,0.249517711998394,-0.00247634397510631,missense|LC,15026547743,15,26547743,
DIRAS3,ENSG00000162595,0.15353321612989,0.489735593741534,0.0844604878272561,0.00111969940517645,missense|LC,1068046535,1,68046535,
ARL16,ENSG00000214087,0.153605425266576,0.150826952858464,0.0904475446709387,-0.00166092557822966,missense|LC,17081681609,17,81681609,
CBX4,ENSG00000141582,0.153698114210638,0.905191240848013,0.0885002586011865,0.0000501897369002731,missense|LC,17079833860,17,79833860,
UPF3B,ENSG00000125351,0.153753890745052,0.241223182352399,0.0852869898656736,0.000963839939861299,missense|LC,23119834026,X,119834026,
ANKDD1B,ENSG00000189045,0.15375781840883,0.092532928820801,0.229096852621772,0.000594102657400104,missense|LC,5075611545,5,75611545,
TMSB4X,ENSG00000205542,0.153813765853401,0.226604152449355,0.0920882754883279,0.0142773229138842,missense|LC,23012976217,X,12976217,
MAPK8,ENSG00000107643,0.153956249675118,0.199854701667913,0.0847274907756002,0.00193960823951848,missense|LC,10048401573,10,48401573,
GABRA2,ENSG00000151834,0.154029836900295,0.761733946352374,0.0843279286817342,-0.000492193975588759,missense|LC,4046250294,4,46250294,
SCAPER,ENSG00000140386,0.154051368070971,0.233388394880272,0.0869026527015222,0.000367749174499357,missense|LC,15076348608,15,76348608,
GML,ENSG00000104499,0.154079914839219,0.106678077151541,0.269603988794459,-0.00110461850977426,missense|LC,8142840396,8,142840396,
PCTP,ENSG00000141179,0.154097856846757,0.101744785708039,0.468567085693506,0.00085863808066867,missense|LC,17055750970,17,55750970,
HSPBP1,ENSG00000133265,0.154119615083207,0.119564726302199,0.10083040439555,0.000857255481766813,missense|LC,19055262284,19,55262284,
RAB30,ENSG00000137502,0.154144295567321,0.122773624082148,0.103500643447106,-0.00307982761240775,missense|LC,11082982046,11,82982046,
DELE1,ENSG00000081791,0.154199060859039,0.641783481469541,0.0828023612558351,0.000311365440998403,missense|LC,5141923830,5,141923830,
IL12RB2,ENSG00000081985,0.154258436841471,0.927874671613021,0.08834036335888,-0.0000351320686908383,missense|LC,1067320189,1,67320189,
AL031777.2,ENSG00000282988,0.154270165752045,0.121986540435585,0.0976205711516671,-0.00121371225175741,missense|LC,6026196758,6,26196758,
SYNPO2,ENSG00000172403,0.154274285963827,0.283157425926402,0.0900631966993211,0.00572614220076898,missense|LC,4118888966,4,118888966,
TNFAIP3,ENSG00000118503,0.154367132934125,0.0857434220586708,0.610951467227946,0.000783319909887748,missense|LC,6137871133,6,137871133,
MAGEB1,ENSG00000214107,0.154374440486545,0.11971218231007,0.0989957812969204,0.000761797875161778,missense|LC,23030242100,X,30242100,
TEX38,ENSG00000186118,0.154388832088274,0.0954753792290175,0.335035590116731,0.000776371003762167,missense|LC,1046667973,1,46667973,
AQP3,ENSG00000165272,0.154439418040892,0.0845509948219645,0.622310724290614,-0.00225912588246408,missense|LC,9033441906,9,33441906,
IRGQ,ENSG00000167378,0.15445616285781,0.0883601706303526,0.215308832319345,0.00101160574911568,missense|LC,19043580449,19,43580449,
RTP4,ENSG00000136514,0.154536393524805,0.108238247636455,0.236856151142179,-0.000787274400084878,missense|LC,3187368350,3,187368350,
PDZK1,ENSG00000174827,0.154563298562859,0.20617573193936,0.104285314845848,-0.000598486549759562,missense|LC,1145669548,1,145669548,
PTPN3,ENSG00000070159,0.154600821489704,0.507957210719819,0.0835528196436903,0.000315511501335508,missense|LC,9109379494,9,109379494,
CYGB,ENSG00000161544,0.154607658659753,0.618520756494901,0.0877657965145949,0.000669503959551274,missense|LC,17076528478,17,76528478,
NDUFS6,ENSG00000145494,0.154708100078871,0.0846071962277092,0.60338377145664,-0.00272691368762987,missense|LC,5001798535,5,1798535,
PCDHGA9,ENSG00000261934,0.154717288874263,0.23864139761656,0.088856001743478,0.000341281683244777,missense|LC,5141397984,5,141397984,
TOP1,ENSG00000198900,0.154734250371059,0.837536091759269,0.0831560682114183,0.000273732358316942,missense|LC,20041028994,20,41028994,
TMEM260,ENSG00000070269,0.154736827219597,0.384329824433044,0.08611421438567,-0.000401533035343048,missense|LC,14056579800,14,56579800,
EVL,ENSG00000196405,0.154770856464965,0.123245651198698,0.105947068586108,-0.00125607302906275,missense|LC,14100065388,14,100065388,
OR1D2,ENSG00000184166,0.154874742369961,0.441623833205485,0.0853814475366367,0.00057220109289342,missense|LC,17003092014,17,3092014,
ANGPTL5,ENSG00000187151,0.15493173293597,0.0855138513442826,0.705232518521011,0.00137624850370445,missense|LC,11101891194,11,101891194,
WASF3,ENSG00000132970,0.154985734779051,0.962866218675739,0.0930754848744293,-0.0000112896869995204,missense|LC,13026642155,13,26642155,
ATP6AP1,ENSG00000071553,0.154994046129449,0.29510170973198,0.0896706607679065,-0.000439610074326268,missense|LC,23154428575,X,154428575,
SETD2,ENSG00000181555,0.155001908148217,0.122859079026882,0.112111497082984,0.000466617714434216,missense|LC,3047017017,3,47017017,
ZSWIM4,ENSG00000132003,0.155086551390171,0.225125014305359,0.0891921281628215,0.000464788821691835,missense|LC,19013795683,19,13795683,
EPB42,ENSG00000166947,0.155104257926821,0.0887060644440067,0.871580576365474,0.00060188722383351,missense|LC,15043192681,15,43192681,
PAF1,ENSG00000006712,0.155119984791738,0.089867422573649,0.196963570569458,-0.00161748763540925,missense|LC,19039380630,19,39380630,
RAD23B,ENSG00000119318,0.155158511972374,0.10732051638366,0.106948573978486,0.00160758224687723,missense|LC,9107283557,9,107283557,
LDHC,ENSG00000166796,0.155167405013862,0.608210344812848,0.0928659787638333,0.000407260297448393,missense|LC,11018407319,11,18407319,
B3GALNT2,ENSG00000162885,0.155171297619797,0.0854935322746327,0.613282066938858,-0.00114655270534266,missense|LC,1235442780,1,235442780,
PRDX6,ENSG00000117592,0.155208802984526,0.0836658982508425,0.874565780334567,-0.00335278662282802,missense|LC,1173477341,1,173477341,
TNKS,ENSG00000173273,0.155219245611857,0.320437125481107,0.0857910886681663,0.000429762473821468,missense|LC,8009555828,8,9555828,
APRT,ENSG00000198931,0.155266417713378,0.949262617437033,0.0919854605066645,-0.0000434441435059235,missense|LC,16088804431,16,88804431,
CEP131,ENSG00000141577,0.155276680301705,0.729575458774457,0.0843029148190422,-0.000084745161290567,missense|LC,17081189679,17,81189679,
RHOD,ENSG00000173156,0.155502512640174,0.0971457199202553,0.139304857051609,-0.000999023104406569,missense|LC,11067056770,11,67056770,
SEC14L6,ENSG00000214491,0.155525649928853,0.101493871499208,0.132784831880611,-0.000697194573582643,missense|LC,22030525020,22,30525020,
SEC23A,ENSG00000100934,0.155636671014899,0.585254701808263,0.085158982753016,0.000379440242831522,missense|LC,14039033212,14,39033212,
BPIFA2,ENSG00000131050,0.155643424466851,0.0934919286207929,0.349368982094379,0.000631758834127851,missense|LC,20033169087,20,33169087,
GTF2IRD2B,ENSG00000174428,0.155677782326249,0.605812334319372,0.0878288951342753,0.000412173416967148,missense|LC,7075112627,7,75112627,
BIVM,ENSG00000134897,0.155721832235602,0.502957783190707,0.0990328582715485,0.000420678484290729,missense|LC,13102796791,13,102796791,
RBM18,ENSG00000119446,0.155728132083336,0.13308421627533,0.0963618905197378,0.00190905271343252,missense|LC,9122241827,9,122241827,
NSMCE3,ENSG00000185115,0.155742617858437,0.945878468678153,0.0913147614350489,0.0000229024104479642,missense|LC,15029268702,15,29268702,
NPFFR2,ENSG00000056291,0.155744599889756,0.923762718813313,0.0827418586248261,-0.0000632480594894764,missense|LC,4072031808,4,72031808,
PCDHB14,ENSG00000120327,0.155754119977212,0.254319139179737,0.0843555120250202,0.000496392073393192,missense|LC,5141223454,5,141223454,
DDX58,ENSG00000107201,0.155809362977611,0.0862947710300206,0.332045045047219,0.000797936748661167,missense|LC,9032457074,9,32457074,
PCDHB9,ENSG00000177839,0.155989890439492,0.313849681464721,0.0908007464944862,0.00021355026419155,missense|LC,5141182489,5,141182489,
PTPRU,ENSG00000060656,0.156100390402203,0.568537245946022,0.0861344396877233,0.000212578994433482,missense|LC,1029236548,1,29236548,
HNRNPCL3,ENSG00000277058,0.156200739303159,0.126061945768482,0.102902935848525,-0.00121838247226663,missense|LC,1013061474,1,13061474,
GXYLT2,ENSG00000172986,0.156211729455456,0.0888144309821157,0.395087829707471,-0.000858337921038505,missense|LC,3072884450,3,72884450,
MTHFD1L,ENSG00000120254,0.156292359831275,0.840700456599047,0.0868931777884798,-0.000101627436819866,missense|LC,6150865721,6,150865721,
ARSF,ENSG00000062096,0.156354941246238,0.0933119829350368,0.14155939519618,0.00064641820511686,missense|LC,23003068052,X,3068052,
CCDC33,ENSG00000140481,0.156431819921978,0.0887600886847494,0.489227771803001,0.000687636769217252,missense|LC,15074236645,15,74236645,
OR6C1,ENSG00000205330,0.156476538654854,0.578503830086568,0.0952747678035191,-0.000306111732382125,missense|LC,12055320578,12,55320578,
KIF25,ENSG00000125337,0.15647779961021,0.683544728907151,0.0878153905350013,0.000204917186590725,missense|LC,6168029449,6,168029449,
MSI1,ENSG00000135097,0.156485539630254,0.459977805228327,0.112695083606903,0.000430737690635715,missense|LC,12120345508,12,120345508,
WDR7,ENSG00000091157,0.156491412668463,0.200536828743903,0.0857479359226023,-0.000643409765399512,missense|LC,18056672418,18,56672418,
H2AC6,ENSG00000180573,0.156521381721228,0.128921319224212,0.10906686082555,-0.00447046294387859,missense|LC,6026123368,6,26123368,
LRP3,ENSG00000130881,0.156638338305442,0.0896965750791954,0.68081825275294,-0.000594473207297088,missense|LC,19033194754,19,33194754,
TACO1,ENSG00000136463,0.156680012889795,0.548977510792051,0.0869975293333024,0.000766970180053381,missense|LC,17063600980,17,63600980,
COL4A5,ENSG00000188153,0.156753708910197,0.0894364204185859,0.448807005166737,0.000560396632794804,missense|LC,23108437870,X,108437870,
VCPIP1,ENSG00000175073,0.15680202409305,0.932143755809115,0.0860007470278377,0.0000470085059877219,missense|LC,8066634404,8,66634404,
CNIH2,ENSG00000174871,0.156805057520938,0.203941654927891,0.0880769443313927,0.00426237269096515,missense|LC,11066275700,11,66275700,
MYOF,ENSG00000138119,0.156814154416261,0.539425199239127,0.0850711416537557,0.000135949318230698,missense|LC,10093306885,10,93306885,
SCN7A,ENSG00000136546,0.156920613000616,0.0873817871110281,0.858490947284423,0.000443997966750017,missense|LC,2166405531,2,166405531,
MARCKSL1,ENSG00000175130,0.156944336259984,0.473678173933829,0.0851019777219946,0.000915580000595826,missense|LC,1032329058,1,32329058,
AKR7A2,ENSG00000053371,0.156949335050783,0.0868456048967411,0.328959752939598,-0.000963024029931161,missense|LC,1019304096,1,19304096,
C8orf33,ENSG00000182307,0.156977505011315,0.317110987722992,0.100751912468034,-0.000502579993625926,missense|LC,8145052466,8,145052466,
ABLIM2,ENSG00000163995,0.157027233493151,0.548552277793697,0.0892707376997587,0.000773902821652259,missense|LC,4007966937,4,7966937,
RGS11,ENSG00000076344,0.157127322392331,0.0939197171083694,0.456567385031009,0.000501623660110887,missense|LC,16000263307,16,263307,
IKZF1,ENSG00000185811,0.157148118234866,0.306507818591314,0.0847147347549955,0.00117003587332073,missense|LC,7050319028,7,50319028,
ZNF264,ENSG00000083844,0.157190857218689,0.509488803847252,0.0851421427408181,-0.000354083492997046,missense|LC,19057191822,19,57191822,
ABRAXAS1,ENSG00000163322,0.157201905756002,0.53088895998763,0.0970349970851996,-0.000258907507051864,missense|LC,4083455207,4,83455207,
EIF6,ENSG00000242372,0.157239792934256,0.0950871509437773,0.172733361513588,0.00161538754335303,missense|LC,20035274191,20,35274191,
SMG7,ENSG00000116698,0.157314760781845,0.450740409146744,0.0930159949543883,0.000253705044130756,missense|LC,1183472525,1,183472525,
HINT2,ENSG00000137133,0.157420200293839,0.166054756560245,0.0930273648680655,0.00164774927424653,missense|LC,9035808135,9,35808135,
RASGRF2,ENSG00000113319,0.157424121436283,0.43244949079302,0.0921868255045281,-0.00196067860171979,missense|LC,5080960629,5,80960629,
FOXP1,ENSG00000114861,0.157505898375333,0.592657059219404,0.0979125734045394,0.000332513410300227,missense|LC,3070959160,3,70959160,
KIAA0100,ENSG00000007202,0.157513350185611,0.498318761760703,0.0868278462547206,0.000145455208484308,missense|LC,17028610419,17,28610419,
KCNA10,ENSG00000143105,0.15752163452132,0.0875662506539707,0.311691413751747,0.000758475269040026,missense|LC,1110517216,1,110517216,
SUN5,ENSG00000167098,0.157529625603309,0.925413232230095,0.0908048913972601,-0.0000818223722026728,missense|LC,20032983670,20,32983670,
BCR,ENSG00000186716,0.157548402552403,0.969624511144431,0.0877937848419832,0.00000815224524742228,missense|LC,22023180867,22,23180867,
MRPS35,ENSG00000061794,0.157561626813663,0.209301072976445,0.0932282027169091,-0.000763601134757047,missense|LC,12027710781,12,27710781,
NEIL2,ENSG00000154328,0.157656956282682,0.0871851781873128,0.655641880621729,0.00106447129743734,missense|LC,8011771343,8,11771343,
NHLRC2,ENSG00000196865,0.157834263557304,0.0917403248279003,0.255974703519996,0.000832988119536849,missense|LC,10113849669,10,113849669,
CHRDL2,ENSG00000054938,0.1578447740202,0.0991995598419424,0.279678434700147,0.000683057086221118,missense|LC,11074696462,11,74696462,
CHMP6,ENSG00000176108,0.157941729535745,0.189074354622618,0.0897855640767824,-0.00131442885669523,missense|LC,17080991826,17,80991826,
NPL,ENSG00000135838,0.157964578705639,0.0900573922282202,0.44304621442627,-0.00117889805475032,missense|LC,1182794363,1,182794363,
PPP1CA,ENSG00000172531,0.157978328694451,0.217619526732149,0.0875926762720167,0.00209958974681633,missense|LC,11067393224,11,67393224,
WNT5B,ENSG00000111186,0.158005980906116,0.211012763275282,0.0888498168545658,-0.000937364038053835,missense|LC,12001630043,12,1630043,
DGCR2,ENSG00000070413,0.158038812235046,0.0857971982558928,0.321826247932595,0.000751272766640009,missense|LC,22019038747,22,19038747,
TFRC,ENSG00000072274,0.158055096615552,0.86025438404967,0.0833333025412688,0.000134925594057567,missense|LC,3196051836,3,196051836,
NANOGNB,ENSG00000205857,0.158063588632205,0.199659099930347,0.0964923532115858,-0.0017164009004246,missense|LC,12007765200,12,7765200,
SAC3D1,ENSG00000168061,0.15808530320309,0.280676503154373,0.0973244703865971,-0.000465494143696542,missense|LC,11065038194,11,65038194,
TRGV9,ENSG00000211695,0.158105491097362,0.102385769146828,0.134634255689181,0.00235111995418057,missense|LC,7038316944,7,38316944,
COQ6,ENSG00000119723,0.158148975972729,0.801457140593311,0.0921136391732266,0.000121202741425578,missense|LC,14073946198,14,73946198,
CDCA3,ENSG00000111665,0.158155725064278,0.17631287671687,0.0896738547982028,-0.00149815990226972,missense|LC,12006843810,12,6843810,
TMEM218,ENSG00000150433,0.158269856279093,0.277242105403787,0.108789423109483,0.000941705798679132,missense|LC,11125097509,11,125097509,
RAB6A,ENSG00000175582,0.158388024577738,0.162190022913097,0.133099771010676,0.000924862975417939,missense|LC,11073677690,11,73677690,
C19orf38,ENSG00000214212,0.158421929785495,0.0872127074656379,0.61763267225707,0.00153750157945209,missense|LC,19010848420,19,10848420,
CRYZ,ENSG00000116791,0.158426943502321,0.0937611805898837,0.721403739810499,-0.00105379515549214,missense|LC,1074706229,1,74706229,
PPP2R1A,ENSG00000105568,0.158463296932866,0.213100299523938,0.100263631691934,-0.00117733330014251,missense|LC,19052190003,19,52190003,
HDDC3,ENSG00000184508,0.158533934825739,0.0984936425143519,0.282332916962262,0.00125047215980247,missense|LC,15090931168,15,90931168,
TNFSF12-TNFSF13,ENSG00000248871,0.158605108073751,0.867255263544743,0.0894160909742701,-0.000160440218377353,missense|LC,17007549053,17,7549053,
CD300LB,ENSG00000178789,0.158668224770839,0.0907185092946944,0.79472852379204,-0.00195768657685152,missense|LC,17074521278,17,74521278,
HHEX,ENSG00000152804,0.158709568850756,0.0896807467607128,0.31663041506064,0.00172772983171289,missense|LC,10092689904,10,92689904,
PLEK2,ENSG00000100558,0.158718525758171,0.879921931732137,0.0912537726377374,0.000107954550159843,missense|LC,14067382371,14,67382371,
LYST,ENSG00000143669,0.158740378741602,0.562491704113957,0.0853149275833416,-0.000106597215148361,missense|LC,1235662935,1,235662935,
CNTFR,ENSG00000122756,0.158820904273453,0.100455301923298,0.135108575763401,0.00138970348119886,missense|LC,9034552058,9,34552058,
MCM9,ENSG00000111877,0.158872418768088,0.0891982475859888,0.319815404392929,0.000400933912377855,missense|LC,6118814737,6,118814737,
DYNLRB1,ENSG00000125971,0.15896828260722,0.0922769291794545,0.662081946126725,-0.00349514516970034,missense|LC,20034516314,20,34516314,
TLNRD1,ENSG00000140406,0.159020309723043,0.086883097599659,0.329918668763963,0.00147301171064373,missense|LC,15081002140,15,81002140,
GNS,ENSG00000135677,0.159073316213457,0.0875778475977073,0.718716178827867,0.0014203706315235,missense|LC,12064716721,12,64716721,
RBM7,ENSG00000076053,0.159086895242777,0.969257600413771,0.089030074933537,-0.0000316818330305966,missense|LC,11114399831,11,114399831,
SQLE,ENSG00000104549,0.159103613212806,0.104552359336931,0.133976657198185,-0.00369303277627881,missense|LC,8124999302,8,124999302,
SERTM1,ENSG00000180440,0.15910732233581,0.186147211618239,0.0909226810688926,-0.00425183685687249,missense|LC,13036695045,13,36695045,
EPOR,ENSG00000187266,0.159148202314368,0.0936025581865463,0.451834195125855,0.000523267409694593,missense|LC,19011374637,19,11374637,
USP29,ENSG00000131864,0.159153287905152,0.0918061027805099,0.217987736069485,0.00051931825648629,missense|LC,19057128573,19,57128573,
SLC31A2,ENSG00000136867,0.159185613190676,0.813050399975523,0.0899247879318235,0.00049918511866624,missense|LC,9113150935,9,113150935,
PLEKHA6,ENSG00000143850,0.159198705332592,0.32782024976999,0.088683586368305,-0.000244399909411075,missense|LC,1204213855,1,204213855,
NPFF,ENSG00000139574,0.159199528450437,0.25687997614288,0.0958896175766808,-0.0014960684518442,missense|LC,12053501690,12,53501690,
KRT23,ENSG00000108244,0.159233686303034,0.848967031188168,0.0854687748511649,0.000133690104430883,missense|LC,17040922950,17,40922950,
ANKRD13B,ENSG00000198720,0.159238499648186,0.0861758740472259,0.356320751600463,-0.00116805392548154,missense|LC,17029589282,17,29589282,
GAS2L2,ENSG00000270765,0.159289632415421,0.0883830387543603,0.253203035417832,0.000679454200440202,missense|LC,17035740300,17,35740300,
ISYNA1,ENSG00000105655,0.159300675181686,0.665723055740572,0.0962313398738455,-0.00017624904374464,missense|LC,19018430762,19,18430762,
THNSL2,ENSG00000144115,0.15932081719743,0.304190589323009,0.0905649789373757,-0.000631199628545226,missense|LC,2088173133,2,88173133,
CDC5L,ENSG00000096401,0.159326759905701,0.138850707839018,0.0994687097229181,0.00106385206966262,missense|LC,6044387757,6,44387757,
C1RL,ENSG00000139178,0.159508138396653,0.0893696470512586,0.653125820828646,-0.000988199811994752,missense|LC,12007093773,12,7093773,
HSPB1,ENSG00000106211,0.159565038024335,0.0986767399173702,0.183982015909294,0.00104064014129045,missense|LC,7076302587,7,76302587,
GOLGA6L7,ENSG00000261649,0.159630060183623,0.0933510309041515,0.188573546192063,-0.00115436505319541,missense|LC,15028842142,15,28842142,
OR4A16,ENSG00000181961,0.159716306948068,0.10458329059497,0.35287701458657,0.000431404065064232,missense|LC,11055343136,11,55343136,
TMEM74,ENSG00000164841,0.159752846187085,0.368083830620951,0.0905786312395997,0.000839730463911995,missense|LC,8108784109,8,108784109,
ZNF765,ENSG00000196417,0.159761449366021,0.090461133558511,0.742597711336018,0.000810785396523548,missense|LC,19053397864,19,53397864,
PAGE4,ENSG00000101951,0.159794727179467,0.96146624129611,0.0904138355244631,0.000126046115080069,missense|LC,23049830410,X,49830410,
C1QL2,ENSG00000144119,0.159827523509627,0.100840708660014,0.500946549882577,0.0014723390315698,missense|LC,2119156708,2,119156708,
FSD2,ENSG00000186628,0.159848645147128,0.089639703845757,0.779917389063,-0.000727014655269195,missense|LC,15082759269,15,82759269,
ANKH,ENSG00000154122,0.159895444038028,0.100305821135417,0.249989377096267,-0.000694312994258795,missense|LC,5014711150,5,14711150,
SFR1,ENSG00000156384,0.159940784990715,0.937032514044493,0.0906274035549487,0.0000810173165566315,missense|LC,10104122163,10,104122163,
DHX40,ENSG00000108406,0.159997670021363,0.833408897706638,0.0887892187311148,0.000196417917692017,missense|LC,17059565597,17,59565597,
BCL11A,ENSG00000119866,0.160043574234332,0.0902627650315829,0.232738792353835,-0.00127389920046331,missense|LC,2060452525,2,60452525,
ARMH4,ENSG00000139971,0.160117767094846,0.0978707575015034,0.16676534254356,0.00047141738256503,missense|LC,14058004680,14,58004680,
NTAN1,ENSG00000157045,0.160123558731933,0.104244923768888,0.122207597677957,-0.00105763659891049,missense|LC,16015032857,16,15032857,
ELMO2,ENSG00000062598,0.160178931508998,0.574888118158375,0.0851856697963109,-0.000568439169481295,missense|LC,20046367269,20,46367269,
KBTBD3,ENSG00000182359,0.160185202058163,0.0962557361814373,0.621581603489471,-0.000864957561349179,missense|LC,11106052797,11,106052797,
LAMP3,ENSG00000078081,0.160236374317696,0.0908493492530069,0.515009448670885,0.00128348506393553,missense|LC,3183123994,3,183123994,
ZNF304,ENSG00000131845,0.16029196022625,0.288660862397508,0.102608939366989,0.000489894633533661,missense|LC,19057351565,19,57351565,
PDZD2,ENSG00000133401,0.160304751802626,0.396904342176088,0.0891401551304942,-0.000671374247631023,missense|LC,5031725530,5,31725530,
PCDHA1,ENSG00000204970,0.160371146897277,0.0894840304825709,0.34258673224616,0.000424752681911269,missense|LC,5140786171,5,140786171,
PSMD10,ENSG00000101843,0.160451984452611,0.113256600278535,0.11325611677136,0.0012725342096573,missense|LC,23108084893,X,108084893,
POLR2E,ENSG00000099817,0.160463717454179,0.138002358477956,0.0992225257793546,0.000881704120173164,missense|LC,19001081578,19,1081578,
MAN2B2,ENSG00000013288,0.160524935275551,0.098894573207539,0.172940614660859,0.000417573791401957,missense|LC,4006575191,4,6575191,
STATH,ENSG00000126549,0.160542037364873,0.619454357750244,0.0989605654157307,-0.000939827083046094,missense|LC,4069998376,4,69998376,
CXCR4,ENSG00000121966,0.160589955201397,0.339662696187572,0.0889661961381291,0.00113201044300721,missense|LC,2136114801,2,136114801,
PDIA3,ENSG00000167004,0.160633459245713,0.233785101913826,0.0906079537119302,0.000729229812358974,missense|LC,15043744326,15,43744326,
ENTPD7,ENSG00000198018,0.16070742521718,0.102387908760099,0.140194708420184,-0.0010777179078725,missense|LC,10099659833,10,99659833,
MRI1,ENSG00000037757,0.160873928211641,0.974201664138388,0.0927122174473717,0.00000384599215084456,missense|LC,19013762208,19,13762208,
TRIM61,ENSG00000183439,0.160917895251747,0.0967723366574011,0.434644897712321,-0.00101636312527122,missense|LC,4164956933,4,164956933,
HIP1,ENSG00000127946,0.160938338037492,0.0881137968062731,0.539036099149249,-0.00087191009215613,missense|LC,7075538118,7,75538118,
UBAP2L,ENSG00000143569,0.160953046433989,0.93953341414606,0.0941464898431175,0.0000365769645018608,missense|LC,1154219796,1,154219796,
IRAK1,ENSG00000184216,0.160979324061735,0.784188719941086,0.101263107398672,0.0000867220569590346,missense|LC,23154011814,X,154011814,
MECP2,ENSG00000169057,0.161026096124418,0.361311767288444,0.0899184444930913,-0.000244045722291154,missense|LC,23154016575,X,154016575,
HTR6,ENSG00000158748,0.16103567813737,0.191727697518055,0.0916522951146651,-0.000625762939980501,missense|LC,1019665708,1,19665708,
SV2C,ENSG00000122012,0.161133722327265,0.0939104622311842,0.479568077774435,0.000660159435389665,missense|LC,5076131682,5,76131682,
BNIP3,ENSG00000176171,0.16116898620803,0.145340672004077,0.0979678350005063,0.000944872512000437,missense|LC,10131968480,10,131968480,
HAPLN1,ENSG00000145681,0.161178308401393,0.215292726844222,0.0889197921853189,-0.00114358716731131,missense|LC,5083641417,5,83641417,
COL6A3,ENSG00000163359,0.161219950900781,0.0877362714341883,0.447000980050413,0.000259168238874683,missense|LC,2237324707,2,237324707,
RBM46,ENSG00000151962,0.161452739184547,0.520595993144639,0.0886816480702857,0.000654528510027761,missense|LC,4154796708,4,154796708,
FREM3,ENSG00000183090,0.161499450837817,0.802228320054858,0.0907325830443495,0.0000484038139546904,missense|LC,4143577534,4,143577534,
CTNNA1,ENSG00000044115,0.161549418622701,0.293780073869879,0.097445353389997,-0.00048037585915511,missense|LC,5138781850,5,138781850,
EGFL7,ENSG00000172889,0.16159786130137,0.347416583975763,0.0978833529459355,0.000399887867515987,missense|LC,9136668215,9,136668215,
DMAP1,ENSG00000178028,0.1616308503804,0.883983852255408,0.0939036122145029,0.0000816889818742886,missense|LC,1044213679,1,44213679,
KAT14,ENSG00000149474,0.161700644148032,0.0923240440554126,0.739607953224727,0.000674791902615576,missense|LC,20018137849,20,18137849,
TRPM1,ENSG00000134160,0.161740854049605,0.65248139157883,0.0888348067649829,-0.000101625571958205,missense|LC,15031001736,15,31001736,
GPRC5D,ENSG00000111291,0.161810616311265,0.0907836317684481,0.381395285203941,-0.00127162651869291,missense|LC,12012940776,12,12940776,
CTCFL,ENSG00000124092,0.161882443562409,0.0966905077542348,0.341022922558343,0.000616599289300821,missense|LC,20057497178,20,57497178,
XRCC1,ENSG00000073050,0.161898689395915,0.421368945072238,0.0906467994114633,0.000307750512956611,missense|LC,19043543314,19,43543314,
FABP1,ENSG00000163586,0.161912851040105,0.0930358282410276,0.493728232040182,0.00226763577248897,missense|LC,2088122995,2,88122995,
TMEM52,ENSG00000178821,0.16199330122121,0.0889907708460964,0.679683588042056,-0.00127158975907795,missense|LC,1001915177,1,1915177,
GLIPR1L1,ENSG00000173401,0.162002705293598,0.951604112952932,0.0903609712834725,0.0000746513966356871,missense|LC,12075329762,12,75329762,
MOCOS,ENSG00000075643,0.16205561710834,0.303461609034334,0.0875501011047,-0.000465291306115676,missense|LC,18036187404,18,36187404,
PLEKHG5,ENSG00000171680,0.162062206360187,0.116173530964417,0.123128306885055,0.000395630251506639,missense|LC,1006462122,1,6462122,
ARMC1,ENSG00000104442,0.162122873976484,0.681572197853015,0.0967979808361319,0.000339733140193434,missense|LC,8065604323,8,65604323,
TAF1L,ENSG00000122728,0.162137829456885,0.519334222700141,0.0899714462179318,0.000166446056085921,missense|LC,9032629932,9,32629932,
PLCE1,ENSG00000138193,0.162359341126415,0.885777033211547,0.0921772899040255,0.0000361864180265348,missense|LC,10094030975,10,94030975,
INPP5F,ENSG00000198825,0.162407715732421,0.870666745697169,0.0931834603215695,-0.0000440167764278625,missense|LC,10119726215,10,119726215,
SETX,ENSG00000107290,0.162570778536964,0.238561371997381,0.088787820637843,-0.000256099928363559,missense|LC,9132264124,9,132264124,
KLF15,ENSG00000163884,0.162598719141232,0.198536844991421,0.0900023095920863,0.00100163357717931,missense|LC,3126343655,3,126343655,
LYG2,ENSG00000185674,0.162607996923123,0.407805316229483,0.0984884398418568,0.000591945657577054,missense|LC,2099242345,2,99242345,
MCUB,ENSG00000005059,0.162611225488884,0.171121797013477,0.092721967051647,0.000840300048284374,missense|LC,4109560301,4,109560301,
ACTL7B,ENSG00000148156,0.162629585728217,0.401223280390181,0.0904951017311709,-0.000418624777281933,missense|LC,9108854568,9,108854568,
NDP,ENSG00000124479,0.162688927446829,0.572034752865889,0.0973098535609819,0.000948719938747183,missense|LC,23043949761,X,43949761,
ZNF735,ENSG00000223614,0.162735585113875,0.875859937412241,0.0913755829014729,0.0000920610788805989,missense|LC,7064207065,7,64207065,
BX470111.1,ENSG00000288258,0.162931827239118,,,,missense|LC,23155061777,X,155061777,
DERA,ENSG00000023697,0.163025203155884,0.158570585027679,0.0969821400424546,-0.00155317996604703,missense|LC,12015911291,12,15911291,
TP53,ENSG00000141510,0.163081874109009,0.405486566828926,0.0900361649932678,0.00079942656672731,missense|LC,17007669549,17,7669549,
TF,ENSG00000091513,0.163161369214524,0.0935605884328136,0.284525916407305,-0.000684176260868722,missense|LC,3133746338,3,133746338,
ADPRH,ENSG00000144843,0.163163034867433,0.119623400460701,0.114462180831365,-0.00124779183545885,missense|LC,3119582092,3,119582092,
PGM3,ENSG00000013375,0.163202771881309,0.252689454667405,0.092359754022873,0.000840508298297707,missense|LC,6083164585,6,83164585,
HSPA14,ENSG00000284024,0.163204925825535,0.163010595981849,0.0975223984541427,-0.000767133342643665,missense|LC,10014842126,10,14842126,
ANGPTL2,ENSG00000136859,0.163274756424913,0.400169967216867,0.0949838292316917,0.000488995338438775,missense|LC,9127088845,9,127088845,
GABRA5,ENSG00000186297,0.163326342381318,0.63150334995307,0.0910249679149537,0.000590219935032474,missense|LC,15026869236,15,26869236,
NEXN,ENSG00000162614,0.16333416938798,0.717208411424658,0.0919480339649204,-0.000167899884993481,missense|LC,1077916054,1,77916054,
CD177,ENSG00000204936,0.163351167885072,0.332264698770515,0.0957993591384959,-0.00046487348631726,missense|LC,19043353612,19,43353612,
XRRA1,ENSG00000166435,0.163384674699265,0.0936235784034218,0.302333784678983,-0.000624136828404255,missense|LC,11074835502,11,74835502,
CNTLN,ENSG00000044459,0.163417801500425,0.091203209373651,0.435870820284225,0.000390481156837409,missense|LC,9017134920,9,17134920,
EPC2,ENSG00000135999,0.16344583500198,0.0901431666402609,0.310307401616071,-0.00114818266705853,missense|LC,2148644955,2,148644955,
PRKCD,ENSG00000163932,0.163505201754897,0.969782888423864,0.0918967670034585,0.0000165369975284694,missense|LC,3053178366,3,53178366,
FZD4,ENSG00000174804,0.163565782301171,0.0919530909228821,0.503239462288357,-0.00108178405214413,missense|LC,11086951068,11,86951068,
VAMP4,ENSG00000117533,0.163610766265275,0.773562905484098,0.0903716280056938,-0.000462982846457892,missense|LC,1171704428,1,171704428,
NEDD8-MDP1,ENSG00000255526,0.163672832534034,0.0952028787492469,0.789124191799236,-0.00254332780668804,missense|LC,14024209803,14,24209803,
KLHL42,ENSG00000087448,0.163767266967847,0.583629967880499,0.0880414163036881,-0.000716625448876984,missense|LC,12027780226,12,27780226,
MAP3K15,ENSG00000180815,0.163775149524921,0.589162531980542,0.0908428253349171,-0.00011700658875243,missense|LC,23019355683,X,19355683,
CDK14,ENSG00000058091,0.163797282494345,0.0941194897578779,0.781664669485113,-0.0016609686082592,missense|LC,7090596568,7,90596568,
AGPAT3,ENSG00000160216,0.163824003680107,0.77583940888987,0.0931258598764531,-0.000256174254007908,missense|LC,21043954941,21,43954941,
LRRFIP2,ENSG00000093167,0.163853998260964,0.11523289920846,0.129924329859857,-0.000845406642287057,missense|LC,3037047626,3,37047626,
RNF115,ENSG00000265491,0.163899081816591,0.521771075399836,0.0883390975454661,-0.000760253348859657,missense|LC,1145735966,1,145735966,
LRCH2,ENSG00000130224,0.163924758174792,0.516665517925757,0.100879855475682,0.000253749017565676,missense|LC,23115113163,X,115113163,
ATXN7L3B,ENSG00000253719,0.163978836559873,0.627844169875722,0.091784082703809,-0.00124877645333498,missense|LC,12074538025,12,74538025,
PHC1,ENSG00000111752,0.164028442181556,0.0991794472106134,0.398779558648921,-0.000631607682554726,missense|LC,12008917664,12,8917664,
SSX5,ENSG00000165583,0.164076990549006,0.515527992775031,0.0973613014851533,-0.000423837804367442,missense|LC,23048186724,X,48186724,
MRGPRX3,ENSG00000179826,0.164107724772607,0.42987020080357,0.0908839817020297,-0.000533842582710752,missense|LC,11018137096,11,18137096,
DHCR7,ENSG00000172893,0.164114134802088,0.584139923990792,0.0903605101901179,0.000254981030548301,missense|LC,11071435296,11,71435296,
GLP2R,ENSG00000065325,0.164129690688348,0.646449893724905,0.0948426940444875,-0.000189332739740055,missense|LC,17009826007,17,9826007,
ZNF223,ENSG00000178386,0.164147165158565,0.301348179816136,0.0956780018909501,0.000373020891175994,missense|LC,19044055095,19,44055095,
HEXIM2,ENSG00000168517,0.16424133742382,0.302887028784597,0.088570305084493,0.00100163909488841,missense|LC,17045160855,17,45160855,
CYB5R2,ENSG00000166394,0.164256119142185,0.10156744381637,0.303611717937342,0.000766922133083987,missense|LC,11007665307,11,7665307,
LAT2,ENSG00000086730,0.16428541443189,0.333293574471815,0.0960558092664607,-0.000690565825099911,missense|LC,7074215907,7,74215907,
SH2D7,ENSG00000183476,0.164295395413907,0.0980933929115253,0.744858514746882,-0.000760680872077842,missense|LC,15078092585,15,78092585,
F8A1,ENSG00000277203,0.164337426948614,0.153661087423379,0.107875917862723,-0.00803856118606214,missense|LC,23154885188,X,154885188,
MFN1,ENSG00000171109,0.164422351462313,0.911253021651306,0.0918862891039368,0.0000552036881611634,missense|LC,3179348700,3,179348700,
SLC18A1,ENSG00000036565,0.164441923616198,0.829255945622644,0.0914823151911934,-0.000108490871546142,missense|LC,8020145738,8,20145738,
CLUAP1,ENSG00000103351,0.164460391508334,0.0910535777960291,0.466542580194593,-0.00135214635773026,missense|LC,16003500982,16,3500982,
LETM2,ENSG00000165046,0.164571013255766,0.0960796698593025,0.819778948142462,-0.000628539313655784,missense|LC,8038387955,8,38387955,
NAPG,ENSG00000134265,0.16459766803861,0.325042665971633,0.0938977618346943,-0.0008093340330051,missense|LC,18010526027,18,10526027,
RERE,ENSG00000142599,0.164611797596135,0.565405453612561,0.0905537172632431,-0.000145334367960679,missense|LC,1008355033,1,8355033,
SLC2A3,ENSG00000059804,0.164620231274065,0.0939150100175277,0.428479279877855,-0.00104400968228708,missense|LC,12007921248,12,7921248,
OTULINL,ENSG00000145569,0.164690016738702,0.0986227946565635,0.163786009058905,-0.00105388532249124,missense|LC,5014581807,5,14581807,
PDCD1LG2,ENSG00000197646,0.164698512075619,0.110253717214188,0.254617440179833,0.000864453999858644,missense|LC,9005522484,9,5522484,
ERCC8,ENSG00000049167,0.164716117880811,0.0960300773495135,0.32738808675163,-0.000796062480568816,missense|LC,5060874552,5,60874552,
KCNK2,ENSG00000082482,0.164755204910322,0.0943188644955595,0.754808570132897,-0.00213488402933469,missense|LC,1215083222,1,215083222,
CD163,ENSG00000177575,0.164760990119627,0.707878046404751,0.0905923094454864,-0.000174657481786213,missense|LC,12007479780,12,7479780,
OR4F21,ENSG00000176269,0.164781671386727,0.109082891304952,0.134614077081506,-0.00312636340563853,missense|LC,8000166640,8,166640,
IGDCC3,ENSG00000174498,0.164889780827681,0.123570243043603,0.106578327137136,-0.000554526887042362,missense|LC,15065328784,15,65328784,
RNF25,ENSG00000163481,0.164995351641342,0.0943465285673398,0.655875341861726,0.000546877960453741,missense|LC,2218660897,2,218660897,
TRIM67,ENSG00000119283,0.165077038803763,0.810652745208513,0.0941737475006448,-0.000106845306049831,missense|LC,1231162970,1,231162970,
NDUFA12,ENSG00000184752,0.165104002228231,0.601640424879698,0.107399700945917,0.000408134920373084,missense|LC,12094971353,12,94971353,
FIGNL2,ENSG00000261308,0.165151929121471,0.669514309719501,0.0936337024340964,-0.00018891120827393,missense|LC,12051820330,12,51820330,
RPL22L1,ENSG00000163584,0.165167411944658,0.0942434859674706,0.223951543881623,0.00218566865967308,missense|LC,3170866301,3,170866301,
STXBP2,ENSG00000076944,0.165190620489849,0.0978820951822099,0.16539407022149,0.00075139065614322,missense|LC,19007632259,19,7632259,
FRG2B,ENSG00000225899,0.165274351077272,0.151843364470077,0.106770506153326,0.000891531305994012,missense|LC,10133625157,10,133625157,
IL7R,ENSG00000168685,0.165318144420286,0.323855289610835,0.095053743262736,0.000461136361048736,missense|LC,5035856962,5,35856962,
WNT8B,ENSG00000075290,0.165334008627809,0.0905796700300783,0.600068720680773,-0.00244050756966821,missense|LC,10100463106,10,100463106,
CDR1,ENSG00000288642,0.165356045742871,0.358596844535069,0.095222570070198,0.000508326998719049,missense|LC,23140783582,X,140783582,
CHMP5,ENSG00000086065,0.165363313468186,0.0917501812077163,0.793054275744352,0.0028208489301167,missense|LC,9033261021,9,33261021,
SPINK5,ENSG00000133710,0.165394870833205,0.0942307953854515,0.491064139205515,0.000462407741578963,missense|LC,5148063956,5,148063956,
ZNF554,ENSG00000172006,0.165411334253914,0.109038092904917,0.153687784961905,0.000973578470287522,missense|LC,19002819987,19,2819987,
CLEC18B,ENSG00000140839,0.16544419128726,0.532100198448957,0.0969890968515993,0.000263770003199196,missense|LC,16074408899,16,74408899,
PIGW,ENSG00000277161,0.165457272816025,0.222184523931475,0.105474481894729,-0.000566049093558153,missense|LC,17036532424,17,36532424,
CRISP1,ENSG00000124812,0.165535021572896,0.437056877085765,0.0959181036541472,0.000460541105564979,missense|LC,6049835225,6,49835225,
ZNF208,ENSG00000160321,0.165603168773204,0.0952493631879577,0.213370920911501,0.000378746634034198,missense|LC,19021970800,19,21970800,
PTPN12,ENSG00000127947,0.165621095982709,0.362181908885396,0.0913278134884492,-0.000578636675742657,missense|LC,7077537401,7,77537401,
SPATA9,ENSG00000145757,0.165623739668892,0.102318150126181,0.173277082655564,-0.0019450048900754,missense|LC,5095653315,5,95653315,
MICALL2,ENSG00000164877,0.165639799506875,0.920790129490345,0.0910862483570711,0.000022493998322632,missense|LC,7001434535,7,1434535,
E2F5,ENSG00000133740,0.165648741212616,0.915979689596833,0.0923271024519289,-0.00010636786902527,missense|LC,8085177298,8,85177298,
MYBBP1A,ENSG00000132382,0.165683059543875,0.290960821668104,0.0894241468172116,0.000183162067605439,missense|LC,17004533897,17,4533897,
HACD3,ENSG00000074696,0.165710796530583,0.091972342816073,0.460830147947143,0.00152061885312377,missense|LC,15065530555,15,65530555,
ACY1,ENSG00000243989,0.165714081840749,0.363695988674215,0.0999448201309748,-0.000378999864561648,missense|LC,3051980321,3,51980321,
AC067968.1,ENSG00000267022,0.165807148498566,0.347906926273428,0.0961931033867055,0.000329426500696595,missense|LC,19044025343,19,44025343,
CNOT8,ENSG00000155508,0.165824626570887,0.281598726687822,0.0930566080734156,-0.001867887823656,missense|LC,5154863243,5,154863243,
POLR3H,ENSG00000100413,0.165843433984649,0.890318221604157,0.0933915433808209,-0.000128756834818672,missense|LC,22041522726,22,41522726,
RASAL2,ENSG00000075391,0.165906044973773,0.0928958521004224,0.241326186702612,0.000793400281189201,missense|LC,1178094407,1,178094407,
NAA38,ENSG00000183011,0.165962727244199,0.106251892250442,0.129345240662366,-0.0014321703133695,missense|LC,17007851704,17,7851704,
SLC6A12,ENSG00000111181,0.165986324212181,0.243734279096839,0.0989997441911468,-0.000451929156622918,missense|LC,12000190972,12,190972,
VLDLR,ENSG00000147852,0.166000056136317,0.099306725181926,0.180045752401367,0.000635673083577725,missense|LC,9002622095,9,2622095,
CIR1,ENSG00000138433,0.166015402954913,0.472553101483268,0.0958413256033765,-0.000436935051791705,missense|LC,2174348350,2,174348350,
ZBTB8A,ENSG00000160062,0.166024806486558,0.116935604283699,0.116941567691004,0.000785001941167922,missense|LC,1032592879,1,32592879,
CKAP4,ENSG00000136026,0.166191538056831,0.440738488985135,0.0945475513500279,0.000232677885680914,missense|LC,12106238933,12,106238933,
ZNF559-ZNF177,ENSG00000270011,0.166223620202287,0.133774515479995,0.105128442904839,-0.000632649330849077,missense|LC,19009324076,19,9324076,
OR5K3,ENSG00000206536,0.166355620247505,0.0974994776125003,0.753467247641292,-0.000826053549322322,missense|LC,3098390574,3,98390574,
RASGRP3,ENSG00000152689,0.16638701942026,0.0978239896057129,0.266961985627448,0.000560638852200095,missense|LC,2033515067,2,33515067,
RAMP1,ENSG00000132329,0.166405390263368,0.0938400849302959,0.561186294408865,-0.00140328566610838,missense|LC,2237859580,2,237859580,
DCTN3,ENSG00000137100,0.166444144314144,0.0925202023754655,0.31715148575657,-0.00215003619267917,missense|LC,9034610704,9,34610704,
KRT37,ENSG00000108417,0.166531819793932,0.0955537487570025,0.28256937197442,0.00064852955596652,missense|LC,17041420839,17,41420839,
PCP4L1,ENSG00000248485,0.166592999939717,0.534917261132261,0.0966596891971652,-0.00114204279405971,missense|LC,1161258844,1,161258844,
TLR5,ENSG00000187554,0.166611179223916,0.361383125011253,0.115143288025653,0.000147416894824475,missense|LC,1223110370,1,223110370,
RANBP1,ENSG00000099901,0.166663979065872,0.0963831720490991,0.722093696386554,0.00150213490321748,missense|LC,22020112441,22,20112441,
HNRNPU,ENSG00000153187,0.166675823332577,0.336047654937844,0.0902936824889093,0.000790702995239776,missense|LC,1244854424,1,244854424,
PHF7,ENSG00000010318,0.166695656842975,0.101537102869191,0.524182169315142,0.00145993318565924,missense|LC,3052405660,3,52405660,
DNAH9,ENSG00000007174,0.166742194261202,0.670148932919529,0.0879658978852417,-0.000073947809193672,missense|LC,17011598414,17,11598414,
TBCK,ENSG00000145348,0.166748810460436,0.629187239376075,0.0959877116472011,-0.000233274105725685,missense|LC,4106046553,4,106046553,
CCT8,ENSG00000156261,0.166889202600549,0.100415200047735,0.284013745477047,0.000905959338968874,missense|LC,21029053719,21,29053719,
BGN,ENSG00000182492,0.16690383882647,0.665776406017105,0.0914569510983785,-0.00031918871822613,missense|LC,23153504597,X,153504597,
HEYL,ENSG00000163909,0.167053375849086,0.102674172886687,0.165482174202798,0.000654694446118463,missense|LC,1039626431,1,39626431,
CYP2C19,ENSG00000165841,0.167081620578319,0.304357113715475,0.0953426061593214,-0.000333822312691918,missense|LC,10094762629,10,94762629,
CRH,ENSG00000147571,0.167084262621015,0.0952397937275726,0.244152808022992,-0.00182918654696864,missense|LC,8066174397,8,66174397,
ANAPC4,ENSG00000053900,0.167123667906927,0.0973193763057649,0.193095498434806,-0.00134934079060947,missense|LC,4025377297,4,25377297,
GCDH,ENSG00000105607,0.167145424331399,0.139343089872757,0.106239973545644,-0.00103912579891034,missense|LC,19012886163,19,12886163,
NOCT,ENSG00000151014,0.167352007409685,0.127444829612171,0.115255307411225,-0.00059130212802192,missense|LC,4139015893,4,139015893,
RSPH1,ENSG00000160188,0.167429229840348,0.103583646352615,0.166401510437386,0.000534688499274634,missense|LC,21042472771,21,42472771,
LY6E,ENSG00000160932,0.167478319626051,0.0953847919318674,0.743505351408774,-0.0020171164351271,missense|LC,8143020871,8,143020871,
TPCN1,ENSG00000186815,0.167511656885193,0.707537076123565,0.0944876353810923,0.000117656088237204,missense|LC,12113226698,12,113226698,
DEFA3,ENSG00000239839,0.167564626697992,0.125652866355616,0.152877225376936,0.00158400517648087,missense|LC,8007015964,8,7015964,
CDK2AP2,ENSG00000167797,0.167614072901583,0.0924282807230352,0.325367878190588,0.0051855660865468,missense|LC,11067501803,11,67501803,
KRTAP21-2,ENSG00000187026,0.16766237724282,0.0942804454947976,0.741186651253991,-0.00290813870593572,missense|LC,21030746851,21,30746851,
PRPF4B,ENSG00000112739,0.167701553068917,0.0931010785235431,0.853776815110352,0.000920789305140099,missense|LC,6004021307,6,4021307,
HK1,ENSG00000156515,0.167702582768776,0.832173210569488,0.0909746756998732,0.000156082697650685,missense|LC,10069288673,10,69288673,
EPS15,ENSG00000085832,0.167711799464238,0.100310150817391,0.303735773672878,0.000643096609393399,missense|LC,1051356633,1,51356633,
CMC2,ENSG00000103121,0.167756895398153,0.31698625296634,0.11550831838832,0.00122289188385309,missense|LC,16080976077,16,80976077,
OR10A3,ENSG00000170683,0.167762768773561,0.0980001554303297,0.318886519622625,-0.000770801557828774,missense|LC,11007938527,11,7938527,
EEFSEC,ENSG00000132394,0.167782041076035,0.0937160242974791,0.369595044648295,-0.000743696063584784,missense|LC,3128153148,3,128153148,
RPUSD1,ENSG00000007376,0.167846135613732,0.150064157948227,0.102093844180413,-0.000600973054085797,missense|LC,16000785864,16,785864,
CASD1,ENSG00000127995,0.167866511776834,0.0948124580942934,0.240274067959405,0.000751093618275832,missense|LC,7094509437,7,94509437,
ARNTL,ENSG00000133794,0.167874147994457,0.546320742919552,0.0925404610848558,0.000666919611266416,missense|LC,11013354218,11,13354218,
CHD3,ENSG00000170004,0.167876704287421,0.479605542451554,0.0946140339756174,0.000221720142682896,missense|LC,17007884868,17,7884868,
IAH1,ENSG00000134330,0.167879604845572,0.099390400115779,0.190166257863995,0.000988578333933604,missense|LC,2009471343,2,9471343,
KRAS,ENSG00000133703,0.168031818714304,0.209786566917897,0.100112284747477,-0.00229036701415986,missense|LC,12025203892,12,25203892,
HSPA12B,ENSG00000132622,0.168047864597936,0.83128622940165,0.0914892497722138,0.000122736292513514,missense|LC,20003738587,20,3738587,
DEPP1,ENSG00000165507,0.168054463894125,0.101065287298588,0.418976049681533,0.000884883815008425,missense|LC,10044971727,10,44971727,
KRT19,ENSG00000171345,0.16809199271617,0.121831732069766,0.117551867202583,-0.00052494589331966,missense|LC,17041518619,17,41518619,
GTF3C5,ENSG00000148308,0.16809589942114,0.220006633978239,0.0954102047608418,-0.000501095255415386,missense|LC,9133031004,9,133031004,
VN1R1,ENSG00000178201,0.168161376071558,0.866868146273745,0.0905341994777979,0.000173765846542222,missense|LC,19057455354,19,57455354,
CCM2L,ENSG00000101331,0.168161866854348,0.0968996376854799,0.314235964818075,0.000844480053270037,missense|LC,20032010361,20,32010361,
PNMA1,ENSG00000176903,0.168226212274659,0.88505194410438,0.0964861916379259,-0.000119576909333977,missense|LC,14073712540,14,73712540,
AC008676.3,ENSG00000285868,0.168291951154732,0.264834808613912,0.0988133288751427,0.000508031526203781,missense|LC,5157338968,5,157338968,
CATIP,ENSG00000158428,0.16830640308583,0.563038328788551,0.102477279510922,-0.000244421174238944,missense|LC,2218356801,2,218356801,
FNDC9,ENSG00000172568,0.168323043561954,0.257710173210006,0.098834565812066,0.000515721324958989,missense|LC,5157338968,5,157338968,
TEX48,ENSG00000230601,0.168329506443372,0.223701565950513,0.100633244429711,0.00162953244735652,missense|LC,9114666619,9,114666619,
DDX28,ENSG00000182810,0.168353162095367,0.0994305370018377,0.383307837145129,-0.000745028502786337,missense|LC,16068021479,16,68021479,
MEA1,ENSG00000124733,0.168393775978356,0.0992471129305257,0.300584998419463,0.00181714880512932,missense|LC,6043007098,6,43007098,
PLAGL2,ENSG00000126003,0.168442325524982,0.268766314498442,0.102317812198385,0.000665216573329703,missense|LC,20032196385,20,32196385,
F2R,ENSG00000181104,0.168592455864631,0.0981889532679747,0.360172990616689,-0.00108996483148195,missense|LC,5076716228,5,76716228,
DYNC2LI1,ENSG00000138036,0.168609373202352,0.115696489413985,0.120230246046509,-0.000895418344734261,missense|LC,2043774012,2,43774012,
ENOX1,ENSG00000120658,0.168663301378788,0.0914785053323017,0.556153264951209,-0.00140821315725406,missense|LC,13043213887,13,43213887,
CDC42,ENSG00000070831,0.168739533367449,0.0935326251511931,0.31066494495832,0.00765353240581728,missense|LC,1022078442,1,22078442,
ORC6,ENSG00000091651,0.168742989185151,0.49172447539191,0.0969827574582001,-0.000536977118136067,missense|LC,16046688236,16,46688236,
TBC1D3L,ENSG00000274512,0.168845476525133,0.112465909962793,0.121697263283145,-0.00201907658682425,missense|LC,17037978486,17,37978486,
GIPC2,ENSG00000137960,0.168854590888414,0.415645873943354,0.0913949510533401,0.000910753808592359,missense|LC,1078045016,1,78045016,
NDE1,ENSG00000072864,0.168872684699124,0.948055054316312,0.094644666764516,-0.000043588598296876,missense|LC,16015638999,16,15638999,
BAIAP3,ENSG00000007516,0.168916342680368,0.308778912510388,0.0923578101648445,-0.000249649519996184,missense|LC,16001334590,16,1334590,
CDAN1,ENSG00000140326,0.168938291389007,0.21720796236035,0.0979436448966817,-0.000297570070968127,missense|LC,15042718544,15,42718544,
TCTE3,ENSG00000184786,0.168995714163824,0.459100323972334,0.0985541395183528,0.00081945155245596,missense|LC,6169740159,6,169740159,
NPIPB8,ENSG00000255524,0.169014610759368,0.627057156138461,0.10177393484171,-0.000966878820868225,missense|LC,16028638206,16,28638206,
BATF2,ENSG00000168062,0.169073085380608,0.111142237334249,0.145451603335688,-0.00166612710319636,missense|LC,11064989040,11,64989040,
TRPA1,ENSG00000104321,0.169132739995413,0.746174083319621,0.0966144141700904,0.000104908736486143,missense|LC,8072022842,8,72022842,
TTC29,ENSG00000137473,0.169171388022944,0.507425240402295,0.0981455951311441,0.000265049129926702,missense|LC,4146707110,4,146707110,
STING1,ENSG00000184584,0.169194715331419,0.0945637954034226,0.571771988950811,-0.00111602399858648,missense|LC,5139476200,5,139476200,
ATF7IP2,ENSG00000166669,0.169207123370861,0.369596314564651,0.101248716622383,0.000371217884523026,missense|LC,16010430594,16,10430594,
MMP2,ENSG00000087245,0.169209587114922,0.171453144101659,0.0983035992880497,-0.000781491299226408,missense|LC,16055479347,16,55479347,
LRFN1,ENSG00000128011,0.169261381166446,0.0951929407102079,0.79059170675988,0.00114862606755895,missense|LC,19039307513,19,39307513,
NFRKB,ENSG00000170322,0.169263233263602,0.0967472416754998,0.211840465990046,0.000627614241186928,missense|LC,11129864601,11,129864601,
EQTN,ENSG00000120160,0.169320926207829,0.335265847911658,0.0955678898140061,-0.000813078938043728,missense|LC,9027284636,9,27284636,
TRIM25,ENSG00000121060,0.169326954959437,0.0965680046016919,0.23523619002094,-0.000877956232581364,missense|LC,17056891601,17,56891601,
ANXA8,ENSG00000265190,0.169338343868321,0.10634086678709,0.197883806686238,-0.00133721337873443,missense|LC,10047468692,10,47468692,
PNLIP,ENSG00000175535,0.16941250445205,0.0922423814796309,0.313679573053373,0.00166689983493311,missense|LC,10116546031,10,116546031,
TEAD2,ENSG00000074219,0.169431575073958,0.164739736475254,0.101060379587937,-0.000842520073806001,missense|LC,19049335598,19,49335598,
GYPA,ENSG00000170180,0.169449218377896,0.105650873875411,0.223563560680643,0.00090394879228703,missense|LC,4144111338,4,144111338,
PMS1,ENSG00000064933,0.169598866328565,0.0965643783955089,0.524762688855405,0.000574021008501473,missense|LC,2189782347,2,189782347,
NFKBIL1,ENSG00000204498,0.169665494479208,0.0939297502031073,0.927450341815821,-0.00136075011823938,missense|LC,6031545305,6,31545305,
EIF4E2,ENSG00000135930,0.169718472675171,0.345481197646525,0.095300907210754,0.00146858925213296,missense|LC,2232545690,2,232545690,
FAM187A,ENSG00000214447,0.169727970735798,0.108194949636534,0.14536324004027,0.000853987536109226,missense|LC,17044900906,17,44900906,
CENPH,ENSG00000153044,0.169773416737985,0.695938936235227,0.102949548191831,0.000388479095170149,missense|LC,5069189518,5,69189518,
NPBWR1,ENSG00000288611,0.169797970178389,0.230983668826101,0.101098927525078,-0.000644880712307242,missense|LC,8052939798,8,52939798,
RHOBTB2,ENSG00000008853,0.169828303639417,0.096787785225959,0.289116193236996,-0.00844228843831969,missense|LC,8022994531,8,22994531,
SH2D1B,ENSG00000198574,0.169874199480415,0.0973330993504712,0.831551601532324,0.00241506367290804,missense|LC,1162397206,1,162397206,
ARL15,ENSG00000185305,0.169914627080978,0.116473444541356,0.120011821508053,0.00418416679760362,missense|LC,5053886463,5,53886463,
R3HDML,ENSG00000101074,0.169920134009055,0.541877173786951,0.104801041744365,0.000228671954876735,missense|LC,20044337044,20,44337044,
CFAP65,ENSG00000181378,0.16994291492727,0.0975794507317739,0.20907074804975,0.000421320433418101,missense|LC,2219002878,2,219002878,
NMBR,ENSG00000135577,0.170012060020237,0.114360543428666,0.135141379221414,0.000558700442655705,missense|LC,6142075609,6,142075609,
ZNF747,ENSG00000169955,0.17002007543801,0.100675609457263,0.443695894687371,0.000619260902572484,missense|LC,16030527307,16,30527307,
ODF3B,ENSG00000177989,0.170037618672507,0.103891023884114,0.166772892871387,-0.00142105786692303,missense|LC,22050525641,22,50525641,
PHYKPL,ENSG00000175309,0.170052487439812,0.691153537154129,0.099836348857326,-0.000158563866743891,missense|LC,5178204768,5,178204768,
WDR36,ENSG00000134987,0.170066725646993,0.0954766469159305,0.55426245205173,0.000407452966434311,missense|LC,5111092216,5,111092216,
PLEKHA1,ENSG00000107679,0.170129373936167,0.912001645766427,0.0963003837842057,0.0000701292052542658,missense|LC,10122393111,10,122393111,
ADGRG1,ENSG00000205336,0.170173657728209,0.633393861675925,0.099514234879221,0.000216797526275109,missense|LC,16057621793,16,57621793,
CLK3,ENSG00000179335,0.170246910645165,0.104420829376726,0.303875876074543,0.000682859995739495,missense|LC,15074615353,15,74615353,
TRMT2B,ENSG00000188917,0.170281375221703,0.095785898187662,0.548288642896768,0.00153784608176206,missense|LC,23101010507,X,101010507,
AQP12A,ENSG00000184945,0.170303613316032,0.0982465365157827,0.404840418489422,0.000616321263930987,missense|LC,2240691790,2,240691790,
ANO10,ENSG00000160746,0.170317398949363,0.142512096363869,0.105367085573274,-0.000700412045710604,missense|LC,3043366821,3,43366821,
POLR3K,ENSG00000161980,0.170333556993842,0.126914911267243,0.118930355624952,-0.00303732393817875,missense|LC,16000047302,16,47302,
SERPINB10,ENSG00000242550,0.170360901719059,0.10228121876921,0.182193206517812,-0.000774466807537791,missense|LC,18063902958,18,63902958,
MARCHF4,ENSG00000144583,0.170369610263252,0.0934687218364241,0.297654551297638,0.0016577802129814,missense|LC,2216259181,2,216259181,
TMEM230,ENSG00000089063,0.17045009371064,0.317292627101027,0.102719738286258,-0.000611663863554745,missense|LC,20005099766,20,5099766,
SS18,ENSG00000141380,0.170478795234802,0.609138166110293,0.106828853425961,-0.000314945961091726,missense|LC,18026018300,18,26018300,
UBB,ENSG00000170315,0.170607621740273,0.0939660327463775,0.300590311262394,-0.00742452099603786,missense|LC,17016381789,17,16381789,
ECM2,ENSG00000106823,0.17065342839831,0.648716392178148,0.0971613040935684,0.000159138650396256,missense|LC,9092495315,9,92495315,
CACTIN,ENSG00000105298,0.170739203981143,0.0967211867356805,0.870210351862208,-0.000909253501899324,missense|LC,19003611820,19,3611820,
CHCHD10,ENSG00000250479,0.17080208301201,0.119047386351398,0.463672689351754,0.000889741346916833,missense|LC,22023763191,22,23763191,
KRTAP9-8,ENSG00000187272,0.17095886902169,0.152088722450244,0.103216099961382,-0.000725726671161579,missense|LC,17041232999,17,41232999,
WDR25,ENSG00000176473,0.170999926140913,0.535460056293622,0.101075795895765,0.000217523155229083,missense|LC,14100376309,14,100376309,
POLG2,ENSG00000256525,0.171014818033818,0.955191319056069,0.0938059645411594,-0.000043089456250081,missense|LC,17064477730,17,64477730,
SMIM19,ENSG00000176209,0.171077844254357,0.0985226757934025,0.471325716807223,0.00287253594932238,missense|LC,8042542365,8,42542365,
C17orf78,ENSG00000278505,0.17109756917723,0.108735294731012,0.367866408258647,0.00128198130093076,missense|LC,17037376033,17,37376033,
DEFB104A,ENSG00000176782,0.171136695046729,0.111330219918095,0.326354216145314,0.00104994143854342,missense|LC,8007836338,8,7836338,
ARID2,ENSG00000189079,0.171337091414628,0.889543850664651,0.0944339558720284,0.0000516784973305021,missense|LC,12045729751,12,45729751,
AL590132.1,ENSG00000284299,0.171363591457383,0.0975135592265426,0.239696401334397,0.00558310544231538,missense|LC,1210859162,1,210859162,
OSBP2,ENSG00000184792,0.171491716305554,0.114060965425259,0.140407126022969,0.000348623831943166,missense|LC,22030693997,22,30693997,
JPH3,ENSG00000154118,0.171493499188476,0.632584682419989,0.0952167557404014,0.000134423884719444,missense|LC,16087603029,16,87603029,
CFAP97D1,ENSG00000231256,0.171642150243007,0.533117904178705,0.0962475124058506,-0.00116911863687531,missense|LC,17043778657,17,43778657,
AL049779.1,ENSG00000258466,0.171673126144727,0.123132079694507,0.134390565020109,-0.00384131115555462,missense|LC,14067656327,14,67656327,
DMRTC2,ENSG00000142025,0.17168708961866,0.105287180144315,0.481397302758888,0.0010271359310993,missense|LC,19041847168,19,41847168,
CHCHD5,ENSG00000125611,0.17187879431856,0.0966558735147002,0.79473918118532,0.00187210995112659,missense|LC,2112584550,2,112584550,
HOOK2,ENSG00000095066,0.171896057760079,0.49554450125725,0.0959271613759225,0.000257125460266824,missense|LC,19012758003,19,12758003,
MYLK3,ENSG00000140795,0.17193700166623,0.901198010760572,0.0981561598778473,0.0000546484753610074,missense|LC,16046697402,16,46697402,
ZNHIT3,ENSG00000273611,0.171984756110402,0.376377732305676,0.0948111476635768,-0.00123184439845342,missense|LC,17036486610,17,36486610,
FEZF1,ENSG00000128610,0.172096878024611,0.592330003068998,0.119057135173774,-0.000267738407316872,missense|LC,7122301872,7,122301872,
RPS6KA1,ENSG00000117676,0.1721003249806,0.861992504599862,0.0955563886069011,0.000144423909731204,missense|LC,1026545844,1,26545844,
CYSTM1,ENSG00000120306,0.172136059023363,0.508988225728292,0.102640863574999,0.00114489229191642,missense|LC,5140194362,5,140194362,
AC005726.1,ENSG00000258472,0.172228320287701,0.798318457537455,0.0994663617554286,-0.000171324201053316,missense|LC,17028575013,17,28575013,
ZNF485,ENSG00000198298,0.172229105093511,0.104064615222732,0.174978987857728,0.000964171454431891,missense|LC,10043605281,10,43605281,
PSMG2,ENSG00000128789,0.172290318659639,0.0958192158504833,0.501171128960916,0.00169433177069706,missense|LC,18012698955,18,12698955,
HOMEZ,ENSG00000215271,0.172291634457948,0.840045629297989,0.0983146937144461,-0.0000691532996839313,missense|LC,14023268863,14,23268863,
PTEN,ENSG00000171862,0.172339909692461,0.211646262393681,0.0976649571649936,-0.00209076682075025,missense|LC,10087861863,10,87861863,
CACNG3,ENSG00000006116,0.172433005150783,0.163223913495496,0.100767261893852,0.00238828407120765,missense|LC,16024256718,16,24256718,
UNC5CL,ENSG00000124602,0.172484159728947,0.558608076277215,0.0978428612453213,-0.000188662172675493,missense|LC,6041028280,6,41028280,
YLPM1,ENSG00000119596,0.172558888050875,0.297941504610834,0.0952603020873417,0.000308496279079178,missense|LC,14074763354,14,74763354,
C22orf39,ENSG00000242259,0.172566617498099,0.728506733099743,0.0976065573477237,-0.000443825926325033,missense|LC,22019441784,22,19441784,
MAP2K2,ENSG00000126934,0.172568535508481,0.133723287544097,0.125020994833493,-0.00132320811817848,missense|LC,19004090547,19,4090547,
CDS1,ENSG00000163624,0.172573135982659,0.166828021011972,0.101015691659812,-0.000780451306083919,missense|LC,4084583363,4,84583363,
LTBP1,ENSG00000049323,0.172596270851943,0.10060891957816,0.197988018563824,0.00109364450952382,missense|LC,2032947239,2,32947239,
CDH24,ENSG00000139880,0.172599403535577,0.706245865001511,0.0979751759424057,0.000127197371521197,missense|LC,14023042148,14,23042148,
CHMP2B,ENSG00000083937,0.172638049430213,0.0984937444687473,0.54830462956844,-0.00183684021660431,missense|LC,3087227425,3,87227425,
SLC38A2,ENSG00000134294,0.172758650543147,0.889036719044352,0.10374515428052,0.0000583858753789742,missense|LC,12046361063,12,46361063,
SAMD12,ENSG00000177570,0.172774816958989,0.86533723771193,0.106397194527952,0.0000695152493675066,missense|LC,8118378319,8,118378319,
APOM,ENSG00000204444,0.172777470095238,0.266141116637421,0.112966269766561,-0.000859591673641067,missense|LC,6031651596,6,31651596,
MYOZ1,ENSG00000177791,0.172830117373841,0.317876641041455,0.0994033143613247,0.000776714657279858,missense|LC,10073631877,10,73631877,
HCN3,ENSG00000143630,0.172888026626711,0.0958715722952814,0.951726546978899,-0.000648214266407648,missense|LC,1155277472,1,155277472,
OOSP2,ENSG00000149507,0.172911251556203,0.0947574050506363,0.408977265099877,-0.0029357100274643,missense|LC,11060040437,11,60040437,
CMTM4,ENSG00000183723,0.172997680838276,0.110416986363363,0.338581569729649,-0.000753962027927916,missense|LC,16066617205,16,66617205,
CCT3,ENSG00000163468,0.173044276120466,0.258719927095095,0.0982384876329007,0.000843410564027582,missense|LC,1156309177,1,156309177,
CALHM1,ENSG00000185933,0.173059593056834,0.975816088912402,0.0977055929829593,-0.00000860259808266812,missense|LC,10103449326,10,103449326,
ZC2HC1A,ENSG00000104427,0.173075165965452,0.113768505662255,0.142447692942988,0.000949873458688074,missense|LC,8078665989,8,78665989,
STYXL1,ENSG00000127952,0.173090861637357,0.776130351574438,0.101463024733432,-0.000654927898748244,missense|LC,7075992099,7,75992099,
FAM78A,ENSG00000126882,0.173094698584455,0.101358049607902,0.212441174936867,-0.00151217975371984,missense|LC,9131260705,9,131260705,
PNMA8B,ENSG00000204851,0.173166888126132,0.169972524447773,0.101756625833568,0.000550191267193145,missense|LC,19046493500,19,46493500,
CARMIL1,ENSG00000079691,0.173307568506589,0.844670823879727,0.100751783978117,0.0000565728099636037,missense|LC,6025279726,6,25279726,
CRLF2,ENSG00000205755,0.173399374504905,0.171241028781973,0.103647211157261,-0.00107100098820398,missense|LC,23001196666,X,1196666,
MYC,ENSG00000136997,0.17340192484848,0.0984417717936095,0.532101223957615,0.0012559095192189,missense|LC,8127736503,8,127736503,
COG4,ENSG00000103051,0.173474323455484,0.615574794555571,0.0956903223489274,0.000256799625971328,missense|LC,16070475571,16,70475571,
AC118553.2,ENSG00000283761,0.173572987972125,0.319960991218179,0.107704690209636,0.00178776402772428,missense|LC,1099970489,1,99970489,
FOXN4,ENSG00000139445,0.173581879425325,0.105733827832427,0.169110812751563,0.000601808013238146,missense|LC,12109279530,12,109279530,
RBCK1,ENSG00000125826,0.173685196389397,0.153380485395058,0.107034912150806,0.000950622007417023,missense|LC,20000408644,20,408644,
JMJD6,ENSG00000070495,0.173708128354398,0.487718902939562,0.0928612931785244,0.000724010656896061,missense|LC,17076710505,17,76710505,
PYROXD1,ENSG00000121350,0.173789677609582,0.104348381920114,0.149035781660134,-0.00095971024767044,missense|LC,12021437650,12,21437650,
CXCL3,ENSG00000163734,0.173842392384342,0.108888713111677,0.668617587756555,-0.00178672277296781,missense|LC,4074037171,4,74037171,
IGLC2,ENSG00000211677,0.173854901964725,0.219376853455322,0.136831715481267,-0.000784343779219214,missense|LC,22022901093,22,22901093,
CDKL4,ENSG00000205111,0.173858756844251,0.157091380037347,0.106718501036191,-0.000639947155701505,missense|LC,2039178548,2,39178548,
SNX1,ENSG00000028528,0.173903835699873,0.254712398248856,0.104475776599141,-0.000471225945213302,missense|LC,15064093537,15,64093537,
MNDA,ENSG00000163563,0.174077088459425,0.103759789175071,0.561331191366979,-0.000689216696819371,missense|LC,1158842060,1,158842060,
PFDN5,ENSG00000123349,0.174106385146546,0.752729275898125,0.0978024379016551,0.000473338225985987,missense|LC,12053290292,12,53290292,
PECR,ENSG00000115425,0.174108455296568,0.506250690581122,0.100342770596619,0.000530160918268887,missense|LC,2216039264,2,216039264,
FCAR,ENSG00000186431,0.174180459661684,0.112856904750377,0.174332770608801,-0.00135711832562132,missense|LC,19054874199,19,54874199,
AL772284.2,ENSG00000277535,0.174208547644376,0.13553881832272,0.118486741428101,0.0107310179100509,missense|LC,23119075016,X,119075016,
AMZ1,ENSG00000174945,0.174257216748405,0.772129030843745,0.0969265666333061,0.0000688127433132443,missense|LC,7002700343,7,2700343,
TMF1,ENSG00000144747,0.174305473902414,0.795928069378235,0.101361694586541,-0.0000752679095979776,missense|LC,3069023094,3,69023094,
YPEL1,ENSG00000100027,0.174341876914599,0.09649194711628,0.559299569898093,0.0056927505614137,missense|LC,22021693744,22,21693744,
SORBS1,ENSG00000095637,0.174409779870174,0.93926552405409,0.0978854696580631,-0.0000190305635261679,missense|LC,10095315020,10,95315020,
DDX41,ENSG00000183258,0.174443447491794,0.0956862445250355,0.49578765543249,-0.00125581713062808,missense|LC,5177508115,5,177508115,
RLF,ENSG00000117000,0.174454090738018,0.18838828036374,0.101248923541865,0.000358350673331107,missense|LC,1040161263,1,40161263,
AXDND1,ENSG00000162779,0.174583726302939,0.715469329276873,0.100198435039542,0.000121138012131186,missense|LC,1179366456,1,179366456,
KRTAP19-8,ENSG00000206102,0.17458600303877,0.110452477253577,0.35466393788102,-0.00189388587233255,missense|LC,21031038204,21,31038204,
EPPIN,ENSG00000101448,0.174604529545173,0.139546613309102,0.152052858939287,-0.00089788172870521,missense|LC,20045537466,20,45537466,
RBAK,ENSG00000146587,0.174680060148929,0.473684208118907,0.0967453415971391,0.000410942304997269,missense|LC,7005048015,7,5048015,
DTNB,ENSG00000138101,0.174696387175016,0.852050348084608,0.0970444544982074,-0.0000773777996093005,missense|LC,2025379181,2,25379181,
C16orf71,ENSG00000166246,0.174843652776962,0.494254303168859,0.0977188326436331,0.000336034119942148,missense|LC,16004729879,16,4729879,
ATP6V1H,ENSG00000047249,0.174868002506105,0.463273223259201,0.105412528435256,0.000351727611291772,missense|LC,8053712555,8,53712555,
SEMA6A,ENSG00000092421,0.174868637395394,0.22185750408336,0.0996157634683379,0.000407136993204146,missense|LC,5116446538,5,116446538,
COPA,ENSG00000122218,0.174898352506973,0.0956176977863269,0.459099814507011,0.000916524247030666,missense|LC,1160285020,1,160285020,
PKP3,ENSG00000184363,0.174930528580791,0.143063471332303,0.108109127674911,-0.000380296975716056,missense|LC,11000392592,11,392592,
LIN7B,ENSG00000104863,0.174932297711144,0.10088113815855,0.911121374400556,-0.00163340152788302,missense|LC,19049114322,19,49114322,
RNASE10,ENSG00000182545,0.175052333843791,0.216697494842613,0.0953588074753142,-0.00172697280351014,missense|LC,14020510453,14,20510453,
GYPC,ENSG00000136732,0.175119300069278,0.937018131345676,0.0981370227946097,0.000069267497755483,missense|LC,2126655853,2,126655853,
ANKRD55,ENSG00000164512,0.175140287772914,0.265989469322364,0.105677178280825,-0.000361994532565515,missense|LC,5056100081,5,56100081,
SPATA20,ENSG00000006282,0.175188634228465,0.277807603868682,0.0998768979770834,-0.000444601179397008,missense|LC,17050542176,17,50542176,
TM4SF20,ENSG00000168955,0.175191351759325,0.261586488017139,0.105302464230371,-0.000513424162553911,missense|LC,2227357038,2,227357038,
MOGS,ENSG00000115275,0.175222955870773,0.101624584668203,0.266960451511745,-0.000413187934152112,missense|LC,2074456057,2,74456057,
CD19,ENSG00000177455,0.175238782661008,0.268697300076394,0.102878994282594,0.000595226120780087,missense|LC,16028931944,16,28931944,
CXCL1,ENSG00000163739,0.175290444421433,0.186083094121714,0.11503952596814,-0.00107694348823787,missense|LC,4073869376,4,73869376,
ZNF561,ENSG00000171469,0.175312302075893,0.566478743457738,0.102156920394152,-0.000218272909981847,missense|LC,19009610123,19,9610123,
NLRP12,ENSG00000142405,0.17544847084568,0.0957406250935158,0.454752574377298,0.000669150068820743,missense|LC,19053794017,19,53794017,
RETREG2,ENSG00000144567,0.175561207105008,0.358255185477863,0.106406889843825,-0.000454605507873629,missense|LC,2219173276,2,219173276,
KAT7,ENSG00000136504,0.175583939083199,0.814744495440808,0.109376348024646,-0.000173115108536948,missense|LC,17049788735,17,49788735,
RFFL,ENSG00000092871,0.17563058239058,0.107893891761777,0.174444150572899,-0.00153949411995596,missense|LC,17035001169,17,35001169,
FBXL19,ENSG00000099364,0.175648957895815,0.751160822849587,0.117691356257401,-0.000146907233630353,missense|LC,16030924575,16,30924575,
FAM172A,ENSG00000113391,0.175669582028595,0.1254358990573,0.116454748523413,-0.00145102797648484,missense|LC,5093620861,5,93620861,
HROB,ENSG00000125319,0.175670901611741,0.341256882177449,0.102726441733944,-0.000334686776856122,missense|LC,17044142014,17,44142014,
VRTN,ENSG00000133980,0.175719612371003,0.461411396489655,0.0994608939750312,-0.000289663510638612,missense|LC,14074356655,14,74356655,
ESF1,ENSG00000089048,0.175741627189784,0.526861401017527,0.107618333630313,-0.000280137176081944,missense|LC,20013714814,20,13714814,
EIF2D,ENSG00000143486,0.175758327439636,0.185388458979964,0.102946483538061,0.000718585374280002,missense|LC,1206586780,1,206586780,
GBX1,ENSG00000164900,0.175835863033624,0.0968662004745533,0.460333769831031,-0.00116475511771449,missense|LC,7151143603,7,151143603,
SPATA5,ENSG00000145375,0.175871476592911,0.859486264684369,0.09796497416963,-0.000117931801688639,missense|LC,4122922265,4,122922265,
TAS2R40,ENSG00000221937,0.175895495633407,0.104649830651824,0.353097472954528,0.00123422655775108,missense|LC,7143221970,7,143221970,
GMPPB,ENSG00000173540,0.17590812466955,0.770586288174213,0.100358930961237,-0.000195831043908413,missense|LC,3049715469,3,49715469,
FLRT3,ENSG00000125848,0.175910177549465,0.118159752087323,0.146929695283741,-0.00133093088041339,missense|LC,20014325473,20,14325473,
KCNB1,ENSG00000158445,0.176029978819269,0.706659794498678,0.0980447375217098,-0.00029267305475125,missense|LC,20049372918,20,49372918,
MAGEL2,ENSG00000254585,0.176056623529801,0.791660956324504,0.0971523404739751,0.0000640565799106814,missense|LC,15023643883,15,23643883,
SIGLEC8,ENSG00000105366,0.17608802346845,0.170314888704999,0.106847567687495,-0.000504000278885649,missense|LC,19051452309,19,51452309,
OR13J1,ENSG00000168828,0.17609209776974,0.100068234131148,0.425463590645031,-0.00117046287159406,missense|LC,9035869407,9,35869407,
CDCP2,ENSG00000157211,0.176220318565769,0.602551897021046,0.0980435136976406,-0.000354462225615263,missense|LC,1054139466,1,54139466,
UMODL1,ENSG00000177398,0.176242584563066,0.096263303434472,0.805882135705009,-0.000362412083648779,missense|LC,21042071318,21,42071318,
OR13A1,ENSG00000256574,0.176316270928565,0.142238188201607,0.110307515204555,0.000758304895501623,missense|LC,10045303345,10,45303345,
CCDC107,ENSG00000159884,0.176336738328944,0.330379751224339,0.0953964358969321,-0.00101782870457853,missense|LC,9035658290,9,35658290,
METTL21C,ENSG00000139780,0.176345989309255,0.969219826711642,0.114834491079793,-0.00000357401311054696,missense|LC,13102685940,13,102685940,
CCL7,ENSG00000108688,0.176396504390525,0.241991843882349,0.104244319819134,0.00180903174372002,missense|LC,17034270230,17,34270230,
L3MBTL3,ENSG00000198945,0.176397814081524,0.738206841759898,0.0965456951309319,-0.000210827552260938,missense|LC,6130042670,6,130042670,
FIS1,ENSG00000214253,0.17643319088452,0.32071581766859,0.121256496757317,0.000744989589204702,missense|LC,7101234476,7,101234476,
HRNR,ENSG00000197915,0.176444793548695,0.0936344312093527,0.495969810844606,0.000244824649966416,missense|LC,1152212958,1,152212958,
HCRTR1,ENSG00000121764,0.176454324886061,0.723687187466531,0.101829789040693,-0.00015018064249704,missense|LC,1031619121,1,31619121,
OR52E4,ENSG00000180974,0.176578441122589,0.113164100331106,0.302824591525195,0.000881836973108373,missense|LC,11005884258,11,5884258,
TRIM73,ENSG00000178809,0.176598195513246,0.107519727778118,0.478337725054455,-0.000753471828638055,missense|LC,7075395179,7,75395179,
NEURL4,ENSG00000215041,0.176598813932034,0.371545012305372,0.0987290006214796,-0.000219678335057348,missense|LC,17007310628,17,7310628,
ARHGAP39,ENSG00000147799,0.176631800757592,0.616654672164129,0.106231215212604,0.000143408972702397,missense|LC,8144524180,8,144524180,
FAM47E,ENSG00000189157,0.176632764116053,0.106902500275293,0.292717031177366,0.000552843192386283,missense|LC,4076251553,4,76251553,
EMC1,ENSG00000127463,0.17666442598702,0.858414344476787,0.0957496853779837,0.0000918546574449449,missense|LC,1019219232,1,19219232,
RMND5A,ENSG00000153561,0.176679363047002,0.470730504856752,0.0974404151409793,0.00126674690447503,missense|LC,2086720565,2,86720565,
LGALS9,ENSG00000168961,0.176686741245114,0.110401766860878,0.15479484965284,0.000837118974231421,missense|LC,17027631141,17,27631141,
NOX1,ENSG00000007952,0.176720713199669,0.840763434147598,0.0976959989882721,0.000108962167327883,missense|LC,23100838334,X,100838334,
PPP1CB,ENSG00000213639,0.176720775314328,0.262752348557861,0.100907002915083,0.00361463853022423,missense|LC,2028752047,2,28752047,
MAPK6,ENSG00000069956,0.176740717976635,0.928767732633353,0.0949526644190846,0.0000667601139111674,missense|LC,15052046412,15,52046412,
F9,ENSG00000101981,0.176872486714832,0.301775026630237,0.10905246382446,0.000622312780090637,missense|LC,23139530726,X,139530726,
CSDE1,ENSG00000009307,0.176944975504714,0.127555071223856,0.126622604553918,-0.0013366922847488,missense|LC,1114713745,1,114713745,
DEFB126,ENSG00000125788,0.176955186029498,0.100193123698448,0.672585642793183,-0.00196382019432967,missense|LC,20000142543,20,142543,
FAM240C,ENSG00000216921,0.176996976520369,0.104224644966213,0.208369695484213,0.00235073640334263,missense|LC,2241894100,2,241894100,
PCDHA7,ENSG00000204963,0.177017879842728,0.680013389513342,0.0992951938654334,0.000115773634836574,missense|LC,5140829278,5,140829278,
ZNF280D,ENSG00000137871,0.177024678417447,0.370983515821922,0.101399619727615,-0.000366533914684228,missense|LC,15056631405,15,56631405,
MAP1LC3B2,ENSG00000258102,0.177060577610782,0.103177363245132,0.21495048069893,-0.00174310251175877,missense|LC,12116575843,12,116575843,
KRT14,ENSG00000186847,0.177150845772888,0.477196258178498,0.104474211637606,0.000212776506521796,missense|LC,17041582385,17,41582385,
SLC2A4RG,ENSG00000125520,0.17721811985857,0.359688089791775,0.100624131611597,0.000387035856523461,missense|LC,20063734776,20,63734776,
KLHL26,ENSG00000167487,0.177309080122156,0.448524975168396,0.0955444919565026,-0.000507077445541844,missense|LC,19018637011,19,18637011,
FOXO4,ENSG00000184481,0.177331348780925,0.39380345767874,0.0985194812043545,-0.000716915120892243,missense|LC,23071096486,X,71096486,
ZSCAN5A,ENSG00000131848,0.177336333264657,0.955316417554274,0.0986809033402752,0.0000260399585303756,missense|LC,19056217147,19,56217147,
HARBI1,ENSG00000180423,0.177338138559602,0.235196184195307,0.101286732305456,0.00087981679981086,missense|LC,11046603464,11,46603464,
ATP5ME,ENSG00000169020,0.177352140936339,0.873058677858468,0.10131699815773,0.000188767412180962,missense|LC,4000667771,4,667771,
FOXB2,ENSG00000204612,0.177375384757574,0.0998497183905495,0.637344454307242,0.00105340112040509,missense|LC,9077019542,9,77019542,
OCLN,ENSG00000197822,0.177438515537511,0.0976593432252632,0.518358696451905,-0.00139486654876913,missense|LC,5069504220,5,69504220,
FAM43B,ENSG00000183114,0.177440042286269,0.0988165118306279,0.286819426549832,0.00144390680444252,missense|LC,1020552861,1,20552861,
NDUFB10,ENSG00000140990,0.177494392086434,0.652253111857463,0.097964819513952,-0.000415770294034882,missense|LC,16001954542,16,1954542,
SSBP4,ENSG00000130511,0.177498685534572,0.10346045024942,0.209544892986942,0.000995805389595725,missense|LC,19018418881,19,18418881,
FSIP2,ENSG00000188738,0.177507812236413,0.988473847066347,0.0969804378960932,-5.43717765036054e-8,missense|LC,2185738532,2,185738532,
RUNX1T1,ENSG00000079102,0.177549153978848,0.0992131827302137,0.48448436066011,0.00168866900551403,missense|LC,8091960151,8,91960151,
KRTAP1-5,ENSG00000221852,0.177591916336583,0.20151358670776,0.103799721902373,0.000724686102989962,missense|LC,17041026537,17,41026537,
PITHD1,ENSG00000057757,0.177601227766421,0.285001260200676,0.0970418858928229,-0.00161118828720612,missense|LC,1023778445,1,23778445,
ATP6V0A2,ENSG00000185344,0.177675213230242,0.114354043620251,0.144920565047374,-0.00052839547022312,missense|LC,12123707538,12,123707538,
TCEAL5,ENSG00000204065,0.177733032430603,0.438831635605057,0.122925627906776,-0.000821859223390586,missense|LC,23103273820,X,103273820,
GPR141,ENSG00000187037,0.177776296238503,0.959130818365296,0.101848200983578,-0.0000361517307196231,missense|LC,7037740351,7,37740351,
LENG1,ENSG00000105617,0.177779134256698,0.280943665765231,0.101613653857628,0.000500758859415286,missense|LC,19054152139,19,54152139,
NDUFAF8,ENSG00000224877,0.177828298821265,0.939253579314563,0.0987744628109153,0.000133928170557514,missense|LC,17081236627,17,81236627,
ABHD14A,ENSG00000248487,0.177846437944783,0.118205165570038,0.142997114540358,-0.000647069644787065,missense|LC,3051970069,3,51970069,
HOXB8,ENSG00000120068,0.177902886100165,0.0968028167821469,0.573264588957181,-0.00315153362224223,missense|LC,17048607791,17,48607791,
STXBP6,ENSG00000168952,0.177966749120494,0.152129261768106,0.112875848247954,-0.0023306195571874,missense|LC,14024812635,14,24812635,
BCL7A,ENSG00000110987,0.177976151049873,0.526484771880388,0.0976309337897563,-0.000811982039731679,missense|LC,12122022017,12,122022017,
YBX1,ENSG00000065978,0.178021315239963,0.439165256067121,0.0996968589811615,0.000628501127214096,missense|LC,1042682435,1,42682435,
RIPK3,ENSG00000129465,0.178080455457017,0.118218938066074,0.136604359674559,-0.000683797665543905,missense|LC,14024331027,14,24331027,
AP2A1,ENSG00000196961,0.178136290558082,0.467294846842351,0.0966919485907916,-0.000550770074778387,missense|LC,19049762138,19,49762138,
ADRB3,ENSG00000188778,0.178151241368545,0.0979520211735341,0.45103031700136,0.00132671261863364,missense|LC,8037964165,8,37964165,
TAFA5,ENSG00000219438,0.178187676697589,0.101867652173875,0.243364946281636,0.0021578210050674,missense|LC,22048489542,22,48489542,
SCN2B,ENSG00000149575,0.178308338944254,0.334607166696576,0.100413327672975,0.000977840533132971,missense|LC,11118166783,11,118166783,
UBXN11,ENSG00000158062,0.178371498690716,0.838614766556644,0.101085937032515,-0.0000498148327554089,missense|LC,1026277286,1,26277286,
OR56A4,ENSG00000183389,0.178391275075692,0.162069940930563,0.107585727365048,0.000640632760301187,missense|LC,11006001989,11,6001989,
COG1,ENSG00000166685,0.178461995716194,0.728834732983912,0.103073601395492,0.000111502500428324,missense|LC,17073193051,17,73193051,
LMAN2L,ENSG00000114988,0.178468036163666,0.120397707069654,0.153596716995747,0.00178881356622909,missense|LC,2096701877,2,96701877,
FRMD4B,ENSG00000114541,0.17856224780602,0.869421818628678,0.100637112483846,0.0000459685349894886,missense|LC,3069171783,3,69171783,
SEMA4D,ENSG00000187764,0.178565386944865,0.836390509777912,0.0975085459892815,0.0000801522436461024,missense|LC,9089376694,9,89376694,
DAB2IP,ENSG00000136848,0.178624162205534,0.0976402753155025,0.365876201935651,-0.000627682984433213,missense|LC,9121567107,9,121567107,
SH3RF1,ENSG00000154447,0.178634665978446,0.105753782806139,0.420640978260242,0.000793141347903865,missense|LC,4169096427,4,169096427,
UBE2G2,ENSG00000184787,0.178660578978448,0.597990740444598,0.0974276656953194,-0.00101584107599535,missense|LC,21044771310,21,44771310,
CCDC142,ENSG00000135637,0.178717254543818,0.298358463235637,0.105105078410568,0.000380370102546014,missense|LC,2074472000,2,74472000,
SLC2A4,ENSG00000181856,0.178876100328919,0.115793891984062,0.156265545028404,0.000509529367526458,missense|LC,17007281847,17,7281847,
SLC30A10,ENSG00000196660,0.178953457993903,0.453041143482634,0.103531068603067,-0.000593239084725163,missense|LC,1219915342,1,219915342,
MEOX1,ENSG00000005102,0.178955920709236,0.736102443721392,0.0994505356621157,-0.000325063144142595,missense|LC,17043641820,17,43641820,
UXS1,ENSG00000115652,0.178997222903594,0.157599037398385,0.105629026995292,0.00148761761378087,missense|LC,2106093886,2,106093886,
OR10A2,ENSG00000170790,0.179006267758111,0.277286056643414,0.108916713614009,0.000642063396985108,missense|LC,11006869702,11,6869702,
KLHL40,ENSG00000157119,0.17901565440094,0.937355421995485,0.0986596914944021,-0.0000357453048485232,missense|LC,3042685520,3,42685520,
UBLCP1,ENSG00000164332,0.179068699327705,0.485682922079434,0.0967599648161818,-0.00141471671142392,missense|LC,5159268823,5,159268823,
RAD17,ENSG00000152942,0.179123764383068,0.526113841653281,0.10812261048326,-0.000271484920175567,missense|LC,5069364878,5,69364878,
SRPK1,ENSG00000096063,0.179160944561242,0.229596620372556,0.100096490209215,-0.000911777204136216,missense|LC,6035835233,6,35835233,
AKR1E2,ENSG00000165568,0.179172384537159,0.154126831160936,0.113200416660193,-0.00123896155632814,missense|LC,10004826235,10,4826235,
C7orf25,ENSG00000136197,0.179211044465364,0.422500313336459,0.120937553400629,0.000412771400241111,missense|LC,7042909547,7,42909547,
GPR82,ENSG00000171657,0.179369523264564,0.234221397814298,0.100564698660895,0.00130200783340082,missense|LC,23041727020,X,41727020,
ARHGEF11,ENSG00000132694,0.179382819223693,0.100278575381884,0.244908646915482,0.00062364736095812,missense|LC,1156930455,1,156930455,
RASGEF1C,ENSG00000146090,0.179417756645683,0.135872134911422,0.119511790895264,0.00110424558582457,missense|LC,5180101396,5,180101396,
CBFB,ENSG00000067955,0.179428747839055,0.725779660899198,0.100456166475336,0.000541954623968252,missense|LC,16067029347,16,67029347,
CCDC28B,ENSG00000160050,0.1795179399033,0.130611473167068,0.137818890856496,-0.000815162466834396,missense|LC,1032201850,1,32201850,
PRKD3,ENSG00000115825,0.179593067098809,0.636308558112604,0.105340414386601,0.000167560792591712,missense|LC,2037245970,2,37245970,
ACTN1,ENSG00000072110,0.179683775676082,0.0996718403674652,0.319196463985455,0.00113603341411001,missense|LC,14068874751,14,68874751,
U2AF2,ENSG00000063244,0.179717784883553,0.847755449417689,0.100820834545032,0.000307858177615761,missense|LC,19055651242,19,55651242,
PPP1R15B,ENSG00000158615,0.179853194696758,0.103436234274107,0.385564913409779,-0.000676842065461826,missense|LC,1204403458,1,204403458,
SLC27A4,ENSG00000167114,0.179999668764309,0.0994811180251445,0.279018421860696,-0.000798948446014709,missense|LC,9128342181,9,128342181,
ANKRD33,ENSG00000167612,0.18000223352838,0.108960309301396,0.718177507241998,0.000693928598792475,missense|LC,12051888094,12,51888094,
GPBP1,ENSG00000062194,0.180019795633361,0.112170650094005,0.851594291302796,0.000868547566163456,missense|LC,5057214080,5,57214080,
LGALS9B,ENSG00000170298,0.18018957068497,0.854005466910456,0.102042277527511,0.000166330511652656,missense|LC,17020451409,17,20451409,
KRBOX1,ENSG00000240747,0.180239482032963,0.147082919190352,0.115634749982476,-0.00279174277996837,missense|LC,3042938853,3,42938853,
DNAJA1,ENSG00000086061,0.180252660572585,0.171661842125719,0.104508150080169,0.00165490919649131,missense|LC,9033026376,9,33026376,
SCOC,ENSG00000153130,0.18029970888172,0.555365747310006,0.102148561368001,0.00103033315345851,missense|LC,4140373514,4,140373514,
ARL4C,ENSG00000188042,0.180403947259173,0.172985989707653,0.104603594555418,0.00415697738267992,missense|LC,2234495702,2,234495702,
PLSCR3,ENSG00000187838,0.180471899267198,0.300224823397107,0.0980940728539166,-0.00106543812322244,missense|LC,17007384734,17,7384734,
UAP1,ENSG00000117143,0.180546174429951,0.731480313423749,0.110317160504095,-0.000124697727086803,missense|LC,1162565973,1,162565973,
CNOT2,ENSG00000111596,0.180638165722614,0.253778882056004,0.131794194150818,-0.0007192403634249,missense|LC,12070278183,12,70278183,
PHETA2,ENSG00000177096,0.180671997647181,0.859921342573886,0.0997367123193292,0.000208494315940574,missense|LC,22042070197,22,42070197,
DBR1,ENSG00000138231,0.180758956279404,0.118320576375986,0.132644498303721,0.000716652912712087,missense|LC,3138161838,3,138161838,
CMAS,ENSG00000111726,0.180834958676981,0.684560577238543,0.0985751283617288,0.00045834449893255,missense|LC,12022046201,12,22046201,
IDH2,ENSG00000182054,0.18086560475492,0.114329434560355,0.188705268819976,-0.000673822993767356,missense|LC,15090079552,15,90079552,
GAPDH,ENSG00000111640,0.18089079820338,0.101466751469916,0.425468897504991,-0.00194101676691997,missense|LC,12006529537,12,6529537,
KRTAP5-3,ENSG00000196224,0.181133257836492,0.111791289841851,0.16427394584497,-0.000798522615104901,missense|LC,11001607508,11,1607508,
SEPTIN6,ENSG00000125354,0.1811614379342,0.476999569584348,0.10312537031646,0.000671188172004472,missense|LC,23119616653,X,119616653,
NFIL3,ENSG00000165030,0.181197394038338,0.116733656221653,0.261556552262175,0.000943652004305685,missense|LC,9091409271,9,91409271,
KIAA2013,ENSG00000116685,0.181283086010354,0.133794275617785,0.122544663303432,-0.000490574516780124,missense|LC,1011920237,1,11920237,
TGM7,ENSG00000159495,0.181335784511445,0.117630073827344,0.39407395837747,-0.0003628460279702,missense|LC,15043276355,15,43276355,
ZBTB5,ENSG00000168795,0.181354463322433,0.943659351088127,0.103116326725365,-0.0000379310110665739,missense|LC,9037436574,9,37436574,
PHACTR4,ENSG00000204138,0.181365921988531,0.245409118968437,0.101727311410146,-0.000653765463408488,missense|LC,1028438171,1,28438171,
GLIS1,ENSG00000174332,0.181426306763777,0.639456988139533,0.104724596880812,0.000140864236463027,missense|LC,1053506533,1,53506533,
CNTN2,ENSG00000184144,0.181538777322273,0.854304519083984,0.103526593338041,-0.0000568327597059796,missense|LC,1205053132,1,205053132,
TMEM258,ENSG00000134825,0.181604241328553,0.127171844834179,0.329275138050609,-0.00197662034893982,missense|LC,11061783950,11,61783950,
WNK1,ENSG00000060237,0.181661045311267,0.137099088407364,0.122808473819303,0.00039418948580102,missense|LC,12000753447,12,753447,
GPA33,ENSG00000143167,0.181672050025274,0.263906042182577,0.107179720474376,0.000758984007972837,missense|LC,1167054231,1,167054231,
DPRX,ENSG00000204595,0.181681805974649,0.105175663863401,0.654481804515275,0.00119823077725037,missense|LC,19053632066,19,53632066,
BID,ENSG00000015475,0.181755357233867,0.102482586977077,0.630286978329592,0.00171669276664061,missense|LC,22017735487,22,17735487,
ISCU,ENSG00000136003,0.181769229040712,0.135187848006196,0.166969409233549,-0.000854612641936193,missense|LC,12108560763,12,108560763,
NALCN,ENSG00000102452,0.181852073508654,0.136052226090294,0.12307827935235,0.000604038779195035,missense|LC,13101055247,13,101055247,
GAA,ENSG00000171298,0.182019807956417,0.363501460813667,0.101603800025525,0.000344417922196374,missense|LC,17080097169,17,80097169,
GCM2,ENSG00000124827,0.182026195294022,0.106653428049312,0.405488199126628,-0.000783608546709135,missense|LC,6010873956,6,10873956,
CARMIL3,ENSG00000186648,0.182047915354297,0.105962501094516,0.290630127041633,-0.000499129300759395,missense|LC,14024048069,14,24048069,
FXN,ENSG00000165060,0.182067985705051,0.228127069114869,0.109037639503521,-0.001243039882216,missense|LC,9069035698,9,69035698,
BMX,ENSG00000102010,0.182118083633754,0.817367560603628,0.113167985031507,0.0000904423085362399,missense|LC,23015459656,X,15459656,
ADIPOR2,ENSG00000006831,0.182130003022462,0.537416536600505,0.125772958079731,0.000470198990673064,missense|LC,12001754245,12,1754245,
LRRC59,ENSG00000108829,0.182138231214575,0.101800078277474,0.781034799464868,0.00157863963228709,missense|LC,17050376233,17,50376233,
EGLN1,ENSG00000135766,0.182176460570374,0.726997223688786,0.102190592904195,-0.000282265310920053,missense|LC,1231366321,1,231366321,
KRT75,ENSG00000170454,0.18218857074886,0.322703404376021,0.103573646330733,0.000355732700674995,missense|LC,12052424461,12,52424461,
PRDM11,ENSG00000019485,0.182210656875509,0.826079536497474,0.103521229693593,-0.0000943033772245993,missense|LC,11045181699,11,45181699,
METTL9,ENSG00000197006,0.182230023489167,0.15519570079671,0.126657784641456,0.00123217937936215,missense|LC,16021597198,16,21597198,
CST1,ENSG00000170373,0.182270873537967,0.482806819355416,0.105603137103252,-0.000374946050075193,missense|LC,20023747736,20,23747736,
HAVCR1,ENSG00000113249,0.182276498965917,0.537090747892439,0.107340645984139,0.000317837145256688,missense|LC,5157029537,5,157029537,
FAM110B,ENSG00000169122,0.182306126344353,0.136511396591579,0.12361244861897,-0.00175906689948788,missense|LC,8058146123,8,58146123,
ARHGEF6,ENSG00000129675,0.182326105317206,0.822968581355806,0.116749712787723,0.0000905987564774606,missense|LC,23136667942,X,136667942,
MDH1B,ENSG00000138400,0.182358593625011,0.703786064991992,0.102097875983804,0.000218511902904059,missense|LC,2206738446,2,206738446,
CFAP57,ENSG00000243710,0.182366269226052,0.102263276463523,0.872729208212159,-0.000415421187534241,missense|LC,1043168867,1,43168867,
CCDC183,ENSG00000213213,0.18237560101664,0.106844820883009,0.395015603724219,-0.000435554311030876,missense|LC,9136791338,9,136791338,
TMC6,ENSG00000141524,0.182396219151298,0.447276848002297,0.103422513086314,0.000240108387419425,missense|LC,17078102400,17,78102400,
MTX1,ENSG00000173171,0.182406424108357,0.103532337623533,0.233664568414542,-0.00104632273773962,missense|LC,1155204797,1,155204797,
ACTA2,ENSG00000107796,0.182407650700804,0.21032750241698,0.0999884389980283,0.0029369200074623,missense|LC,10088935100,10,88935100,
CALML5,ENSG00000178372,0.182577194320693,0.336826835461457,0.129338855251762,-0.000520236184895697,missense|LC,10005498940,10,5498940,
BLID,ENSG00000259571,0.182760704712882,0.274122956179159,0.108686533288402,-0.00152018934657154,missense|LC,11122115557,11,122115557,
PBX3,ENSG00000167081,0.182829047975733,0.126101188197274,0.641279960935895,-0.000738835737064371,missense|LC,9125747397,9,125747397,
HCK,ENSG00000101336,0.182985987850416,0.109664025563866,0.651801737290335,0.000815368105955039,missense|LC,20032052354,20,32052354,
AMPD2,ENSG00000116337,0.182992816362563,0.362032287240788,0.100050915447521,-0.000638019063291621,missense|LC,1109620156,1,109620156,
AC106886.6,ENSG00000282034,0.183186456798976,0.103480067511021,0.232219038017826,-0.000392107625589393,missense|LC,16030700749,16,30700749,
RASSF1,ENSG00000068028,0.183209261171538,0.314792878004564,0.107034146566971,0.00048779744843021,missense|LC,3050326025,3,50326025,
C7orf33,ENSG00000170279,0.183264433271124,0.694731734127271,0.115018142294832,-0.000152314403843345,missense|LC,7148590862,7,148590862,
MPV17,ENSG00000115204,0.183297864142861,0.610445130738586,0.102062922205789,-0.000714446621798583,missense|LC,2027304888,2,27304888,
PPIAL4A,ENSG00000263353,0.183323113806212,0.119291929112739,0.28810410977936,0.000587703596264259,missense|LC,1120889749,1,120889749,
ANAPC13,ENSG00000129055,0.183342755361387,0.111377403376917,0.190193609022868,0.00487404339656061,missense|LC,3134478478,3,134478478,
RBPJ,ENSG00000168214,0.183349654505074,0.105248411980411,0.393072808558399,0.0016801929230826,missense|LC,4026319825,4,26319825,
PRR36,ENSG00000183248,0.183350396727848,0.975575584178987,0.111364767059206,0.00000357118456952964,missense|LC,19007863721,19,7863721,
ANXA2R,ENSG00000177721,0.183362436083466,0.126009920537858,0.618158153933788,-0.00110103818770012,missense|LC,5043039397,5,43039397,
FAM90A23P,ENSG00000285765,0.183408247033802,0.115374302737806,0.350431513328619,-0.00772816512543986,missense|LC,8007580525,8,7580525,
MEX3B,ENSG00000183496,0.183414462262451,0.282876330718904,0.105771850215456,0.000480908297278933,missense|LC,15082043074,15,82043074,
OSTC,ENSG00000198856,0.183431146997212,0.40216295852724,0.103840840691776,-0.00142310779373287,missense|LC,4108650547,4,108650547,
TTC36,ENSG00000172425,0.183472866269093,0.169608562459565,0.114702572234961,0.000901554779553451,missense|LC,11118527473,11,118527473,
JHY,ENSG00000109944,0.183531259093335,0.0999971671997562,0.580466922360632,0.000918567027163192,missense|LC,11122885797,11,122885797,
ATL2,ENSG00000119787,0.183548196009154,0.453762201533364,0.110670102316493,0.000332875053858002,missense|LC,2038295930,2,38295930,
CFAP91,ENSG00000183833,0.183657341257686,0.502567836400423,0.0998721984947377,0.000315336990571091,missense|LC,3119702994,3,119702994,
AC069444.2,ENSG00000285585,0.183657341257686,0.502567836400423,0.0998721984947377,0.000315336990571091,missense|LC,3119702994,3,119702994,
CELF5,ENSG00000161082,0.183705478933518,0.632595796765421,0.106194630034843,0.000510701824516528,missense|LC,19003224600,19,3224600,
THY1,ENSG00000154096,0.183812209500533,0.140593456712996,0.121352759107802,0.00235965730530952,missense|LC,11119419345,11,119419345,
ARHGAP6,ENSG00000047648,0.18382681747335,0.106790772102822,0.290206913007445,0.000765305545629442,missense|LC,23011138792,X,11138792,
STK36,ENSG00000163482,0.183943880113201,0.174498466802745,0.106033124379743,0.00036693917208926,missense|LC,2218667841,2,218667841,
SRRT,ENSG00000087087,0.18396479906965,0.976143158933356,0.101762432948166,0.000011040929617773,missense|LC,7100870287,7,100870287,
CUL5,ENSG00000166266,0.183975422673662,0.187539832012062,0.104658597796062,-0.00166952327637995,missense|LC,11108009255,11,108009255,
FUT11,ENSG00000196968,0.183995395964727,0.105781303104503,0.692768465848243,0.000665853320736974,missense|LC,10073767773,10,73767773,
ANKIB1,ENSG00000001629,0.18400215871379,0.102779008146138,0.88259742373328,0.000896684020236061,missense|LC,7092240979,7,92240979,
C2orf16,ENSG00000221843,0.18401925328009,0.401687887012983,0.101704858949315,0.000223204817113147,missense|LC,2027576518,2,27576518,
ZNF526,ENSG00000167625,0.184058430196,0.105219400547496,0.226046719149022,0.000922218223350973,missense|LC,19042215312,19,42215312,
ABHD17A,ENSG00000129968,0.184133071889539,0.9148964634121,0.101832726735739,0.0000942357284348099,missense|LC,19001877117,19,1877117,
ACP6,ENSG00000162836,0.184135713699922,0.114521688459118,0.153475947290528,-0.000755526705081726,missense|LC,1147647334,1,147647334,
HOXB1,ENSG00000120094,0.184215385519307,0.120497808228245,0.173998966382732,0.000932770171780632,missense|LC,17048529486,17,48529486,
ZNF331,ENSG00000130844,0.18435073792086,0.234147412936051,0.116513286606102,0.000569902401868588,missense|LC,19053569282,19,53569282,
MMP10,ENSG00000166670,0.184372397664454,0.623950124517288,0.109362926260462,0.000211238034078703,missense|LC,11102770769,11,102770769,
PDIA6,ENSG00000143870,0.184433582982848,0.106932421601875,0.168506823358486,-0.00113792143232498,missense|LC,2010778499,2,10778499,
ACOT11,ENSG00000162390,0.184439719928321,0.599357883715963,0.106674227514245,0.00019560937815116,missense|LC,1054548211,1,54548211,
P4HA2,ENSG00000072682,0.184480461013704,0.103808953368462,0.687147704974591,-0.00111588900685164,missense|LC,5132192989,5,132192989,
DNAJA3,ENSG00000103423,0.184497312569045,0.512546009796378,0.099789180221811,-0.000446004656536959,missense|LC,16004425786,16,4425786,
C16orf46,ENSG00000166455,0.18458032604154,0.107714381049741,0.366900124428474,-0.000771362184078792,missense|LC,16081060980,16,81060980,
TUSC1,ENSG00000198680,0.184582249785137,0.626218212381671,0.102033572160837,0.000357787564576592,missense|LC,9025677509,9,25677509,
GJD4,ENSG00000177291,0.184722648377958,0.111987136926885,0.272582913665069,0.000508087145553742,missense|LC,10035605529,10,35605529,
MVP,ENSG00000013364,0.184748215210262,0.831440803034802,0.102765864878415,0.0000885214149780031,missense|LC,16029816415,16,29816415,
BRS3,ENSG00000102239,0.184792247169414,0.594376068164278,0.105569847983384,-0.000357714838642954,missense|LC,23136488055,X,136488055,
GTF2A1L,ENSG00000242441,0.184934029966193,0.652712775358902,0.10266629813197,-0.00029233281114547,missense|LC,2048617768,2,48617768,
UBE2A,ENSG00000077721,0.184959569612399,0.968221594094849,0.106672475522911,-0.000174036517014114,missense|LC,23119574612,X,119574612,
CIITA,ENSG00000179583,0.184981238908266,0.108878500319621,0.163202086711972,-0.000528735756951954,missense|LC,16010877262,16,10877262,
EFHD2,ENSG00000142634,0.18502886379314,0.366473519194283,0.120711321237388,-0.0006915210446704,missense|LC,1015409837,1,15409837,
MRPL9,ENSG00000143436,0.185086489519577,0.415660700245343,0.109342849860218,0.000343151522119009,missense|LC,1151759932,1,151759932,
AC002310.4,ENSG00000261459,0.185103513680218,0.110167866685636,0.44246826851161,0.000605610146612384,missense|LC,16030521414,16,30521414,
NME2,ENSG00000243678,0.185111106359397,0.105106622709949,0.362688319114955,0.00278914714654576,missense|LC,17051161689,17,51161689,
CLTRN,ENSG00000147003,0.185277115528628,0.366589479273638,0.106519394290306,-0.00137539184308,missense|LC,23015627915,X,15627915,
AC092587.1,ENSG00000273155,0.185288697765021,0.147942643255017,0.248006297734642,-0.000758820483750521,missense|LC,2099150473,2,99150473,
FAM200B,ENSG00000237765,0.185294206701371,0.103593684330745,0.283905541765225,-0.000748564726029497,missense|LC,4015686958,4,15686958,
MIOS,ENSG00000164654,0.185330379869125,0.624002820719792,0.100136790736696,-0.000356581852818096,missense|LC,7007572417,7,7572417,
MRPL20,ENSG00000242485,0.185342873336821,0.260722117021774,0.101509645233237,0.00145321995520547,missense|LC,1001398165,1,1398165,
MYBPC2,ENSG00000086967,0.185356570614061,0.105891608126295,0.315313297636943,-0.000342846479688921,missense|LC,19050427926,19,50427926,
SIL1,ENSG00000120725,0.185390129397199,0.102091889387611,0.716469505033929,0.00169464567152893,missense|LC,5138947061,5,138947061,
PTCH1,ENSG00000185920,0.185430876225017,0.928965227365812,0.100158776816417,0.0000270646688767183,missense|LC,9095446803,9,95446803,
GOLGA2,ENSG00000167110,0.18545068817934,0.107779116269535,0.224634087362309,-0.000516015739675319,missense|LC,9128250830,9,128250830,
DNAJC28,ENSG00000177692,0.185493696304043,0.116439139763928,0.521621408344486,-0.000633638755894695,missense|LC,21033488169,21,33488169,
OR8B12,ENSG00000170953,0.185505352654667,0.206978898387394,0.105148030539357,0.000910917429123492,missense|LC,11124542692,11,124542692,
ELAPOR1,ENSG00000116299,0.185588492356807,0.105695367164689,0.362683591479758,-0.000611866077202769,missense|LC,1109112462,1,109112462,
TEX52,ENSG00000283297,0.185767343077909,0.567947290355416,0.106232683006396,0.000329179340210338,missense|LC,12002849136,12,2849136,
ERI3,ENSG00000117419,0.185847743550398,0.110770735130235,0.44302993708678,0.00142962325971997,missense|LC,1044218209,1,44218209,
KREMEN1,ENSG00000183762,0.185851368712844,0.104699608240257,0.281619034065466,0.00109144379165003,missense|LC,22029073118,22,29073118,
UBASH3A,ENSG00000160185,0.185993318958978,0.135657496931291,0.119845147948201,0.000582114870000865,missense|LC,21042403911,21,42403911,
GPR149,ENSG00000174948,0.186002477293516,0.769677038867574,0.102305410968373,-0.00020132315459473,missense|LC,3154337654,3,154337654,
CDYL,ENSG00000153046,0.186009835297037,0.784536476964915,0.103108848837119,0.000191807471846759,missense|LC,6004776684,6,4776684,
TNS1,ENSG00000079308,0.186076654351135,0.197607216597285,0.107257336831358,-0.000221484622049083,missense|LC,2217804346,2,217804346,
AC233992.2,ENSG00000271698,0.186103984392162,0.183044012901305,0.119964104882822,-0.00320756529678147,missense|LC,8144353229,8,144353229,
CPNE7,ENSG00000178773,0.186172037543122,0.341620517234744,0.101135683837929,-0.000487085127577251,missense|LC,16089575795,16,89575795,
LIX1L,ENSG00000271601,0.186178898697736,0.109485288121525,0.706520741454317,0.00126079245994089,missense|LC,1145936211,1,145936211,
FOXO1,ENSG00000150907,0.186289062642862,0.111341173797968,0.479176263033829,0.000695972564815067,missense|LC,13040559434,13,40559434,
CHI3L1,ENSG00000133048,0.186301609889631,0.10539310679154,0.845700770218766,0.000793511667154438,missense|LC,1203174226,1,203174226,
NUP62CL,ENSG00000198088,0.186320708860215,0.110855768291266,0.531891276425863,0.00233048162697366,missense|LC,23107118684,X,107118684,
FSTL5,ENSG00000168843,0.186335083654582,0.109259041519142,0.839748039865932,-0.000669187738108621,missense|LC,4161385716,4,161385716,
TNFSF9,ENSG00000125657,0.186335182807437,0.953400778127575,0.114380871522409,-0.000022913472759092,missense|LC,19006530912,19,6530912,
HLTF,ENSG00000071794,0.186402491086225,0.137195118988535,0.124602232738262,0.000517393169196569,missense|LC,3149026429,3,149026429,
LDB1,ENSG00000198728,0.186448038755613,0.112554654100668,0.20416932410228,0.00224029834921062,missense|LC,10102108052,10,102108052,
USP17L1,ENSG00000230549,0.18665832085572,0.895394216180553,0.108837742858393,0.0000387287328935276,missense|LC,8007332891,8,7332891,
LMNB1,ENSG00000113368,0.18668682366846,0.886938657234186,0.104612482160338,0.000101407515079402,missense|LC,5126777379,5,126777379,
ASGR2,ENSG00000161944,0.186743208484978,0.748079443637224,0.102793096862354,0.000277028036360559,missense|LC,17007101455,17,7101455,
FAM185A,ENSG00000222011,0.186803063255934,0.724733616922691,0.111338272585554,-0.000184896903957645,missense|LC,7102749085,7,102749085,
SLC4A2,ENSG00000164889,0.186835327643757,0.848210839684331,0.103825106931412,0.0000659704340037283,missense|LC,7151053939,7,151053939,
TLE1,ENSG00000196781,0.18687686966673,0.106673196547578,0.508412072918849,0.000755210759517136,missense|LC,9081584145,9,81584145,
FCRLB,ENSG00000162746,0.186887351478684,0.598239973373191,0.100892097961759,0.00049142130391351,missense|LC,1161722605,1,161722605,
BNC1,ENSG00000169594,0.186921089565758,0.10561137387649,0.242700779521178,-0.000662003741933099,missense|LC,15083257348,15,83257348,
H2BC18,ENSG00000203814,0.186936889887045,0.400254495461272,0.126710745180123,0.000678311839603225,missense|LC,1149782581,1,149782581,
COG5,ENSG00000164597,0.186937387308905,0.126006275489634,0.137288616533067,0.000550606410841089,missense|LC,7107200098,7,107200098,
KCTD15,ENSG00000153885,0.186971601354522,0.102444648107072,0.338523224697169,-0.00214943450340502,missense|LC,19033800372,19,33800372,
AL513165.2,ENSG00000256966,0.187083445382701,0.107328088840277,0.917959456011459,0.00510543013478064,missense|LC,9037537063,9,37537063,
PRKAB2,ENSG00000131791,0.187138700537048,0.686636359268271,0.105296199119692,0.000481994273142672,missense|LC,1147159502,1,147159502,
RBM15,ENSG00000162775,0.18716699163064,0.74784694717426,0.112221510938862,0.00011188000851858,missense|LC,1110339316,1,110339316,
SGCB,ENSG00000163069,0.187167827924652,0.104955158479385,0.395224410122793,0.00111726925100522,missense|LC,4052017032,4,52017032,
OPHN1,ENSG00000079482,0.187207948381561,0.96975188548147,0.110630370565741,-0.0000106588361874181,missense|LC,23068048373,X,68048373,
SLC17A5,ENSG00000119899,0.187234601517042,0.111913338016404,0.771022491698029,0.000668387717336228,missense|LC,6073594997,6,73594997,
CNNM1,ENSG00000119946,0.18738020482372,0.760113729092763,0.105385626742966,-0.000147053782670003,missense|LC,10099329448,10,99329448,
MSANTD4,ENSG00000170903,0.187391476506414,0.107191725790019,0.227065599853887,0.00137746383744279,missense|LC,11106009461,11,106009461,
ACADS,ENSG00000122971,0.187449989517063,0.27720923014832,0.10176036356432,-0.000764394796826277,missense|LC,12120725790,12,120725790,
TGFB3,ENSG00000119699,0.187470445471264,0.102787081825518,0.424127013565063,0.0019070128652879,missense|LC,14075954343,14,75954343,
CHD4,ENSG00000111642,0.187530597320918,0.103354703800054,0.28031474831606,0.00109626369339263,missense|LC,12006566043,12,6566043,
UBE2W,ENSG00000104343,0.187548763243197,0.254830692110484,0.136992805069318,-0.00129619327792381,missense|LC,8073786137,8,73786137,
SLC38A10,ENSG00000157637,0.187667469703972,0.174170924536529,0.108904047331251,0.000359173274245055,missense|LC,17081240869,17,81240869,
SOCS3,ENSG00000184557,0.187678152308233,0.109793653267933,0.489555742534525,-0.00282861967029716,missense|LC,17078358339,17,78358339,
MACROH2A2,ENSG00000099284,0.187688637807041,0.126726053885586,0.307425629177895,0.000780883648874667,missense|LC,10070075584,10,70075584,
AARD,ENSG00000205002,0.187807295810885,0.289013495914189,0.105857493994101,0.00104311299754051,missense|LC,8116938155,8,116938155,
DLG3,ENSG00000082458,0.187819548094478,0.16215257468676,0.125644427191711,-0.000591089939425724,missense|LC,23070445161,X,70445161,
COG6,ENSG00000133103,0.187994163227243,0.379307206940395,0.103858885010625,-0.000535834039750879,missense|LC,13039655629,13,39655629,
GNG8,ENSG00000167414,0.188042014714859,0.314886895275718,0.10972930393805,0.00279932843421833,missense|LC,19046634078,19,46634078,
P2RY10,ENSG00000078589,0.188044156062225,0.574140394959301,0.104939560467249,-0.000778440509496354,missense|LC,23078947814,X,78947814,
VSIG1,ENSG00000101842,0.188125061484673,0.111897565066012,0.357232647283491,-0.000712136748800999,missense|LC,23108045066,X,108045066,
AFTPH,ENSG00000119844,0.18820040596444,0.740742697649983,0.106441468564347,-0.000100049800557573,missense|LC,2064551383,2,64551383,
CBLC,ENSG00000142273,0.18822363846424,0.542119932568001,0.114237465137089,0.000210102276165126,missense|LC,19044777839,19,44777839,
PARP1,ENSG00000143799,0.18834329470521,0.900157061829429,0.108213714156568,0.0000424990654803671,missense|LC,1226361426,1,226361426,
FRMD4A,ENSG00000151474,0.188350050380363,0.138713922336815,0.128318367777849,0.000702007906589942,missense|LC,10013646924,10,13646924,
PTPN4,ENSG00000088179,0.188531794318156,0.182019293793645,0.119773481171357,0.000529233884098538,missense|LC,2119809770,2,119809770,
PQBP1,ENSG00000102103,0.188553885136701,0.233613248519257,0.111811014611101,-0.00110466866298651,missense|LC,23048893696,X,48893696,
HSPB8,ENSG00000152137,0.18858764425181,0.603838364101401,0.112617462063757,0.000452937610554515,missense|LC,12119179233,12,119179233,
ICMT,ENSG00000116237,0.18859332539215,0.319299438050195,0.125257185692594,-0.000538347487722812,missense|LC,1006218253,1,6218253,
TMEM132D,ENSG00000151952,0.188644748301998,0.330708328006123,0.108379247517778,0.000268477017049899,missense|LC,12129073808,12,129073808,
PITPNC1,ENSG00000154217,0.188689423041417,0.117442106396385,0.240053850352111,-0.00168982641355378,missense|LC,17067378100,17,67378100,
SIK2,ENSG00000170145,0.188692202118343,0.10774223616224,0.33309616822437,-0.000819406575021223,missense|LC,11111602447,11,111602447,
CD9,ENSG00000010278,0.188715158035428,0.109836313943721,0.888277026361055,-0.00166812525037774,missense|LC,12006200462,12,6200462,
MYOD1,ENSG00000129152,0.188721145902405,0.105150162248162,0.369838158035872,-0.00124504259914044,missense|LC,11017719673,11,17719673,
CHMP4C,ENSG00000164695,0.188738733627923,0.11097485461389,0.582700844548836,0.00129742111743729,missense|LC,8081732564,8,81732564,
AC022384.1,ENSG00000272410,0.188844375411453,0.261955300101519,0.106344247642719,-0.000551993271142932,missense|LC,3010249085,3,10249085,
NEFL,ENSG00000277586,0.188986953425117,0.109458145855631,0.629095075734909,0.000978715965775209,missense|LC,8024952676,8,24952676,
STIMATE,ENSG00000213533,0.189113392218229,0.420068838029397,0.115205378552108,0.00065268146281005,missense|LC,3052833196,3,52833196,
DCAF6,ENSG00000143164,0.189161123236518,0.260638806571036,0.121248448098687,0.000692657031773213,missense|LC,1167935677,1,167935677,
SMG9,ENSG00000105771,0.189161843282329,0.104201208938317,0.525728254162875,0.00124239479499149,missense|LC,19043728913,19,43728913,
HIF1A,ENSG00000100644,0.189192444921652,0.227232590883338,0.114745761292352,-0.000420307983753605,missense|LC,14061697625,14,61697625,
PPIL4,ENSG00000131013,0.189200226610973,0.108235864273564,0.377045476319496,0.00128731779690352,missense|LC,6149505383,6,149505383,
APLP2,ENSG00000084234,0.189229346348392,0.824611801274848,0.104570267943175,-0.000107599410353667,missense|LC,11130069922,11,130069922,
ASCL4,ENSG00000187855,0.189238860741632,0.10631739088334,0.530634420249793,0.0016166285797182,missense|LC,12107775098,12,107775098,
PPP2R5C,ENSG00000078304,0.189239619879686,0.109634512335366,0.420897208272635,0.0016060181362571,missense|LC,14101761780,14,101761780,
UBE2J2,ENSG00000160087,0.189296863769999,0.252071318813829,0.109942064289122,0.00163678223888771,missense|LC,1001255178,1,1255178,
ZNF845,ENSG00000213799,0.189404938930567,0.6827250176255,0.104723823816851,-0.000143262018047154,missense|LC,19053341183,19,53341183,
CCNT2,ENSG00000082258,0.189531493222402,0.282510939418984,0.103273762145481,-0.0010672654157612,missense|LC,2134918744,2,134918744,
CLEC18C,ENSG00000157335,0.189546642620304,0.120094925331379,0.154222558140405,-0.00126970868993895,missense|LC,16070174199,16,70174199,
FAM149B1,ENSG00000138286,0.189624607424834,0.142104398438253,0.121767068737043,-0.000802844513180135,missense|LC,10073163657,10,73163657,
TAGLN,ENSG00000149591,0.189684877404337,0.116383942637465,0.161197022801975,0.00143132370877493,missense|LC,11117195719,11,117195719,
PPP1R42,ENSG00000178125,0.189704156457193,0.325030489827951,0.156049917349185,0.00134259920318986,missense|LC,8066988137,8,66988137,
MEPE,ENSG00000152595,0.189712365716487,0.10879102812129,0.402973097193567,-0.000675115217459608,missense|LC,4087834657,4,87834657,
TBX21,ENSG00000073861,0.189736312800345,0.108718551828245,0.37919779134051,-0.000986466445333367,missense|LC,17047733316,17,47733316,
FAM221A,ENSG00000188732,0.189760340337866,0.674773069515543,0.110709500167594,0.000319487785095767,missense|LC,7023680163,7,23680163,
IL36G,ENSG00000136688,0.189854978619984,0.155961307117411,0.117260546304833,0.00135444907610603,missense|LC,2112978570,2,112978570,
FYN,ENSG00000010810,0.190001587796108,0.129233713661221,0.140063558255294,0.00148333214716565,missense|LC,6111661663,6,111661663,
TMEM201,ENSG00000188807,0.190006676965905,0.659477739428059,0.105337531583072,-0.000203570714545892,missense|LC,1009588885,1,9588885,
HSPB6,ENSG00000004776,0.19003367505467,0.946052102159473,0.113273690897137,-0.0000582860808170927,missense|LC,19035752122,19,35752122,
SHANK2,ENSG00000162105,0.190193925574317,0.107565621257619,0.319009472294932,-0.000540755191805603,missense|LC,11070472801,11,70472801,
TRPV6,ENSG00000165125,0.190217144296701,0.108683543707331,0.725809439148466,0.000706933158725051,missense|LC,7142866208,7,142866208,
LCMT2,ENSG00000168806,0.190231396059002,0.109706516576448,0.309975529206977,0.000459623336351021,missense|LC,15043328347,15,43328347,
RASIP1,ENSG00000105538,0.190309585553834,0.809570021670404,0.106943655855446,0.0000923726226401385,missense|LC,19048715586,19,48715586,
SPDYA,ENSG00000163806,0.190324268293276,0.108160018470092,0.328333744287151,0.0020683540779655,missense|LC,2028815970,2,28815970,
RPGR,ENSG00000156313,0.190341833466539,0.138394746229271,0.128083622015478,0.000558844597433463,missense|LC,23038284407,X,38284407,
SLC27A1,ENSG00000130304,0.190366465590753,0.104740624513826,0.304675765805806,0.001116323690913,missense|LC,19017470418,19,17470418,
PCNX2,ENSG00000135749,0.190419255316137,0.114346209586589,0.349248061513839,0.00068753000255843,missense|LC,1232984206,1,232984206,
SPATA17,ENSG00000162814,0.190429813285079,0.125751262013722,0.143930103273147,-0.000701722004017654,missense|LC,1217630866,1,217630866,
PLSCR2,ENSG00000163746,0.190489283183214,0.124146391133318,0.181398922584907,-0.000805167297107202,missense|LC,3146441755,3,146441755,
OR2A1,ENSG00000221970,0.190498017274486,0.136009000375242,0.13878837984744,-0.00252088186242965,missense|LC,7144318344,7,144318344,
STAU1,ENSG00000124214,0.190523126434679,0.10412757403515,0.503575968125993,0.00129584158823174,missense|LC,20049114800,20,49114800,
OR5M3,ENSG00000174937,0.190548669361244,0.11113264630787,0.599824022436354,0.000713650141734055,missense|LC,11056469534,11,56469534,
OXGR1,ENSG00000165621,0.190600090558306,0.114131342867271,0.185819585850101,0.00110525755652596,missense|LC,13096986660,13,96986660,
YOD1,ENSG00000180667,0.190649550745835,0.108432669313757,0.427343686668966,-0.00146350344212648,missense|LC,1207048949,1,207048949,
RNF113A,ENSG00000125352,0.190670297388364,0.965939805970247,0.122024960404397,-0.0000080131159811314,missense|LC,23119870525,X,119870525,
AC055811.2,ENSG00000264187,0.190688758789484,0.107266098288926,0.317510493504917,0.00339825965271451,missense|LC,17017202687,17,17202687,
OGN,ENSG00000106809,0.190722847852633,0.976934995898676,0.105584266811271,0.0000203542536330165,missense|LC,9092379730,9,92379730,
ZNF555,ENSG00000186300,0.190774793718827,0.982370643573573,0.106314394219504,-0.00000345884371295844,missense|LC,19002841442,19,2841442,
PPDPF,ENSG00000125534,0.190805587032424,0.325492050761603,0.114159942705004,-0.000810082412298549,missense|LC,20063519969,20,63519969,
DEPDC5,ENSG00000100150,0.190930376812156,0.105717229035976,0.697609217995615,-0.000562081415991121,missense|LC,22031754825,22,31754825,
UNC119B,ENSG00000175970,0.190951142951301,0.976942899232274,0.106086140483525,0.000026650122881165,missense|LC,12120710378,12,120710378,
CCNB1,ENSG00000134057,0.191055101009871,0.458993505619209,0.109200877066548,-0.000519166157302138,missense|LC,5069167189,5,69167189,
MAGEA3,ENSG00000221867,0.191072864157991,0.519264051342913,0.129340445393326,0.000131560295805742,missense|LC,23152700944,X,152700944,
CHKB-CPT1B,ENSG00000254413,0.191074019525302,0.109312434285636,0.363374186590814,-0.00468785701928226,missense|LC,22050569328,22,50569328,
NXPE3,ENSG00000144815,0.191090265807637,0.96590733844137,0.104418093940394,0.000026982165377638,missense|LC,3101785538,3,101785538,
TSTD3,ENSG00000279170,0.191094121600816,0.10845530774214,0.354633577645851,-0.00286976444198136,missense|LC,6099525983,6,99525983,
ARSD,ENSG00000006756,0.191154295496759,0.103938652526249,0.962347655869164,0.000927104750268925,missense|LC,23002907216,X,2907216,
TMEM245,ENSG00000106771,0.191229661119734,0.527127377523127,0.111787479305402,-0.000219590500145099,missense|LC,9109013174,9,109013174,
FOXA3,ENSG00000170608,0.19130760086708,0.107583996424342,0.37993814538484,0.00124039556524695,missense|LC,19045864361,19,45864361,
TMBIM4,ENSG00000155957,0.191308415984812,0.114449431095372,0.429737534152245,-0.00136795140056136,missense|LC,12066137903,12,66137903,
CAVIN3,ENSG00000170955,0.191321035366949,0.795504942519507,0.109146170165548,-0.000214701319077055,missense|LC,11006319066,11,6319066,
COL6A1,ENSG00000142156,0.191345284000217,0.106651651416055,0.925274521697115,-0.000590627859633181,missense|LC,21045981795,21,45981795,
STS,ENSG00000101846,0.191414252811194,0.475219085254632,0.110357718965215,0.00035987596871724,missense|LC,23007219433,X,7219433,
PALD1,ENSG00000107719,0.191423083228112,0.109367530200372,0.454457658052477,0.000444165321059854,missense|LC,10070525873,10,70525873,
COMMD8,ENSG00000169019,0.191501436768412,0.338842910806692,0.130082839441136,-0.00050846473001973,missense|LC,4047451593,4,47451593,
EPHB3,ENSG00000182580,0.191527276272622,0.228797176016384,0.10649726372627,0.000502298388077839,missense|LC,3184562241,3,184562241,
RTEL1,ENSG00000258366,0.191575535275508,0.776453539471131,0.105893603771853,-0.0000784664338081314,missense|LC,20063653314,20,63653314,
SNCB,ENSG00000074317,0.191656109685582,0.584734551690541,0.118316521085911,-0.00100863084763452,missense|LC,5176620782,5,176620782,
TASP1,ENSG00000089123,0.191721369189043,0.104041578315974,0.703158896735327,-0.00209602212297314,missense|LC,20013390304,20,13390304,
GRB2,ENSG00000177885,0.191762896381135,0.250907649511537,0.108832644119897,0.00312108399073997,missense|LC,17075320314,17,75320314,
LRRC32,ENSG00000137507,0.191804775364514,0.251975085639073,0.10654495746849,-0.000527114640415369,missense|LC,11076659517,11,76659517,
SLC16A12,ENSG00000152779,0.191974496813247,0.108262338859095,0.775176328995005,0.000994987459642241,missense|LC,10089432949,10,89432949,
COL20A1,ENSG00000101203,0.191980095237207,0.106970816965361,0.394861902471112,-0.000369816039684959,missense|LC,20063295061,20,63295061,
SOX11,ENSG00000176887,0.192045347940957,0.235090880503169,0.128973827581902,-0.000567119421017761,missense|LC,2005692650,2,5692650,
PITRM1,ENSG00000107959,0.192128173567196,0.113930423059636,0.526509133488573,-0.000486615764820614,missense|LC,10003133163,10,3133163,
CASR,ENSG00000036828,0.192282448148504,0.891027975675072,0.11470448042145,-0.0000656771948524538,missense|LC,3122254121,3,122254121,
FAM47A,ENSG00000185448,0.192329618369954,0.107333090677869,0.278274133880458,-0.000631829932428236,missense|LC,23034129843,X,34129843,
ATG4D,ENSG00000130734,0.192403814460819,0.580449362334211,0.109882764338482,0.000270479070568796,missense|LC,19010544016,19,10544016,
KLK10,ENSG00000129451,0.192421983848332,0.167044757217305,0.11507221853661,-0.000713897233438931,missense|LC,19051009086,19,51009086,
TMEM135,ENSG00000166575,0.192481328510459,0.109408363304643,0.55470700175491,-0.00126805019545578,missense|LC,11087037925,11,87037925,
SAMD10,ENSG00000130590,0.19267612823684,0.217676176192305,0.125745102362966,0.000511332040285993,missense|LC,20063969116,20,63969116,
OPLAH,ENSG00000178814,0.192687254092297,0.733595694318254,0.106946244651713,-0.0000885013560069898,missense|LC,8144046553,8,144046553,
AC053503.6,ENSG00000286143,0.192713017029685,0.503943012611338,0.11474529517073,0.000301366085132293,missense|LC,2219488165,2,219488165,
EXOSC4,ENSG00000178896,0.192763239875753,0.21242512251807,0.117761304605884,-0.00079140175131394,missense|LC,8144078619,8,144078619,
GOLGA6L1,ENSG00000273976,0.192879962943376,0.146362978092174,0.22500819445021,-0.00418025682111166,missense|LC,15023129381,15,23129381,
RUVBL2,ENSG00000183207,0.192889164810415,0.126711245119094,0.147012480647622,0.00860212887704552,missense|LC,19048991218,19,48991218,
AC006030.1,ENSG00000264324,0.192939651008225,0.405447230705915,0.145664926837406,0.000475432024067127,missense|LC,2074207623,2,74207623,
PCDHA6,ENSG00000081842,0.193000853659746,0.25736979869177,0.112031297786256,0.000363874979918627,missense|LC,5140822960,5,140822960,
ZNF682,ENSG00000197124,0.19302192647161,0.121091627793249,0.237361921820577,0.000661885346179252,missense|LC,19020005927,19,20005927,
CAPN11,ENSG00000137225,0.193165306021153,0.111726158008737,0.659682362752507,0.000582457507837814,missense|LC,6044153821,6,44153821,
MS4A5,ENSG00000166930,0.193206920018394,0.524427034492616,0.107770119432589,0.000761168635843056,missense|LC,11060429601,11,60429601,
RPS6KB2,ENSG00000175634,0.193220394162946,0.593437719899978,0.112081983581142,-0.000259038004928043,missense|LC,11067423498,11,67423498,
GOLGA6L6,ENSG00000277322,0.193222259474499,0.471800452545051,0.116604512213646,-0.000346666773215526,missense|LC,15020534332,15,20534332,
GNPAT,ENSG00000116906,0.193286494978605,0.107245282907895,0.945518944690318,-0.00101859620086783,missense|LC,1231238780,1,231238780,
TMPRSS3,ENSG00000160183,0.193316476492373,0.110920029059716,0.891701146019231,0.00066519028487959,missense|LC,21042372680,21,42372680,
YIPF3,ENSG00000137207,0.193353645305591,0.121249728615554,0.432997860800946,-0.000749089267119541,missense|LC,6043507153,6,43507153,
C2orf81,ENSG00000284308,0.193358393891123,0.706403756023243,0.107671833890143,0.000226984178447481,missense|LC,2074414227,2,74414227,
PPP1R16A,ENSG00000160972,0.193463129057951,0.114047011458413,0.205167787968754,0.000925778395268919,missense|LC,8144497072,8,144497072,
TNF,ENSG00000232810,0.193601754745681,0.131999391045045,0.140451616661762,0.00139943369171,missense|LC,6031572691,6,31572691,
MORC2,ENSG00000133422,0.193652460433162,0.105060581400233,0.422385040043493,0.00108624160061785,missense|LC,22030926740,22,30926740,
GPR142,ENSG00000257008,0.193698115479232,0.116238426307529,0.490328092528883,0.000451647148497358,missense|LC,17074367461,17,74367461,
PRMT9,ENSG00000164169,0.193738026230774,0.630790254276465,0.111699944045823,-0.000176583703217523,missense|LC,4147632837,4,147632837,
NEK8,ENSG00000160602,0.193805398042101,0.107443974109769,0.299648965420359,-0.000781340966370903,missense|LC,17028723790,17,28723790,
CXCR1,ENSG00000163464,0.193815547003818,0.217579951451799,0.119141885955986,0.000502119061142985,missense|LC,2218164053,2,218164053,
CACNA2D4,ENSG00000151062,0.193815836954127,0.261147286128873,0.11019521148924,-0.000327246494493098,missense|LC,12001793592,12,1793592,
MOCS2,ENSG00000164172,0.193839661840731,0.120628241996838,0.267569576680015,0.000712090337817877,missense|LC,5053098549,5,53098549,
CDHR2,ENSG00000074276,0.194036794564415,0.814369330714745,0.110668496400973,0.0000579955200085075,missense|LC,5176565300,5,176565300,
GLI1,ENSG00000111087,0.194081478208513,0.428956039497579,0.108627040373919,-0.00031626072858943,missense|LC,12057455457,12,57455457,
ACAA1,ENSG00000060971,0.194088759177491,0.672346102870555,0.109379675661751,0.000228899784306344,missense|LC,3038117716,3,38117716,
AOX1,ENSG00000138356,0.194182765719558,0.536148328245146,0.108794857013448,0.000256990295929996,missense|LC,2200583381,2,200583381,
PPP2R2A,ENSG00000221914,0.194205659436745,0.910443224924698,0.106547404052939,-0.000157106353881369,missense|LC,8026293216,8,26293216,
NEFH,ENSG00000100285,0.194237804823212,0.135384870899568,0.137564365039758,0.000509384775946724,missense|LC,22029480131,22,29480131,
HCRT,ENSG00000161610,0.194260967463193,0.12606842431693,0.14738289452613,0.001551299374957,missense|LC,17042179062,17,42179062,
ZNF658,ENSG00000274349,0.194264099823793,0.272772281888117,0.1089367611879,0.000308932938931596,missense|LC,9066903495,9,66903495,
ZNF622,ENSG00000173545,0.194397850866802,0.64350624020476,0.107822016314466,0.000365780900441733,missense|LC,5016451537,5,16451537,
AHSP,ENSG00000169877,0.194488130269859,0.335544583188666,0.144895726911068,0.000522284265953481,missense|LC,16031528089,16,31528089,
PDHA1,ENSG00000131828,0.194523340096591,0.795873137477155,0.111954077265845,-0.000292228895995478,missense|LC,23019343994,X,19343994,
RAB3D,ENSG00000105514,0.194571192031011,0.12119100961433,0.576816042989692,0.00094167208395117,missense|LC,19011325356,19,11325356,
ZNF16,ENSG00000170631,0.194656430360109,0.61198431504586,0.114796591777909,0.000240436697464145,missense|LC,8144930634,8,144930634,
MYL12A,ENSG00000101608,0.194700636238199,0.191798595248035,0.115109396941095,-0.00211088012998383,missense|LC,18003252282,18,3252282,
GGN,ENSG00000179168,0.194702622915453,0.305936770974564,0.110928333593489,-0.000230998594047007,missense|LC,19038379268,19,38379268,
B3GNT8,ENSG00000177191,0.194726980733462,0.954410986558836,0.110842865353321,0.0000218592880638244,missense|LC,19041422081,19,41422081,
SRF,ENSG00000112658,0.194792330284009,0.125549661908376,0.179366676423121,-0.000952097460096216,missense|LC,6043171526,6,43171526,
SAMD8,ENSG00000156671,0.194797171608118,0.140111037284438,0.196683735803306,0.000884881268031705,missense|LC,10075107886,10,75107886,
ARAP3,ENSG00000120318,0.194805094618448,0.119665254543935,0.178668311775004,0.000355898564481461,missense|LC,5141648871,5,141648871,
MYOT,ENSG00000120729,0.194812503604349,0.857289443473164,0.112353399869177,-0.0000992993486955579,missense|LC,5137870587,5,137870587,
RNF122,ENSG00000133874,0.194913554105211,0.440367317659799,0.11861366944943,-0.000824656734238013,missense|LC,8033548732,8,33548732,
ODF3L1,ENSG00000182950,0.194930183790431,0.173612244185863,0.117107487573718,-0.000789593370667725,missense|LC,15075724167,15,75724167,
DIO2,ENSG00000211448,0.194991335334204,0.11517140856523,0.218455246832571,0.00151664314317919,missense|LC,14080202599,14,80202599,
NDUFC2-KCTD14,ENSG00000259112,0.195067515584029,0.623994268478408,0.112164137855818,0.000762869568464119,missense|LC,11078017177,11,78017177,
SLFN12,ENSG00000172123,0.195189982681799,0.113245671854566,0.330504527645143,0.000655621412676092,missense|LC,17035411304,17,35411304,
ZNF711,ENSG00000147180,0.19522255334638,0.121608963447494,0.178047766863608,-0.00116464622841822,missense|LC,23085247539,X,85247539,
TMEM217,ENSG00000172738,0.195280268217458,0.185023497610975,0.135799577009023,0.000843376841281087,missense|LC,6037212868,6,37212868,
AAK1,ENSG00000115977,0.195282570208477,0.118641846361016,0.309659732216462,0.000619535515739278,missense|LC,2069465314,2,69465314,
ZBED9,ENSG00000232040,0.195414456567905,0.924971703133895,0.112043936399908,-0.0000376671111644597,missense|LC,6028571786,6,28571786,
CEP290,ENSG00000198707,0.195426800228547,0.792584945845553,0.108716364086853,0.0000580370165803829,missense|LC,12088045535,12,88045535,
CFAP100,ENSG00000163885,0.195429790823529,0.113078972214119,0.265384987732343,0.000492435740013705,missense|LC,3126395944,3,126395944,
ADAMTSL5,ENSG00000185761,0.195509956360389,0.576165370508351,0.113715885987986,-0.000176060935774334,missense|LC,19001505898,19,1505898,
DTHD1,ENSG00000197057,0.195516611919586,0.407155206234974,0.111079257311299,0.000373378919135476,missense|LC,4036281587,4,36281587,
CRYBA2,ENSG00000163499,0.195524547354465,0.113673829388297,0.256671405699595,-0.00138350187879791,missense|LC,2218990136,2,218990136,
H2AC15,ENSG00000275221,0.195582341046367,0.861215794425452,0.121713171884044,-0.000153578993034501,missense|LC,6027837820,6,27837820,
FATE1,ENSG00000147378,0.195591552656971,0.623179011898737,0.112722136518808,0.000337945765128896,missense|LC,23151716081,X,151716081,
SHROOM3,ENSG00000138771,0.195599023039896,0.108100503341973,0.651000826748569,-0.00035981451146682,missense|LC,4076435965,4,76435965,
ITLN1,ENSG00000179914,0.195650009722506,0.119764581805749,0.161238815958777,0.00076428414132348,missense|LC,1160876591,1,160876591,
ACO1,ENSG00000122729,0.195656856772164,0.96560001021991,0.109903666536959,-0.0000134498605837763,missense|LC,9032405465,9,32405465,
OAZ2,ENSG00000180304,0.195779899914002,0.116420402266222,0.208644099489974,-0.00233734830943384,missense|LC,15064688561,15,64688561,
SF3B1,ENSG00000115524,0.195909912060694,0.357187628577242,0.108834209860693,0.00115478073783247,missense|LC,2197392350,2,197392350,
CLEC2A,ENSG00000188393,0.195987517602341,0.121691710533208,0.299090708611396,-0.00111746381829382,missense|LC,12009913399,12,9913399,
CCDC60,ENSG00000183273,0.196025346060652,0.890066303532129,0.115949011130117,-0.0000591012860177965,missense|LC,12119335124,12,119335124,
KRTAP7-1,ENSG00000274749,0.196096046045793,0.112112892763065,0.763278577564753,-0.00367752000241486,missense|LC,21030829338,21,30829338,
MAGEE1,ENSG00000198934,0.196143109122823,0.538199508895917,0.116319137768327,-0.000187074732333702,missense|LC,23076427851,X,76427851,
RNF144B,ENSG00000137393,0.196157675007574,0.118135995308587,0.179759499965874,-0.00105525610015829,missense|LC,6018387270,6,18387270,
ENTHD1,ENSG00000176177,0.196231613795692,0.412088815891268,0.108904707399049,-0.000645731232566255,missense|LC,22039743564,22,39743564,
AL360181.3,ENSG00000254536,0.196257922200858,0.142023292595628,0.13660274250325,0.000564414870032713,missense|LC,10133379234,10,133379234,
GGNBP2,ENSG00000278311,0.196358748269561,0.552505417272885,0.109547006114239,-0.000502677157206051,missense|LC,17036545673,17,36545673,
SLC38A6,ENSG00000139974,0.196442154786434,0.133592637964374,0.138049803135773,-0.00263348233877685,missense|LC,14060976115,14,60976115,
CCDC88C,ENSG00000015133,0.196448081968822,0.298787794183028,0.107676477184878,-0.000197382461459462,missense|LC,14091272537,14,91272537,
MTX2,ENSG00000128654,0.196507399276492,0.160237074761439,0.120596968423612,0.00157373009293944,missense|LC,2176269525,2,176269525,
BCKDK,ENSG00000103507,0.196568866816295,0.413248906006518,0.107565916862207,-0.000670121394569957,missense|LC,16031109138,16,31109138,
IRF1,ENSG00000125347,0.196588089596586,0.112390244609177,0.359686179049977,0.00218939324115465,missense|LC,5132483847,5,132483847,
FBXO25,ENSG00000147364,0.196601790799573,0.115487661037211,0.172554734323498,-0.00134651732068639,missense|LC,8000407269,8,407269,
SPTBN5,ENSG00000137877,0.196687469620842,0.468888824955273,0.106068054455724,0.00010182532089087,missense|LC,15041843525,15,41843525,
CARS2,ENSG00000134905,0.196730629659001,0.110017211683711,0.404378557072186,-0.000744290279834076,missense|LC,13110637024,13,110637024,
FNDC8,ENSG00000073598,0.196766410003546,0.262556446758719,0.117408648669246,-0.000673524939155315,missense|LC,17035116812,17,35116812,
MPP2,ENSG00000108852,0.196776234075461,0.275045633696485,0.106337097610031,0.000809224790717012,missense|LC,17043877766,17,43877766,
FASTKD1,ENSG00000138399,0.196800984607527,0.111711804740701,0.625083247967248,0.000765059312430715,missense|LC,2169525574,2,169525574,
AC012531.3,ENSG00000273049,0.196917852632975,0.160931045068095,0.283218501607622,-0.00149340014404551,missense|LC,12053985175,12,53985175,
AC114490.3,ENSG00000284773,0.196990221929909,0.116469085686926,0.540041241600649,-0.00508826060343211,missense|LC,1034981837,1,34981837,
PANX3,ENSG00000154143,0.196997467494138,0.679543460289041,0.119572225730122,0.000256994052103957,missense|LC,11124611468,11,124611468,
IZUMO1,ENSG00000182264,0.197014577272038,0.133674298440948,0.133540823146177,0.000883998424490201,missense|LC,19048737390,19,48737390,
GID4,ENSG00000141034,0.197048974784814,0.114495431874094,0.888559838693644,-0.00147437166509473,missense|LC,17018038759,17,18038759,
TAF6,ENSG00000106290,0.197060982717591,0.872158268110996,0.116202549990523,0.0000620558807160744,missense|LC,7100102611,7,100102611,
ABO,ENSG00000175164,0.197102067190745,0.121301851596607,0.193602011247831,0.000574141183762241,missense|LC,9133255603,9,133255603,
GLRX3,ENSG00000108010,0.197106149793784,0.113345331955824,0.705712914625748,-0.00140391159248275,missense|LC,10130136254,10,130136254,
ADAMTSL3,ENSG00000156218,0.197145255637919,0.144106651945054,0.126314047225165,0.000558430750326634,missense|LC,15083655685,15,83655685,
TRIQK,ENSG00000205133,0.197251008261588,0.848353884863952,0.110948268590001,0.000398756475634614,missense|LC,8092886582,8,92886582,
PEG10,ENSG00000242265,0.197273250864567,0.110110519722718,0.683713663514391,-0.00127685877242592,missense|LC,7094655965,7,94655965,
TNRC6B,ENSG00000100354,0.197313873241787,0.501919066143201,0.111026031721453,0.000234239143527947,missense|LC,22040177778,22,40177778,
PSMB6,ENSG00000142507,0.197377990965246,0.111725646454853,0.331156699535115,0.00182220199453203,missense|LC,17004796123,17,4796123,
TRIM7,ENSG00000146054,0.197379789710063,0.188214326917211,0.115203136572825,-0.000637439483327898,missense|LC,5181195050,5,181195050,
SSPN,ENSG00000123096,0.197384941252661,0.336146652383945,0.111485935601995,0.000904961918072527,missense|LC,12026195573,12,26195573,
SLC9A6,ENSG00000198689,0.19744647914417,0.170344149160078,0.151967029492721,-0.000720492526763104,missense|LC,23135985454,X,135985454,
NKAIN2,ENSG00000188580,0.197476859768797,0.525747780318342,0.122689764060244,-0.00353013807082277,missense|LC,6123804136,6,123804136,
TLK2,ENSG00000146872,0.1975219918946,0.267479645433764,0.107410580742023,0.0017335459646157,missense|LC,17062481053,17,62481053,
CCL24,ENSG00000106178,0.197530013734267,0.333533288176491,0.110979352472991,0.00258073666642138,missense|LC,7075811731,7,75811731,
B4GAT1,ENSG00000174684,0.197548460155365,0.849160102516607,0.115314143290506,0.000192658411302635,missense|LC,11066340707,11,66340707,
YEATS4,ENSG00000127337,0.197554453220227,0.110967010570651,0.280027634568257,-0.00424378433103648,missense|LC,12069359861,12,69359861,
EEF2K,ENSG00000103319,0.197653471599619,0.111595263489924,0.886243545966767,-0.000552281887208133,missense|LC,16022225594,16,22225594,
DDX54,ENSG00000123064,0.197710147690485,0.111623493694295,0.558562741470418,0.000498317207098426,missense|LC,12113152741,12,113152741,
FNDC3A,ENSG00000102531,0.197740987483888,0.805984723063595,0.110076234727554,-0.000135563416783385,missense|LC,13049006179,13,49006179,
AP2B1,ENSG00000006125,0.197755586115273,0.76889898867281,0.10906636638809,0.000291232324955761,missense|LC,17035593987,17,35593987,
VAPA,ENSG00000101558,0.197785085344416,0.158721289294588,0.119364180892208,0.0011570498488048,missense|LC,18009914181,18,9914181,
CCS,ENSG00000173992,0.197893572763675,0.394799269246562,0.119054268894302,-0.00057208464061578,missense|LC,11066590416,11,66590416,
PDE2A,ENSG00000186642,0.197927392759708,0.120716071876369,0.190525469415809,0.000927535503371706,missense|LC,11072577336,11,72577336,
EFR3B,ENSG00000084710,0.197976126355363,0.371658537155153,0.112620533464216,-0.000516838905993389,missense|LC,2025042198,2,25042198,
SEPTIN2,ENSG00000168385,0.198001986201877,0.560386306551008,0.129444206904347,-0.000328751267243056,missense|LC,2241316415,2,241316415,
KRTAP2-1,ENSG00000212725,0.19813316884564,0.134046811871537,0.299952459535794,0.00126804927006362,missense|LC,17041046662,17,41046662,
DDTL,ENSG00000099974,0.198164180856562,0.222051255167596,0.149095154462934,-0.00115151268991029,missense|LC,22023969109,22,23969109,
CXADR,ENSG00000154639,0.198176079367636,0.120818201440873,0.213489100121599,0.00128374317454458,missense|LC,21017513028,21,17513028,
NOA1,ENSG00000084092,0.198254059274349,0.254689518726745,0.115843711364214,0.000399556441964762,missense|LC,4056963412,4,56963412,
TRGC2,ENSG00000227191,0.198255861818695,0.247854524142154,0.114073610585204,-0.00140473461178645,missense|LC,7038240007,7,38240007,
RSPH6A,ENSG00000104941,0.198394257907268,0.10984625977781,0.426384225568654,0.000642823920547641,missense|LC,19045790804,19,45790804,
NPIPB15,ENSG00000196436,0.198397185095904,0.120125951821202,0.535734109096676,-0.000676404477886468,missense|LC,16074377894,16,74377894,
LILRA4,ENSG00000239961,0.198412601325691,0.114101193544875,0.548659992382248,-0.000417251799701922,missense|LC,19054331912,19,54331912,
CLYBL,ENSG00000125246,0.198489800598764,0.401050511065629,0.113917972268723,0.00048966901281446,missense|LC,13099606534,13,99606534,
HDAC9,ENSG00000048052,0.198506207557915,0.680809561054194,0.112644387013732,0.000213964235599194,missense|LC,7018495665,7,18495665,
GEMIN4,ENSG00000179409,0.19854532954458,0.151932288652593,0.12661247945144,0.000344052658498723,missense|LC,17000740459,17,740459,
AL162231.3,ENSG00000258728,0.198687875018045,0.125108056027224,0.484542273507157,0.00093931064318037,missense|LC,9034646608,9,34646608,
MRPS6,ENSG00000243927,0.198733606795569,0.753672972778075,0.112483487601977,-0.000354345150282575,missense|LC,21034073625,21,34073625,
DAGLB,ENSG00000164535,0.198767655288027,0.124025248718825,0.170880158367322,0.000457545465406559,missense|LC,7006409737,7,6409737,
SMAGP,ENSG00000170545,0.19885303422271,0.115948768611125,0.690088532233969,-0.00258142389247046,missense|LC,12051240297,12,51240297,
CREB3L1,ENSG00000157613,0.198896444974184,0.116944926046847,0.724149572868221,-0.000608716060085155,missense|LC,11046278082,11,46278082,
SON,ENSG00000159140,0.198928791819264,0.128207807398969,0.168654150950066,-0.00037482244786189,missense|LC,21033539095,21,33539095,
POMP,ENSG00000132963,0.198930554383748,0.615071091845899,0.140308342848917,-0.000540663427157347,missense|LC,13028659041,13,28659041,
USP15,ENSG00000135655,0.198940352340204,0.597782998837678,0.10829970382712,0.000571960461602428,missense|LC,12062260330,12,62260330,
MED25,ENSG00000104973,0.199190239399877,0.108527912822573,0.343867024524715,-0.00115694899413145,missense|LC,19049818069,19,49818069,
AC018362.3,ENSG00000285942,0.199268819661014,0.721146318036525,0.110956830371731,0.000615316021053758,missense|LC,15042511809,15,42511809,
POU3F4,ENSG00000196767,0.199333442078276,0.111791502029345,0.28744119287029,0.00203484380817335,missense|LC,23083508212,X,83508212,
SIK1B,ENSG00000275993,0.199334970920831,0.608064282710666,0.115947330167264,-0.00132420227701359,missense|LC,21006118463,21,6118463,
IL13,ENSG00000169194,0.199420920587217,0.129811783879729,0.140872859227159,0.00186772486677525,missense|LC,5132658159,5,132658159,
SLITRK4,ENSG00000179542,0.199435632008042,0.288093303476811,0.1109183396496,0.000789346906034083,missense|LC,23143628554,X,143628554,
TM9SF4,ENSG00000101337,0.199444437650105,0.134133306614429,0.481482743154946,0.000695549563598282,missense|LC,20032109634,20,32109634,
FANCB,ENSG00000181544,0.199607308431029,0.120763529019552,0.191934005222742,0.000671800781385037,missense|LC,23014843553,X,14843553,
TRMT1L,ENSG00000121486,0.199641636391672,0.527011835062337,0.123493546522775,0.000273332662411138,missense|LC,1185119908,1,185119908,
C2orf83,ENSG00000042304,0.199690310882546,0.784878168375322,0.118123335831249,-0.000395504692126282,missense|LC,2227611397,2,227611397,
PGAP3,ENSG00000161395,0.199697215806449,0.124984803423229,0.558824715012284,-0.000676019396728731,missense|LC,17039666124,17,39666124,
HNRNPL,ENSG00000104824,0.199754377869705,0.748053726498084,0.113607796231165,-0.000292039992466589,missense|LC,19038831391,19,38831391,
MSL1,ENSG00000188895,0.199791247912429,0.119866441919643,0.503106991252339,0.00132489311941504,missense|LC,17040122761,17,40122761,
ECRG4,ENSG00000119147,0.19979549459722,0.118597782461115,0.759620342230737,-0.00164550347777444,missense|LC,2106065694,2,106065694,
DOLK,ENSG00000175283,0.199874888675069,0.36691703034749,0.119336421774499,0.000396589361482721,missense|LC,9128940536,9,128940536,
RXRB,ENSG00000204231,0.199884111249035,0.256167742606294,0.112829663027841,-0.000880174708110857,missense|LC,6033188593,6,33188593,
FAM122B,ENSG00000156504,0.199960596884616,0.499226995049654,0.132143112188856,0.000495570292224225,missense|LC,23134772084,X,134772084,
EYA2,ENSG00000064655,0.200104795532335,0.130473443825197,0.16078110248433,0.00665782482123641,missense|LC,20046990008,20,46990008,
RESF1,ENSG00000174718,0.200124703183042,0.128120460137077,0.166756033283106,0.000415745825762355,missense|LC,12031955298,12,31955298,
HP,ENSG00000257017,0.200179983553523,0.120060963092077,0.215401477145402,-0.0007450451815377,missense|LC,16072054489,16,72054489,
GCLC,ENSG00000001084,0.200232755343965,0.126484673272092,0.29073914638834,-0.000985425790861818,missense|LC,6053498737,6,53498737,
DCAF17,ENSG00000115827,0.200324682273773,0.114014694143246,0.392962921299574,-0.000766586010490792,missense|LC,2171434432,2,171434432,
SLC15A2,ENSG00000163406,0.200340996428976,0.50469202492307,0.111395062383838,-0.000449043054057977,missense|LC,3121894423,3,121894423,
OR2F2,ENSG00000221910,0.200440827312248,0.113529941267017,0.264222948283286,-0.00149986603172291,missense|LC,7143935186,7,143935186,
SELL,ENSG00000188404,0.200507223330266,0.873712198874253,0.119754692735311,-0.0000903521998613196,missense|LC,1169691728,1,169691728,
GPS2,ENSG00000132522,0.200554103311091,0.113964845583029,0.215059053673372,-0.00187406917669148,missense|LC,17007307646,17,7307646,
RPL15,ENSG00000174748,0.200679567549123,0.493174807070849,0.111860616322628,0.00131729611327477,missense|LC,3023917766,3,23917766,
HERC3,ENSG00000138641,0.200705258383096,0.354408002136844,0.124932625216053,0.000442969984197309,missense|LC,4088605767,4,88605767,
AC098582.1,ENSG00000287542,0.200705258383096,0.354408002136844,0.124932625216053,0.000442969984197309,missense|LC,4088521508,4,88521508,
CNOT1,ENSG00000125107,0.200781855839173,0.109859232105701,0.312068828122159,-0.000854980079505304,missense|LC,16058515431,16,58515431,
MT1H,ENSG00000205358,0.200855461170665,0.125684671450802,0.186374841081838,-0.00146922690921796,missense|LC,16056666737,16,56666737,
ABHD4,ENSG00000100439,0.200890278241655,0.11181499794393,0.4215891244978,0.0011959935482551,missense|LC,14022598193,14,22598193,
KCNIP4,ENSG00000185774,0.200907221804897,0.405545428909315,0.113341960581506,0.00128451964514876,missense|LC,4020724773,4,20724773,
FAM72A,ENSG00000196550,0.201016610487177,0.246628050318275,0.112613265666676,0.00434949808609427,missense|LC,1206187182,1,206187182,
P2RY6,ENSG00000171631,0.201095021868185,0.113006513651892,0.786969250475806,0.000936362039462973,missense|LC,11073272269,11,73272269,
COX6C,ENSG00000164919,0.201198118781883,0.35896136432547,0.14810918672594,0.000708098962032007,missense|LC,8099887459,8,99887459,
JMJD1C,ENSG00000171988,0.201255406390574,0.149201721128747,0.129077225274499,0.000304759951235889,missense|LC,10063168032,10,63168032,
HSPA13,ENSG00000155304,0.201318588529414,0.131568161172571,0.139132879226338,0.00103414200664604,missense|LC,21014373564,21,14373564,
CD5,ENSG00000110448,0.201319262456946,0.578347408935808,0.115925644798852,0.000227199646670606,missense|LC,11061102506,11,61102506,
ST3GAL4,ENSG00000110080,0.201369210541236,0.117092324794342,0.233753131574963,0.00108482681235325,missense|LC,11126405989,11,126405989,
OSBP,ENSG00000110048,0.201391398450176,0.112900861788342,0.604604650106235,0.000940097081981185,missense|LC,11059576486,11,59576486,
WASF2,ENSG00000158195,0.201411164507582,0.2521585875674,0.122033794521909,-0.00059663930538145,missense|LC,1027408095,1,27408095,
RPL21,ENSG00000122026,0.201492882880857,0.919259734387222,0.115294378841227,0.000209395911127465,missense|LC,13027253748,13,27253748,
ZNF408,ENSG00000175213,0.201608497756751,0.542000583256507,0.112738969181286,-0.000272172970285319,missense|LC,11046696040,11,46696040,
ABCC8,ENSG00000006071,0.201702927747296,0.114004768379444,0.256251536126405,-0.000556933613361195,missense|LC,11017387500,11,17387500,
NFYB,ENSG00000120837,0.201779614507987,0.116921905938978,0.243581194002833,-0.00413227922159101,missense|LC,12104119692,12,104119692,
SUPT7L,ENSG00000119760,0.201819155182995,0.121117109337284,0.51083331527174,0.00082506222375184,missense|LC,2027647821,2,27647821,
JAML,ENSG00000160593,0.201971028878005,0.300838741201506,0.126854655963549,-0.000485585246633001,missense|LC,11118194268,11,118194268,
SLC35B1,ENSG00000121073,0.201989347017709,0.379215380731931,0.12756128322522,0.000369680924275486,missense|LC,17049701415,17,49701415,
VWF,ENSG00000110799,0.202034428035837,0.118136486200772,0.668070556617937,0.000502844837731534,missense|LC,12005945088,12,5945088,
APIP,ENSG00000149089,0.202081737986108,0.244076828139386,0.1133280132077,-0.00126883921999754,missense|LC,11034882682,11,34882682,
REG3G,ENSG00000143954,0.2020963233219,0.118751114359366,0.85540809703685,0.00114327233913831,missense|LC,2079026028,2,79026028,
WIPI1,ENSG00000070540,0.202129019504412,0.937285413784258,0.112621792638032,0.000050887234206195,missense|LC,17068420097,17,68420097,
CDC25B,ENSG00000101224,0.202211699253194,0.168212508724599,0.124613505561162,-0.000859047463689133,missense|LC,20003795835,20,3795835,
IGHV4-59,ENSG00000224373,0.20227358322171,0.506362778359114,0.13340215805944,0.000440137165347261,missense|LC,14106627178,14,106627178,
SPTY2D1,ENSG00000179119,0.202296400100775,0.592249154400908,0.120905405111342,-0.000211533672008683,missense|LC,11018609802,11,18609802,
OR6B3,ENSG00000178586,0.202334034934295,0.117181348866174,0.483548841348698,0.000747333650762172,missense|LC,2240041732,2,240041732,
PCDHB8,ENSG00000120322,0.202344399903987,0.122793075503716,0.299028110506006,0.000409731260193105,missense|LC,5141172793,5,141172793,
AKR1A1,ENSG00000117448,0.202400388954652,0.220501996463904,0.116619585338919,0.000812879220404905,missense|LC,1045561719,1,45561719,
PCDHA8,ENSG00000204962,0.202420671115332,0.119129597965953,0.39937498611002,0.000376769252175494,missense|LC,5140836191,5,140836191,
MRPL43,ENSG00000055950,0.202449228223003,0.786778450675533,0.111793914491128,0.000369119088086758,missense|LC,10100977586,10,100977586,
HS3ST3B1,ENSG00000125430,0.202510309662953,0.117447987176986,0.376675927462098,0.000899066875644199,missense|LC,17014301426,17,14301426,
SHC2,ENSG00000129946,0.202546336223579,0.656135129029827,0.109917476523473,-0.000196838794334145,missense|LC,19000418816,19,418816,
GPR37,ENSG00000170775,0.202601927994158,0.158354418702004,0.127298208883989,-0.000544184819218442,missense|LC,7124746472,7,124746472,
TPO,ENSG00000115705,0.202611221697977,0.112603318013018,0.420176834326779,0.000555626433594309,missense|LC,2001413589,2,1413589,
BIRC2,ENSG00000110330,0.202618680547444,0.869650927434338,0.11811513679009,0.0000981769165498896,missense|LC,11102349770,11,102349770,
PFKP,ENSG00000067057,0.202706495784675,0.348756772969164,0.11879576551332,-0.000354353381833435,missense|LC,10003067576,10,3067576,
PPP2R3C,ENSG00000092020,0.202800774584721,0.457970524492441,0.116463775656803,0.00053007526290896,missense|LC,14035080884,14,35080884,
GRINA,ENSG00000178719,0.202843081956608,0.37919167141566,0.119475075376944,-0.000710559392746319,missense|LC,8143985058,8,143985058,
CCNG2,ENSG00000138764,0.202856015459408,0.983333726617267,0.113263493203839,0.00000471015457490602,missense|LC,4077158455,4,77158455,
TXNL1,ENSG00000091164,0.203119094144572,0.321623014717461,0.131445989018525,0.00104125313580174,missense|LC,18056602958,18,56602958,
PRPS1,ENSG00000147224,0.203287123470184,0.115095692377907,0.673188385081753,0.00532965371931285,missense|LC,23107628491,X,107628491,
MAP3K7,ENSG00000135341,0.203323189856028,0.2886465284998,0.117469006986432,-0.000756673537231012,missense|LC,6090516419,6,90516419,
CPB2,ENSG00000080618,0.203437971816873,0.429502467506895,0.115192043303419,0.000851636553008622,missense|LC,13046053471,13,46053471,
STEAP4,ENSG00000127954,0.20346656441602,0.469475698053948,0.136671448537729,0.000334548821029516,missense|LC,7088279323,7,88279323,
SPAST,ENSG00000021574,0.203486009834635,0.368349884972856,0.11762730530854,0.000509046741002622,missense|LC,2032063708,2,32063708,
HHIPL1,ENSG00000182218,0.203539542628996,0.134450225828181,0.162155954580668,0.000737551324721513,missense|LC,14099645111,14,99645111,
VMA21,ENSG00000160131,0.203602808853547,0.283672673853057,0.137820173928837,-0.00164015045763487,missense|LC,23151397219,X,151397219,
RGL3,ENSG00000205517,0.203670291011994,0.213034981786363,0.119001050943716,0.000454391569927072,missense|LC,19011394356,19,11394356,
MDH1,ENSG00000014641,0.203783775395369,0.111474094869875,0.891359056098199,-0.00212294717527481,missense|LC,2063588099,2,63588099,
GRB7,ENSG00000141738,0.203878298211807,0.237760945080704,0.118623163241725,0.000431547473720876,missense|LC,17039738832,17,39738832,
ADIG,ENSG00000182035,0.203915543191613,0.136126401792181,0.153684479422519,-0.00249070041242894,missense|LC,20038581141,20,38581141,
PIK3CG,ENSG00000105851,0.203916478611969,0.819176644960736,0.111570145259258,-0.000114863063077643,missense|LC,7106867475,7,106867475,
GPX5,ENSG00000224586,0.20396050318183,0.825250638307637,0.135361193643066,0.000130690064753879,missense|LC,6028525974,6,28525974,
ELP4,ENSG00000109911,0.203976684958105,0.12620837217807,0.268190108475704,0.000661480021401256,missense|LC,11031509698,11,31509698,
MACO1,ENSG00000204178,0.204000728376358,0.112188452814879,0.406812583083234,-0.00183084512934822,missense|LC,1025431026,1,25431026,
CEP68,ENSG00000011523,0.204051698842099,0.43789078638651,0.129704781761682,-0.000215325569892503,missense|LC,2065069390,2,65069390,
FSBP,ENSG00000265817,0.204058672832757,0.113312814284819,0.82245768492682,-0.00151615975437767,missense|LC,8094427642,8,94427642,
CFAP410,ENSG00000160226,0.204084850775634,0.897385416007288,0.113903273655055,0.0000517714702376233,missense|LC,21044324894,21,44324894,
OR52E6,ENSG00000205409,0.204117155378409,0.118506982118189,0.504756907581008,0.000806271116653204,missense|LC,11005840913,11,5840913,
CALCOCO1,ENSG00000012822,0.204173202804419,0.781799293748836,0.11702424144152,0.000144813215164302,missense|LC,12053711868,12,53711868,
TBC1D26,ENSG00000214946,0.204200084711235,0.137302022689767,0.351391362952175,0.000904849104214655,missense|LC,17015735300,17,15735300,
ALDH16A1,ENSG00000161618,0.204245935437979,0.59667984792377,0.120651232614071,-0.000120795369334067,missense|LC,19049449406,19,49449406,
SLC35B4,ENSG00000205060,0.204335529865465,0.116999626370352,0.528514364636176,-0.00131838367869801,missense|LC,7134294718,7,134294718,
DUSP26,ENSG00000133878,0.20436373060095,0.216823090291184,0.132432371089551,0.000651455376826159,missense|LC,8033591917,8,33591917,
TMEM59L,ENSG00000105696,0.204408273169213,0.134597642982058,0.144116063046561,-0.000672510316697172,missense|LC,19018606434,19,18606434,
G6PC3,ENSG00000141349,0.204423439392732,0.134664631781738,0.15146198359798,0.00113592807800042,missense|LC,17044066339,17,44066339,
FOXN3,ENSG00000053254,0.204438696022384,0.128593229325031,0.147040545997568,0.000955846839743398,missense|LC,14089162348,14,89162348,
SDR9C7,ENSG00000170426,0.204483665736482,0.868387098411105,0.114365193024321,-0.000105824441473598,missense|LC,12056923773,12,56923773,
CYP27A1,ENSG00000135929,0.20450653700421,0.938986102110156,0.116401373712269,0.0000355456861498784,missense|LC,2218782071,2,218782071,
CHCHD3,ENSG00000106554,0.204614650145625,0.814207605594299,0.1156517865433,-0.000376231862867272,missense|LC,7132785563,7,132785563,
WNT10A,ENSG00000135925,0.204623050221589,0.123534766468203,0.1810013349379,0.000726017672443288,missense|LC,2218880873,2,218880873,
HNRNPA1,ENSG00000135486,0.204686610847814,0.90826792515476,0.113385491022735,0.000162796723630756,missense|LC,12054280716,12,54280716,
CLDN4,ENSG00000189143,0.204693948383457,0.162597807507302,0.126598406816393,0.00154337711882304,missense|LC,7073831091,7,73831091,
TSSK4,ENSG00000139908,0.20470423401604,0.123082695751663,0.388718686316285,-0.000688332724838083,missense|LC,14024205872,14,24205872,
CALB1,ENSG00000104327,0.20475230192957,0.177393229317243,0.132563496232952,0.00157584172391673,missense|LC,8090060159,8,90060159,
TNS3,ENSG00000136205,0.204773351531897,0.957098912040814,0.11640745037751,0.0000119254024001945,missense|LC,7047277985,7,47277985,
ASXL2,ENSG00000143970,0.204924726554372,0.890506254653954,0.116426059846147,0.0000341465601183696,missense|LC,2025741959,2,25741959,
TEX2,ENSG00000136478,0.204967413538362,0.156593074709032,0.126702306353668,0.000532223549240305,missense|LC,17064148856,17,64148856,
TNFRSF10D,ENSG00000173530,0.205119652165995,0.5393808652019,0.119196976000406,0.000221298746323308,missense|LC,8023137754,8,23137754,
PRAMEF2,ENSG00000120952,0.205133882180668,0.900201008613606,0.122495210265048,0.0000193429054739839,missense|LC,1012858889,1,12858889,
USP48,ENSG00000090686,0.205168791908418,0.116647880095293,0.353355221548857,-0.000837352036549404,missense|LC,1021679317,1,21679317,
KRIT1,ENSG00000001631,0.20517315850678,0.117942786811653,0.440150240193557,0.000928397947170325,missense|LC,7092200714,7,92200714,
ZNF527,ENSG00000189164,0.20521971243993,0.112519626479801,0.514832345567082,-0.00126760311674233,missense|LC,19037374125,19,37374125,
NBPF14,ENSG00000270629,0.205222336576653,0.123160372298025,0.316375788932973,-0.000718218678548542,missense|LC,1148532828,1,148532828,
RYR2,ENSG00000198626,0.205233309634448,0.861191315203129,0.111039030473363,-0.0000459372277154619,missense|LC,1237042409,1,237042409,
GPR1,ENSG00000183671,0.205282723611877,0.467792342248796,0.1325700641802,0.000301875834568245,missense|LC,2206176141,2,206176141,
GET4,ENSG00000239857,0.205287692873124,0.8772765007866,0.114198575684472,-0.000110947307372877,missense|LC,7000872409,7,872409,
SERF2,ENSG00000140264,0.205380015540026,0.14507227467191,0.231384393701978,-0.00102620393663931,missense|LC,15043792330,15,43792330,
SLC25A10,ENSG00000183048,0.205448831188463,0.430010538669591,0.118691703524127,0.0002894334365505,missense|LC,17081707237,17,81707237,
UBA52,ENSG00000221983,0.205457866850263,0.344508869439189,0.119406017780609,-0.00286544816497803,missense|LC,19018567058,19,18567058,
MPC1,ENSG00000060762,0.205468689958761,0.17144673236462,0.12429182306033,-0.00344560650621252,missense|LC,6166365356,6,166365356,
OR2C1,ENSG00000168158,0.205497699592643,0.125594228684104,0.318021344352924,0.000749081846948578,missense|LC,16003355895,16,3355895,
CYP4V2,ENSG00000145476,0.205566657299133,0.147328115957287,0.12959696180694,0.000609138943376826,missense|LC,4186191719,4,186191719,
LRRC34,ENSG00000171757,0.205584586465668,0.392588172054297,0.115054951606133,-0.000652400504182307,missense|LC,3169793600,3,169793600,
ARHGEF4,ENSG00000136002,0.205627614257049,0.156976108111351,0.134834237139925,0.00104004040614658,missense|LC,2130916638,2,130916638,
IGHV4-61,ENSG00000211970,0.205632793559644,0.353519682763422,0.16928244598901,-0.000806253716827768,missense|LC,14106639310,14,106639310,
PCF11,ENSG00000165494,0.205656034152698,0.119483045202896,0.270729064710257,0.000494671057155383,missense|LC,11083157381,11,83157381,
TCTEX1D2,ENSG00000213123,0.205668575513104,0.13679245669862,0.334784642127308,-0.000970233087924087,missense|LC,3196291265,3,196291265,
FOXF2,ENSG00000137273,0.205688529274493,0.132396032129074,0.148831463364056,0.000626688475763884,missense|LC,6001389910,6,1389910,
RTKN,ENSG00000114993,0.205696839161767,0.330356149795183,0.121705413744835,-0.000373320346163502,missense|LC,2074422066,2,74422066,
SP8,ENSG00000164651,0.205696938430022,0.829963047241721,0.117280241027826,-0.0000949228926897164,missense|LC,7020784287,7,20784287,
ACSS1,ENSG00000154930,0.205806579725737,0.114038053993173,0.336758672372796,0.000784890460207512,missense|LC,20025006735,20,25006735,
CYB5A,ENSG00000166347,0.205836712742783,0.325950839371384,0.116058400036447,0.00197974086390916,missense|LC,18074253552,18,74253552,
MAP1LC3B,ENSG00000140941,0.205841481827402,0.124254025123882,0.680049182370658,-0.0018365392959479,missense|LC,16087383318,16,87383318,
LYZ,ENSG00000090382,0.20584948870825,0.747511360138666,0.117244596711127,0.000763753125056061,missense|LC,12069348316,12,69348316,
SPN,ENSG00000197471,0.205913218740746,0.609671897600302,0.125812454099646,0.000260957720132992,missense|LC,16029663602,16,29663602,
TMEM116,ENSG00000198270,0.205955722761447,0.792611259517277,0.11770669329078,0.000207974754981128,missense|LC,12111931554,12,111931554,
MCM5,ENSG00000100297,0.20597950052889,0.713825311563973,0.120590719725452,0.00013745849624183,missense|LC,22035400344,22,35400344,
MAVS,ENSG00000088888,0.20602438332343,0.461206249682357,0.115734517010785,-0.000403926596134612,missense|LC,20003854584,20,3854584,
BEX4,ENSG00000102409,0.206038479260653,0.278160258690859,0.118697610538423,0.00116920312016852,missense|LC,23103215004,X,103215004,
INTS10,ENSG00000104613,0.206047942033395,0.545539946993418,0.122126016503499,-0.000286190128529756,missense|LC,8019817406,8,19817406,
SIRPA,ENSG00000198053,0.206099687674625,0.213575335865244,0.119655564355135,0.000604464620598001,missense|LC,20001895407,20,1895407,
NLGN2,ENSG00000169992,0.206102825525247,0.966980440143016,0.123873032229959,0.000012297373122872,missense|LC,17007402942,17,7402942,
PHF10,ENSG00000130024,0.206145696389956,0.211397379330202,0.121250581644064,-0.000688665112081723,missense|LC,6169702437,6,169702437,
FLG,ENSG00000143631,0.206203419650948,0.113408852868932,0.679662295757034,0.000102487580214281,missense|LC,1152302582,1,152302582,
UBN1,ENSG00000118900,0.206258016135972,0.149356568124063,0.141005837026984,-0.000579819724552366,missense|LC,16004843396,16,4843396,
CFD,ENSG00000197766,0.206272640593098,0.112558529959181,0.679648356979613,-0.00127574899473107,missense|LC,19000855475,19,855475,
WWC2,ENSG00000151718,0.206304243160504,0.613784385231346,0.118605214314853,-0.000158681658753276,missense|LC,4183099363,4,183099363,
CSTF3,ENSG00000176102,0.206371983518635,0.114802751391077,0.332842902376375,-0.00237507601798927,missense|LC,11033085008,11,33085008,
KCTD13,ENSG00000174943,0.206409462418147,0.115288083555342,0.341975910129119,0.00161901089157806,missense|LC,16029901341,16,29901341,
TGIF1,ENSG00000177426,0.206409774034701,0.118548289392604,0.256175332672928,0.00180705674800143,missense|LC,18003447649,18,3447649,
DEFB4B,ENSG00000177257,0.206450684012954,0.13108216727943,0.461816622120499,-0.00598424643593285,missense|LC,8007414785,8,7414785,
OR2M3,ENSG00000228198,0.206485274646693,0.126957420987679,0.242249186783452,-0.000499660012198576,missense|LC,1248202980,1,248202980,
ZNF112,ENSG00000062370,0.206487421187746,0.344871101580423,0.117844510457802,0.000551278624427304,missense|LC,19044327368,19,44327368,
STH,ENSG00000256762,0.206513286264783,0.117030801601423,0.268018089039164,-0.00332835181203919,missense|LC,17045996310,17,45996310,
AC040162.1,ENSG00000261884,0.206605399290435,0.256959866775646,0.121089270607755,0.00207043008105998,missense|LC,16067927242,16,67927242,
ADM5,ENSG00000224420,0.206637126243495,0.214248574783314,0.117613016828594,-0.00220001059256954,missense|LC,19049683835,19,49683835,
PAOX,ENSG00000148832,0.206658520092137,0.15757255231719,0.135782135893968,0.00053104575826254,missense|LC,10133379234,10,133379234,
TIMP1,ENSG00000102265,0.206754699771163,0.147362120197748,0.134915827689153,0.000633808054335699,missense|LC,23047577457,X,47577457,
SMLR1,ENSG00000256162,0.206784294002101,0.34798838805171,0.157631796241813,-0.000638478328020486,missense|LC,6130827364,6,130827364,
ARHGAP42,ENSG00000165895,0.206796657592572,0.112291892488492,0.522359306697999,0.00129849924315858,missense|LC,11100687579,11,100687579,
MAPK13,ENSG00000156711,0.206815360358476,0.123282428491487,0.62333962279322,-0.000904564638007584,missense|LC,6036130565,6,36130565,
TMEM204,ENSG00000131634,0.206835360028599,0.222083712065762,0.116611530493766,0.00129945976870983,missense|LC,16001534156,16,1534156,
PCDH15,ENSG00000150275,0.206847492596846,0.271622677898801,0.115150258880041,-0.000327099693673362,missense|LC,10053821108,10,53821108,
SMOX,ENSG00000088826,0.206868376742031,0.978957194371715,0.117157760988466,0.0000072971438702089,missense|LC,20004174956,20,4174956,
ABCG5,ENSG00000138075,0.206876337561185,0.642960692728048,0.122187994715133,-0.000141304900246557,missense|LC,2043809660,2,43809660,
ADGRG5,ENSG00000159618,0.206877975246191,0.12446692156797,0.342384976994148,0.000583427481233888,missense|LC,16057562027,16,57562027,
PSME4,ENSG00000068878,0.20689855840431,0.151255891530514,0.130117050174177,0.000541506081596177,missense|LC,2053859767,2,53859767,
LPAR4,ENSG00000147145,0.207008407538094,0.224207104143256,0.142868096114354,-0.000517851735892649,missense|LC,23078754818,X,78754818,
H4C4,ENSG00000277157,0.207036933144415,0.426468330907341,0.115488119375422,0.00106694353297039,missense|LC,6026183710,6,26183710,
FNDC4,ENSG00000115226,0.207041984975048,0.133458591491263,0.153248384360745,-0.00257568686750668,missense|LC,2027489564,2,27489564,
PAIP1,ENSG00000172239,0.207183676969665,0.122117209679015,0.177280868941327,-0.0012643284329654,missense|LC,5043527310,5,43527310,
HMX2,ENSG00000188816,0.207278210240351,0.121830237183995,0.400127150545968,0.00104389801138565,missense|LC,10123148294,10,123148294,
CRISPLD1,ENSG00000121005,0.207295933886827,0.121623405806458,0.218824501542353,-0.00371264841937379,missense|LC,8074985889,8,74985889,
APOOL,ENSG00000155008,0.207319120138047,0.581635119498386,0.116617871865875,0.000610383152595396,missense|LC,23085003832,X,85003832,
GDF1,ENSG00000130283,0.207340076767534,0.117121737095825,0.268079333198114,-0.00108728994487018,missense|LC,19018863546,19,18863546,
CERS1,ENSG00000223802,0.207340076767534,0.117121737095825,0.268079333198114,-0.00108728994487018,missense|LC,19018863552,19,18863552,
HHLA1,ENSG00000132297,0.207349886260707,0.121559189756054,0.479903341089069,-0.000841822854916141,missense|LC,8132063947,8,132063947,
APCDD1,ENSG00000154856,0.207383409248849,0.117377659997129,0.307903345732871,-0.00074354031928467,missense|LC,18010454524,18,10454524,
IL18RAP,ENSG00000115607,0.207464282864714,0.131825919567021,0.234553955534595,-0.000468419060963102,missense|LC,2102423214,2,102423214,
PGAM1,ENSG00000171314,0.207565092846867,0.141823767128194,0.149804377446842,-0.00130073978285635,missense|LC,10097426178,10,97426178,
MMP14,ENSG00000157227,0.207631504782024,0.748683520422658,0.115883287286518,-0.000185192648466261,missense|LC,14022833384,14,22833384,
KCNK18,ENSG00000186795,0.207656639116221,0.134793341609692,0.516798365562072,0.000666995971239202,missense|LC,10117197436,10,117197436,
UBE4A,ENSG00000110344,0.207666924979123,0.716318216367309,0.114376837384723,0.0002066326084454,missense|LC,11118364956,11,118364956,
MRPL12,ENSG00000262814,0.207680950856819,0.126432325188695,0.187819162275454,0.00158517378597357,missense|LC,17081700373,17,81700373,
CYP2D7,ENSG00000205702,0.207683709707154,0.436056794220963,0.128084466929384,-0.000192021846838688,missense|LC,22042140250,22,42140250,
TRIM72,ENSG00000177238,0.207693977786522,0.117079564077147,0.458120856814942,-0.000825110666004877,missense|LC,16031214619,16,31214619,
IL20RA,ENSG00000016402,0.207788949543038,0.120924618970014,0.731480639011702,0.000802938566406146,missense|LC,6137001488,6,137001488,
NEU1,ENSG00000204386,0.207791670210492,0.116594462299799,0.289442553079865,0.00138145038888277,missense|LC,6031859644,6,31859644,
PHF2,ENSG00000197724,0.207803788537667,0.121427016083385,0.205434676199279,-0.000563164368572995,missense|LC,9093576718,9,93576718,
SLC5A9,ENSG00000117834,0.207829749400862,0.145086253797584,0.162331338599634,-0.000284622513442771,missense|LC,1048222697,1,48222697,
GRAMD1C,ENSG00000178075,0.207838765664591,0.134744775738631,0.269847785937718,-0.000672991741193435,missense|LC,3113838830,3,113838830,
TSPAN3,ENSG00000140391,0.207849672634492,0.143767646232419,0.503388442625968,-0.000932581500618367,missense|LC,15077036925,15,77036925,
AKAP11,ENSG00000023516,0.207849876205743,0.683570764581273,0.116932600246887,0.0000768715288182532,missense|LC,13042286318,13,42286318,
AC048338.1,ENSG00000256861,0.207849975067745,0.117296776676009,0.279895008695732,0.00117458888411789,missense|LC,12122203220,12,122203220,
PAM,ENSG00000145730,0.208001939532934,0.120230903569637,0.195902649045973,-0.00107302706264556,missense|LC,5102866160,5,102866160,
C1QTNF7,ENSG00000163145,0.20803587207346,0.117436796816455,0.622512103372098,-0.00142442071361487,missense|LC,4015340101,4,15340101,
ZNF396,ENSG00000186496,0.208062448336515,0.877618143917899,0.12582822477398,0.000108027936755876,missense|LC,18035368323,18,35368323,
COX6A2,ENSG00000156885,0.208084984499545,0.137496584614888,0.372815931379942,0.00100565436279994,missense|LC,16031423070,16,31423070,
CCL1,ENSG00000108702,0.208090839811607,0.946303823773312,0.123231123432317,0.000118933895003964,missense|LC,17034356484,17,34356484,
GPR135,ENSG00000181619,0.208098726934411,0.116193199820408,0.69767202915062,-0.000918845535650611,missense|LC,14059463656,14,59463656,
ZNF737,ENSG00000237440,0.208229686977726,0.11641150156226,0.940681282574413,-0.000612903074990832,missense|LC,19020535995,19,20535995,
PIK3AP1,ENSG00000155629,0.208243505300379,0.966776367471837,0.120156713620612,0.0000155924069737806,missense|LC,10096595505,10,96595505,
LARP4B,ENSG00000107929,0.2082565027802,0.151063003565517,0.13386199280205,-0.000541449786064575,missense|LC,10000812835,10,812835,
GMFB,ENSG00000197045,0.208269493056787,0.409438250090063,0.115789404675167,-0.00227166651340269,missense|LC,14054478093,14,54478093,
SWT1,ENSG00000116668,0.20827173191245,0.123371492780608,0.341719970368885,-0.000786775490735831,missense|LC,1185156329,1,185156329,
KIAA0319,ENSG00000137261,0.20830624651297,0.120549716881623,0.688767250205691,-0.000488483476302381,missense|LC,6024547084,6,24547084,
NLRP9,ENSG00000185792,0.208316195558442,0.120785217681795,0.302250760958322,0.00044513787542652,missense|LC,19055708860,19,55708860,
LDOC1,ENSG00000182195,0.208397521008729,0.896900255337818,0.127187767382174,-0.000208807425677353,missense|LC,23141176478,X,141176478,
H2AC20,ENSG00000184260,0.208517029164695,0.624342675275304,0.118474571681145,-0.00112353023982563,missense|LC,1149886114,1,149886114,
TDRD3,ENSG00000083544,0.208536740222054,0.126133415455511,0.380385266291151,-0.000671240886679383,missense|LC,13060397324,13,60397324,
GLTP,ENSG00000139433,0.208543412792015,0.119777913060651,0.782639042048872,-0.0015154570066342,missense|LC,12109852521,12,109852521,
NOB1,ENSG00000141101,0.208544054731238,0.79298944555896,0.1288538295969,0.0000762438282443661,missense|LC,16069742218,16,69742218,
AP3M2,ENSG00000070718,0.208607897035538,0.297333116402616,0.120610694248254,0.000693077028978978,missense|LC,8042154553,8,42154553,
FCGBP,ENSG00000275395,0.208676605038499,0.96214976728781,0.113048499638084,0.00000627898005091444,missense|LC,19039863385,19,39863385,
PSMC2,ENSG00000161057,0.208786936039105,0.584135222562802,0.113679903167435,0.000953603057163288,missense|LC,7103341708,7,103341708,
RACGAP1,ENSG00000161800,0.208792345216134,0.119231312798307,0.558907248342385,0.00133303719727867,missense|LC,12049990212,12,49990212,
UBAC2,ENSG00000134882,0.208802562979028,0.3353073989606,0.120369246767712,0.000910596486832218,missense|LC,13099200822,13,99200822,
FNDC7,ENSG00000143107,0.20883922806627,0.119510938955088,0.307986430036358,-0.000625507559052728,missense|LC,1108712875,1,108712875,
EIF4EBP3,ENSG00000243056,0.208963871809781,0.139356579257231,0.253909960589505,-0.00183776403689733,missense|LC,5140547665,5,140547665,
RTL8B,ENSG00000212747,0.209023633475197,0.473720179068841,0.137557742697136,0.000601729912632268,missense|LC,23135021595,X,135021595,
SNUPN,ENSG00000169371,0.209076037541603,0.128013604624281,0.277394704882925,-0.000573326870668693,missense|LC,15075598297,15,75598297,
NUCB2,ENSG00000070081,0.20907802712551,0.452803225363571,0.118317537004285,0.000978024687386174,missense|LC,11017295253,11,17295253,
LCOR,ENSG00000196233,0.209247605401803,0.518319078720914,0.116491005836406,0.000223489979304452,missense|LC,10096832251,10,96832251,
IQCN,ENSG00000130518,0.209254328796668,0.392891169291416,0.116373095533354,0.000191738459723411,missense|LC,19018257097,19,18257097,
IRF8,ENSG00000140968,0.209255301052706,0.126647317061857,0.643230442159003,-0.00060248505074979,missense|LC,16085902928,16,85902928,
SPRR4,ENSG00000184148,0.209268537534287,0.229123754283354,0.126843022677639,-0.00140039729305158,missense|LC,1152971758,1,152971758,
SLC25A3,ENSG00000075415,0.209270003286586,0.116676368550977,0.45632287359711,-0.00198136394249491,missense|LC,12098590711,12,98590711,
TEKT3,ENSG00000125409,0.209271709876981,0.37925746935172,0.116675402026952,0.000508880726441199,missense|LC,17015303871,17,15303871,
PMS2,ENSG00000122512,0.209416027242997,0.654769746284683,0.123079129997992,0.000162076838923809,missense|LC,7005966851,7,5966851,
RACK1,ENSG00000204628,0.209449469073847,0.12193237777173,0.263594839793038,-0.00287461363784657,missense|LC,5181232581,5,181232581,
HYI,ENSG00000178922,0.209462203336902,0.124914992275345,0.535690486143532,-0.000823510712096317,missense|LC,1043446157,1,43446157,
AC000093.1,ENSG00000284874,0.209468555737237,0.216446160845007,0.117139539786555,-0.00145009733403153,missense|LC,22019714513,22,19714513,
CCNF,ENSG00000162063,0.209474848640186,0.351139787982759,0.116824286754102,-0.000501525323218525,missense|LC,16002424523,16,2424523,
MAGEA10,ENSG00000124260,0.209518084773646,0.209832811265061,0.138255034610911,-0.000574680221604342,missense|LC,23152134467,X,152134467,
SLF1,ENSG00000133302,0.209570237515163,0.27842015086767,0.114631464376289,0.000550078630005422,missense|LC,5094628766,5,94628766,
RIOX2,ENSG00000170854,0.209639846268718,0.126686392628206,0.223947034475753,0.000645551873131001,missense|LC,3097936837,3,97936837,
OR5B2,ENSG00000172365,0.209665502031519,0.139583640989579,0.147586206799841,0.000912248685321492,missense|LC,11058422308,11,58422308,
GABRA6,ENSG00000145863,0.209693238682279,0.12505975902465,0.742849364374958,0.000738133314637792,missense|LC,5161685947,5,161685947,
CLC,ENSG00000105205,0.209789114061311,0.142224529197461,0.420302383760432,0.000794682617848993,missense|LC,19039731304,19,39731304,
ARID3C,ENSG00000205143,0.209807763502838,0.848945281226078,0.116751506074135,0.000129228286884221,missense|LC,9034617568,9,34617568,
MDFIC,ENSG00000135272,0.209859086549388,0.783051412398395,0.135338588212977,-0.000252338748086998,missense|LC,7114922360,7,114922360,
OCSTAMP,ENSG00000149635,0.209859863524318,0.453143657508125,0.119656874514886,0.000324986092421018,missense|LC,20046541430,20,46541430,
IL23A,ENSG00000110944,0.209883017999686,0.122153740209336,0.240307112948985,-0.00312438344203991,missense|LC,12056338961,12,56338961,
KIAA0586,ENSG00000100578,0.209998321874405,0.408371732734165,0.119851485881732,0.000230073906061083,missense|LC,14058427509,14,58427509,
EPPIN-WFDC6,ENSG00000249139,0.210017108344026,0.145618160876431,0.160113901201903,-0.000811907744361326,missense|LC,20045534375,20,45534375,
AASDHPPT,ENSG00000149313,0.210115148999826,0.116871864915968,0.949374087697124,-0.00175613863597561,missense|LC,11106077589,11,106077589,
ACOT8,ENSG00000101473,0.210244578028208,0.721789594726707,0.131690217535402,-0.000121434798707245,missense|LC,20045840070,20,45840070,
ELL,ENSG00000105656,0.210418190767489,0.121654425243524,0.367508182863832,-0.000575218972151643,missense|LC,19018437668,19,18437668,
TRIM68,ENSG00000167333,0.210464452917469,0.164590885781689,0.128239625384562,0.000656562500957411,missense|LC,11004593945,11,4593945,
PPEF2,ENSG00000156194,0.210580856088269,0.306826960633801,0.121894756229817,-0.000317221855073718,missense|LC,4075860554,4,75860554,
GUCY2C,ENSG00000070019,0.210586681748595,0.565903826876692,0.120050753940554,0.000225943341113046,missense|LC,12014613065,12,14613065,
EXD2,ENSG00000081177,0.210697368963584,0.130362223001361,0.372138198328789,-0.000625846528757433,missense|LC,14069209408,14,69209408,
SLC16A9,ENSG00000165449,0.210700312516753,0.134497063438611,0.369619727039043,-0.000791326062194298,missense|LC,10059652691,10,59652691,
AGXT,ENSG00000172482,0.210719794722803,0.142334042156361,0.147045360796487,-0.000398504164908608,missense|LC,2240868744,2,240868744,
DPM3,ENSG00000179085,0.21071993185654,0.806317944162385,0.119920140441052,0.000500970237131559,missense|LC,1155135505,1,155135505,
C16orf89,ENSG00000153446,0.210762740699014,0.402597882769338,0.125593006641003,-0.000348746763409436,missense|LC,16005044128,16,5044128,
CIAO3,ENSG00000103245,0.210862052660218,0.510097869253025,0.124295731028954,-0.000272173401126444,missense|LC,16000724765,16,724765,
DXO,ENSG00000204348,0.210901354359634,0.290510516810886,0.126140907848565,-0.000474583529283067,missense|LC,6031965756,6,31965756,
STK32A,ENSG00000169302,0.210911004984624,0.264113282005321,0.121166692950566,-0.000960506802736836,missense|LC,5147239585,5,147239585,
AKAP13,ENSG00000170776,0.210913896270998,0.16205124071556,0.134563398022295,0.000292190010230578,missense|LC,15085415197,15,85415197,
MTHFD1,ENSG00000100714,0.21092850586115,0.23528623068824,0.123725834016534,0.00046004724920544,missense|LC,14064388191,14,64388191,
AC005041.1,ENSG00000159239,0.210957062974268,0.852035393622024,0.118677395074346,0.000116943541968767,missense|LC,2074414227,2,74414227,
WIPF3,ENSG00000122574,0.211039772667168,0.93763621942745,0.118885254297994,-0.0000298672338407038,missense|LC,7029834583,7,29834583,
KCTD18,ENSG00000155729,0.211040666251188,0.120102360623463,0.864984831914702,-0.00100018813592323,missense|LC,2200490008,2,200490008,
TRIO,ENSG00000038382,0.211114698530116,0.907516554312124,0.116123802337654,0.0000306899701891262,missense|LC,5014143665,5,14143665,
RSPH9,ENSG00000172426,0.211159853005469,0.577012940257215,0.119095034674872,0.00053280251919863,missense|LC,6043640048,6,43640048,
NCEH1,ENSG00000144959,0.211181862408986,0.131024086183665,0.558448194572902,0.000913897526062312,missense|LC,3172633408,3,172633408,
C1orf167,ENSG00000215910,0.211187566412859,0.117055921304091,0.305152929776934,0.000521835263033962,missense|LC,1011764326,1,11764326,
F2RL2,ENSG00000164220,0.211244442520724,0.133316122921842,0.533187424963342,0.000653686842205866,missense|LC,5076610958,5,76610958,
LCE5A,ENSG00000186207,0.211336260471114,0.12895502724193,0.521049137213787,-0.00134788632198099,missense|LC,1152511483,1,152511483,
HLA-DPA1,ENSG00000231389,0.211381918105189,0.131502871108578,0.35203757347897,-0.000514881199278235,missense|LC,6033068580,6,33068580,
CERCAM,ENSG00000167123,0.211481491628703,0.393792052909649,0.118603882351209,0.000286903680758422,missense|LC,9128420836,9,128420836,
TNFRSF1B,ENSG00000028137,0.21150175344664,0.118147245647133,0.520353472016962,-0.00120528596905595,missense|LC,1012167017,1,12167017,
SRSF4,ENSG00000116350,0.21150900336378,0.32794561840389,0.126111990011181,0.00051933626151091,missense|LC,1029148312,1,29148312,
ACTN3,ENSG00000248746,0.21162520577132,0.123164921889473,0.359172848417467,-0.000485601519791924,missense|LC,11066543590,11,66543590,
KIF24,ENSG00000186638,0.211644440060071,0.912047134411321,0.115248470900661,0.0000405041663774968,missense|LC,9034249700,9,34249700,
KASH5,ENSG00000161609,0.211692569875666,0.123632935339067,0.527762779688404,-0.000540940258004151,missense|LC,19049390781,19,49390781,
ANKRD33B,ENSG00000164236,0.211743521300442,0.120083950567322,0.269429152424799,0.00101790411208914,missense|LC,5010564368,5,10564368,
KRT6B,ENSG00000185479,0.211746822995407,0.237349346226987,0.121016684262838,0.00044591812983878,missense|LC,12052447078,12,52447078,
TREX2,ENSG00000183479,0.211756667934316,0.29307743076938,0.126507127659782,0.000283467622566317,missense|LC,23153444643,X,153444643,
ETNK2,ENSG00000143845,0.211795172030856,0.62862511856463,0.124080777573852,0.000291317614378556,missense|LC,1204126063,1,204126063,
KRTAP20-3,ENSG00000206104,0.211881107746323,0.217120492111364,0.132186606290554,-0.00333210326205703,missense|LC,21030642817,21,30642817,
LCAT,ENSG00000213398,0.211934457135009,0.98008525853834,0.116027672222332,0.000015569281015095,missense|LC,16067934751,16,67934751,
ZFC3H1,ENSG00000133858,0.212030184329032,0.125719938632624,0.209896280722489,0.000505933904037928,missense|LC,12071610325,12,71610325,
NMT1,ENSG00000136448,0.212039979354415,0.28428527358762,0.117604187339229,0.00119451031024641,missense|LC,17045060943,17,45060943,
ANKRD35,ENSG00000198483,0.212087197573767,0.680761469159169,0.119642999891457,-0.000123830318522661,missense|LC,1145867255,1,145867255,
NDRG3,ENSG00000101079,0.212100378796572,0.958543385188915,0.11769388031062,-0.0000588356860263645,missense|LC,20036653451,20,36653451,
RND1,ENSG00000172602,0.212103505778603,0.124212418231172,0.347559386412616,0.00153984148147365,missense|LC,12048857889,12,48857889,
RBMXL1,ENSG00000213516,0.212130845524362,0.128808365761229,0.733898581596133,0.00045176783072566,missense|LC,1088981886,1,88981886,
NTNG1,ENSG00000162631,0.212324693896756,0.1186648970355,0.285496331786065,-0.00173057391571033,missense|LC,1107148520,1,107148520,
PLXNB3,ENSG00000198753,0.212339214848499,0.814309236366474,0.120200629616208,-0.0000443805770667826,missense|LC,23153765438,X,153765438,
MSH4,ENSG00000057468,0.212340196317966,0.130089979381442,0.204449623905076,0.000564353262573973,missense|LC,1075792113,1,75792113,
PLRG1,ENSG00000171566,0.212354088476273,0.129489390643263,0.307909174273667,0.000778259087905866,missense|LC,4154536685,4,154536685,
ATP11C,ENSG00000101974,0.212359803702042,0.122742343033694,0.273812445750409,-0.000666412481564104,missense|LC,23139728864,X,139728864,
FCHO1,ENSG00000130475,0.212525010211684,0.833905074280827,0.125076458120253,0.0000667821721241621,missense|LC,19017755098,19,17755098,
TSPY8,ENSG00000229549,0.212637203471015,0.174387478985707,0.208891421688521,-0.00398110251910356,missense|LC,24009357743,Y,9357743,
DUS1L,ENSG00000169718,0.21273408362318,0.638930656260203,0.117110889726465,-0.000331759751493497,missense|LC,17082052503,17,82052503,
GTF2B,ENSG00000137947,0.212749836255106,0.122334547828367,0.241372132403024,0.00195904546696734,missense|LC,1088853148,1,88853148,
WDR55,ENSG00000120314,0.212768469123079,0.337516171180735,0.129109977189291,-0.000548535346641042,missense|LC,5140659728,5,140659728,
GPR31,ENSG00000120436,0.212809488614796,0.166218659819119,0.129491852043595,0.000803405693972479,missense|LC,6167156783,6,167156783,
C6orf118,ENSG00000112539,0.212818959236569,0.736644275120306,0.12098360134141,-0.000181168747857753,missense|LC,6165279995,6,165279995,
SOWAHC,ENSG00000198142,0.212845070985645,0.120801399919351,0.324585593628625,0.000823574675608811,missense|LC,2109613109,2,109613109,
KDELR2,ENSG00000136240,0.212854303325187,0.417590690577126,0.119332564857587,0.00103176057694248,missense|LC,7006462904,7,6462904,
ZNF541,ENSG00000118156,0.212904543745937,0.123977274718415,0.225879657652487,0.000531228803910347,missense|LC,19047521104,19,47521104,
ZNF792,ENSG00000180884,0.212955888467346,0.474072582651084,0.11981079776392,-0.000340872683020345,missense|LC,19034957867,19,34957867,
COX7A2,ENSG00000112695,0.213012520971448,0.154196146568148,0.142743185944015,0.00169972594025101,missense|LC,6075237884,6,75237884,
CDH13,ENSG00000140945,0.213024498834995,0.145246668184117,0.166567278072038,0.000667911293938812,missense|LC,16082626995,16,82626995,
EPS15L1,ENSG00000127527,0.213052441580475,0.446202463469914,0.119065473392581,0.000407238486928653,missense|LC,19016355584,19,16355584,
RNF149,ENSG00000163162,0.213053126046814,0.132233823988474,0.196479826025649,0.000719619590628388,missense|LC,2101272890,2,101272890,
VDR,ENSG00000111424,0.213091450158314,0.507248711998981,0.11985750597874,-0.000440509347003442,missense|LC,12047844632,12,47844632,
TEX13A,ENSG00000268629,0.213148888946465,0.338449306311037,0.121951915845197,0.000464876286491728,missense|LC,23105218919,X,105218919,
LSMEM2,ENSG00000179564,0.213190297791061,0.120333281890076,0.502644015539358,-0.00142748165857002,missense|LC,3050274091,3,50274091,
ELOVL2,ENSG00000197977,0.213208956148181,0.117675683906521,0.771560064057212,-0.00291383818472137,missense|LC,6010983684,6,10983684,
MRPS5,ENSG00000144029,0.213225660988798,0.127279472432584,0.291606388825123,0.000694470138855818,missense|LC,2095087304,2,95087304,
LRP2,ENSG00000081479,0.213237188513986,0.539323992295216,0.115303820098554,-0.000090929568920936,missense|LC,2169128590,2,169128590,
AMT,ENSG00000145020,0.213333635865295,0.815140142451919,0.127676280072601,-0.0000977739351121826,missense|LC,3049412314,3,49412314,
SLC38A1,ENSG00000111371,0.213432562024891,0.133765416027511,0.531190479565789,0.000870485188556383,missense|LC,12046196065,12,46196065,
ZER1,ENSG00000160445,0.213479298819705,0.123880902183556,0.455651495755307,0.000945897635421119,missense|LC,9128731250,9,128731250,
ARL13B,ENSG00000169379,0.213537242466705,0.1330572419626,0.792170302514682,-0.00455999998287581,missense|LC,3093980314,3,93980314,
ARF5,ENSG00000004059,0.213564169023125,0.126541537851602,0.623705334419949,-0.00272624954974688,missense|LC,7127584084,7,127584084,
YKT6,ENSG00000106636,0.213681541327468,0.555055709875873,0.130519322138429,-0.000521373365616931,missense|LC,7044201057,7,44201057,
ASXL3,ENSG00000141431,0.213697619346373,0.884753750187012,0.118640760881242,0.0000432662720390899,missense|LC,18033578567,18,33578567,
CCR1,ENSG00000163823,0.213742904563019,0.128737056736077,0.212298614783292,0.00115337286016866,missense|LC,3046203199,3,46203199,
MIA3,ENSG00000154305,0.21382354244278,0.158460453996498,0.13615624014652,-0.000330200936113447,missense|LC,1222618058,1,222618058,
AC058822.1,ENSG00000282278,0.213884478007601,0.11837874400261,0.890622996608457,-0.00206127959313186,missense|LC,4053377749,4,53377749,
SNRPB2,ENSG00000125870,0.213945681868599,0.743987859774923,0.125479572777644,0.000493400935063205,missense|LC,20016731585,20,16731585,
TWIST2,ENSG00000233608,0.214017503779599,0.737805960360197,0.124660479538331,0.000604801404164091,missense|LC,2238846574,2,238846574,
UGT1A7,ENSG00000244122,0.214141781502566,0.13093346265606,0.233051921885569,-0.000522630707336431,missense|LC,2233681753,2,233681753,
DR1,ENSG00000117505,0.214174059386531,0.139883847564665,0.19281165748561,-0.00242419372914617,missense|LC,1093346607,1,93346607,
RMND5B,ENSG00000145916,0.214268820442259,0.398444472546766,0.129839685029568,0.000447937655118551,missense|LC,5178138036,5,178138036,
PARP6,ENSG00000137817,0.21433778372787,0.336298390701059,0.119001894120862,-0.000923796243585952,missense|LC,15072241427,15,72241427,
SRD5A3,ENSG00000128039,0.214361180756089,0.194194230922597,0.12367253214081,-0.00169912632279188,missense|LC,4055346243,4,55346243,
PSG7,ENSG00000221878,0.214436249118455,0.125756174210907,0.377416936067825,-0.000607077079712274,missense|LC,19042925571,19,42925571,
CPT2,ENSG00000157184,0.214439308675191,0.120177004669691,0.325396166323979,0.000647098635262715,missense|LC,1053196832,1,53196832,
TENT5C,ENSG00000183508,0.214487025340363,0.136039794038972,0.495285069443539,0.000707143577409293,missense|LC,1117622801,1,117622801,
TJP3,ENSG00000105289,0.214542517501161,0.953408977547184,0.12092616579325,0.0000124569032515495,missense|LC,19003721834,19,3721834,
TMC5,ENSG00000103534,0.214580123825558,0.122262426982263,0.625263003207898,-0.000501894184888948,missense|LC,16019439982,16,19439982,
WBP2NL,ENSG00000183066,0.214588902508511,0.48232853506501,0.141725552516472,-0.00154058909912783,missense|LC,22041994216,22,41994216,
ZDHHC19,ENSG00000163958,0.214701474669034,0.128450672483613,0.421696317039448,0.00066089881406185,missense|LC,3196198172,3,196198172,
CTR9,ENSG00000198730,0.21471749295824,0.422398805002511,0.121815544733791,-0.000442407134247637,missense|LC,11010751332,11,10751332,
RNF145,ENSG00000145860,0.214754788154744,0.123635981922489,0.419819861547054,0.00122131983199382,missense|LC,5159158567,5,159158567,
PI3,ENSG00000124102,0.214803072541258,0.321281485217626,0.1449546576464,0.000502521175081837,missense|LC,20045174865,20,45174865,
KLF1,ENSG00000105610,0.214813247397352,0.137633319563991,0.16405478212949,0.000767317457540549,missense|LC,19012880700,19,12880700,
OR10X1,ENSG00000279111,0.214933069510618,0.138439098594625,0.359341986901337,-0.000411618184698911,missense|LC,1158578820,1,158578820,
KRBA2,ENSG00000184619,0.214993197929719,0.28622718627807,0.121573845823677,-0.000645948448950263,missense|LC,17008368979,17,8368979,
HOXA5,ENSG00000106004,0.214998366281819,0.396362391422772,0.120135438456327,0.0011557317278569,missense|LC,7027141722,7,27141722,
ALKBH8,ENSG00000137760,0.21504840539271,0.714284790292013,0.124138642045739,-0.000119510458439451,missense|LC,11107504663,11,107504663,
CAPN9,ENSG00000135773,0.215134923643796,0.49415666473315,0.121386411976172,0.00019509207093305,missense|LC,1230747442,1,230747442,
DTYMK,ENSG00000168393,0.215155389893049,0.119831055495971,0.701320716385607,-0.00135715693065715,missense|LC,2241670757,2,241670757,
TMEM30B,ENSG00000182107,0.215218833828979,0.292668514588953,0.120152152013183,0.000817777373717664,missense|LC,14061280020,14,61280020,
FARSA,ENSG00000179115,0.215274898024079,0.131816292722151,0.261233559528905,0.000652209418530896,missense|LC,19012918169,19,12918169,
NOC4L,ENSG00000184967,0.215281141432053,0.392421613847348,0.12035977635627,0.000318057900717447,missense|LC,12132139459,12,132139459,
FAM47E-STBD1,ENSG00000272414,0.215308540353194,0.141255887866976,0.176051615596146,0.000595332226506415,missense|LC,4076251553,4,76251553,
YTHDC1,ENSG00000083896,0.215337658382541,0.127156445368265,0.256931848656624,0.000837547691506423,missense|LC,4068314020,4,68314020,
FGFBP3,ENSG00000174721,0.215374260191667,0.128146520489312,0.933730197006643,-0.000578129103419222,missense|LC,10091908100,10,91908100,
CEBPA,ENSG00000245848,0.215387678303098,0.409812455910171,0.122154433412466,-0.000583701374802714,missense|LC,19033301185,19,33301185,
DTL,ENSG00000143476,0.215441309687925,0.881404520718652,0.119036299494619,0.000117479574980266,missense|LC,1212035316,1,212035316,
NPS,ENSG00000214285,0.215455012246949,0.755605873031022,0.127981215300768,0.000500948685094737,missense|LC,10127549307,10,127549307,
LEPROTL1,ENSG00000104660,0.215543877797344,0.538811793534262,0.127462788930419,0.000558902916568421,missense|LC,8030095481,8,30095481,
BAHCC1,ENSG00000266074,0.215567329783983,0.124185556443466,0.79151185500011,0.0024578586456615,missense|LC,17081399659,17,81399659,
PNPLA1,ENSG00000180316,0.215611989701337,0.128071164207286,0.73367655218344,-0.000715769724882012,missense|LC,6036270462,6,36270462,
AC005837.2,ENSG00000267168,0.215624665999174,0.123973152107628,0.421498927924665,0.00254330966156151,missense|LC,17076729655,17,76729655,
TIMM50,ENSG00000105197,0.215633598458814,0.129684791516456,0.371398014909246,-0.000773444914410342,missense|LC,19039476019,19,39476019,
CHPF,ENSG00000123989,0.215691020626036,0.176914122759257,0.129492776775498,0.000631776038719921,missense|LC,2219535038,2,219535038,
AP000311.1,ENSG00000249209,0.21572084873381,0.142937919719559,0.194109924854804,0.000809314791856796,missense|LC,21033581218,21,33581218,
DEDD2,ENSG00000160570,0.215742119603309,0.556211257865879,0.127801942780447,0.000418963906271371,missense|LC,19042199307,19,42199307,
PTPRK,ENSG00000152894,0.215752134796146,0.93987372622991,0.121331953620605,0.000071840251414519,missense|LC,6127970177,6,127970177,
WNK4,ENSG00000126562,0.215811151442419,0.692003486608268,0.122303826221777,0.000103282522656797,missense|LC,17042776188,17,42776188,
SORT1,ENSG00000134243,0.215815353005237,0.125486812624887,0.610410962417363,0.000581793658451088,missense|LC,1109306768,1,109306768,
TFAP2B,ENSG00000008196,0.215836719871932,0.126615354939275,0.238883801469905,0.00116439716552771,missense|LC,6050818822,6,50818822,
VANGL1,ENSG00000173218,0.215844067351342,0.123328503062384,0.790104334171721,-0.000718405750470174,missense|LC,1115651351,1,115651351,
ECI2,ENSG00000198721,0.215899582562801,0.359465480779188,0.129212362660356,-0.000518864226468995,missense|LC,6004115375,6,4115375,
NHSL1,ENSG00000135540,0.215920465668229,0.321990679166562,0.1221155954486,0.000255648554290262,missense|LC,6138423966,6,138423966,
ARSB,ENSG00000113273,0.216023610200198,0.712022606884718,0.119680035639304,-0.000247610275526544,missense|LC,5078780286,5,78780286,
FOXD4L1,ENSG00000184492,0.216168364894411,0.208365547956577,0.122354413480762,-0.00081382929899185,missense|LC,2113493723,2,113493723,
HLA-DQB1,ENSG00000179344,0.216202678794061,0.168315478511841,0.179807261996996,-0.000819372018423852,missense|LC,6032660833,6,32660833,
ZNF292,ENSG00000188994,0.216281363777654,0.19688469047314,0.123631474170021,0.000311439239967558,missense|LC,6087155086,6,87155086,
PATE4,ENSG00000237353,0.216285005581928,0.1351580934439,0.463919265804054,-0.00157023347369332,missense|LC,11125833294,11,125833294,
CCER1,ENSG00000197651,0.216379840228243,0.360560144756243,0.120618889450271,-0.000876978413018861,missense|LC,12090953411,12,90953411,
CCDC106,ENSG00000173581,0.216447164704433,0.131930896550575,0.48987517172573,-0.000661372216429715,missense|LC,19055644512,19,55644512,
AC006064.6,ENSG00000285238,0.216510535226936,0.119788570105844,0.419777868620779,0.00104666986079423,missense|LC,12006555182,12,6555182,
DGCR6L,ENSG00000128185,0.216547884261473,0.124788448050058,0.758348720788759,-0.00142477413615044,missense|LC,22020309239,22,20309239,
FYCO1,ENSG00000163820,0.216586319074913,0.241019834308457,0.121320472443188,0.000307871306146758,missense|LC,3045913041,3,45913041,
CSMD3,ENSG00000164796,0.216589823061506,0.351795512238178,0.120622129238476,-0.000226020935361713,missense|LC,8112224701,8,112224701,
ATXN1L,ENSG00000224470,0.216696418091605,0.607826663147509,0.12894189265321,-0.000164292113046306,missense|LC,16071849636,16,71849636,
TMEM50B,ENSG00000142188,0.216707343126498,0.332904343144788,0.160225360216109,0.000627533493807415,missense|LC,21033450759,21,33450759,
DNAJB12,ENSG00000148719,0.216827822310539,0.190492072631333,0.137206979058128,0.000577712868030479,missense|LC,10072334490,10,72334490,
PCDH11X,ENSG00000102290,0.216861621100277,0.970974710379797,0.120555163785093,-0.0000199976258329192,missense|LC,23091834914,X,91834914,
HCCS,ENSG00000004961,0.216871624386591,0.1459315110248,0.538465682433055,-0.00099843725818101,missense|LC,23011112046,X,11112046,
TATDN2,ENSG00000157014,0.21687360023067,0.905160896997064,0.128032934634148,-0.0000412145130683644,missense|LC,3010249085,3,10249085,
RYK,ENSG00000163785,0.216899302684726,0.496191014383363,0.123028588282892,0.000494979990490485,missense|LC,3134158111,3,134158111,
CDCA7,ENSG00000144354,0.216961069697474,0.118786592071443,0.927402196161221,-0.00168996348086194,missense|LC,2173354849,2,173354849,
HELZ,ENSG00000198265,0.217008101634236,0.122490621557915,0.263973100191883,0.000625253204164645,missense|LC,17067078224,17,67078224,
MATN4,ENSG00000124159,0.217103783071639,0.681937418338726,0.126390648262716,0.000134915866320183,missense|LC,20045293681,20,45293681,
FAM25C,ENSG00000276430,0.217155108526831,0.125405585781115,0.473533702417852,0.00220987874286569,missense|LC,10047991530,10,47991530,
AL133410.3,ENSG00000285645,0.217184487227325,0.127366775544747,0.511769639992478,0.00197468433673981,missense|LC,9035808135,9,35808135,
TEKT5,ENSG00000153060,0.217230555540551,0.125383746681647,0.470346302093998,0.000292944634907141,missense|LC,16010627500,16,10627500,
MFSD10,ENSG00000109736,0.217243221786238,0.131762795136572,0.180386830806604,-0.000631560075153925,missense|LC,4002925946,4,2925946,
LIG4,ENSG00000174405,0.217292797811026,0.123128684063024,0.374164848826572,-0.000718300481889094,missense|LC,13108208507,13,108208507,
DYRK2,ENSG00000127334,0.217304877011107,0.542288616008277,0.130654160760413,-0.000335721060385765,missense|LC,12067649046,12,67649046,
PINX1,ENSG00000258724,0.217342777220064,0.507737772998013,0.133921415371249,-0.000307416884364751,missense|LC,8010725654,8,10725654,
RCBTB1,ENSG00000136144,0.21734433026021,0.135181683390524,0.228287946803099,0.000631132949652416,missense|LC,13049528474,13,49528474,
RERG,ENSG00000134533,0.217357396920811,0.12281603028214,0.505287247148382,0.00208144425869968,missense|LC,12015109039,12,15109039,
FAM110A,ENSG00000125898,0.217501692320313,0.201254285536341,0.131572669152662,0.000508119318103723,missense|LC,20000839771,20,839771,
NOTCH3,ENSG00000074181,0.217548667631296,0.197512228703819,0.123960871279806,0.000323514202635594,missense|LC,19015160631,19,15160631,
PRSS1,ENSG00000204983,0.217626913531347,0.716276302101545,0.120471800710396,0.000383724042375353,missense|LC,7142749395,7,142749395,
EGR2,ENSG00000122877,0.217628348716049,0.124133580644966,0.293418603350661,-0.00125349830393934,missense|LC,10062813108,10,62813108,
AC109583.1,ENSG00000206549,0.217649376495183,0.599059437182529,0.133250758032695,-0.000253261766149065,missense|LC,3046709018,3,46709018,
PRSS50,ENSG00000283706,0.217649376495183,0.599059437182529,0.133250758032695,-0.000253261766149065,missense|LC,3046709018,3,46709018,
MYD88,ENSG00000172936,0.217722156868816,0.373361548132754,0.125954765154834,-0.00102920230909474,missense|LC,3038133873,3,38133873,
UTRN,ENSG00000152818,0.217758023829583,0.60707023259521,0.120118447317725,0.000101855612288999,missense|LC,6144291829,6,144291829,
DCLK2,ENSG00000170390,0.21776014439393,0.361246069744137,0.127920511723991,0.000417591941598733,missense|LC,4150079036,4,150079036,
KRT24,ENSG00000167916,0.217772409106427,0.309025498653752,0.120318670597901,0.000557729200452529,missense|LC,17040698217,17,40698217,
GOLIM4,ENSG00000173905,0.217796589304873,0.617700738346789,0.121412214378531,-0.000252066933861549,missense|LC,3168010199,3,168010199,
COQ9,ENSG00000088682,0.217835819998726,0.137248977736201,0.257823683278787,-0.000788059495322296,missense|LC,16057447398,16,57447398,
MRC2,ENSG00000011028,0.217844337421414,0.131093264329547,0.18108666797141,0.000453681404593633,missense|LC,17062627733,17,62627733,
BICD2,ENSG00000185963,0.217895430439303,0.128149740789961,0.35030852807536,0.000651429621294511,missense|LC,9092713363,9,92713363,
NRG4,ENSG00000169752,0.21792967169623,0.146050898002925,0.14494151266483,-0.00343405419113476,missense|LC,15075943610,15,75943610,
TXLNB,ENSG00000164440,0.218001504089637,0.127581034156957,0.26949380208217,-0.000484423005310158,missense|LC,6139242444,6,139242444,
KRTAP3-3,ENSG00000212899,0.218025680949704,0.136232561692386,0.301691371123964,-0.0023719564775489,missense|LC,17040993664,17,40993664,
BMP1,ENSG00000168487,0.21803697574555,0.126661455816498,0.540994520770463,0.000582315791972096,missense|LC,8022161589,8,22161589,
PLA2G5,ENSG00000127472,0.218121269772366,0.128512849005838,0.324732853342066,-0.00216453200578772,missense|LC,1020068868,1,20068868,
CACNA2D3,ENSG00000157445,0.218137413954822,0.249863559988926,0.128553851238358,-0.000454875544822847,missense|LC,3054122621,3,54122621,
HTR2C,ENSG00000147246,0.218176657998528,0.132641245396198,0.796284698837218,0.00117990995297938,missense|LC,23114726913,X,114726913,
SF3B2,ENSG00000087365,0.218248880723864,0.430733520438378,0.13399709338608,-0.000329652181293206,missense|LC,11066051657,11,66051657,
KRT80,ENSG00000167767,0.218290769459816,0.127449285703825,0.83010401663682,0.000637946441713614,missense|LC,12052171310,12,52171310,
RUSC2,ENSG00000198853,0.218295527074257,0.958372409536959,0.123158743473425,0.0000161561518444854,missense|LC,9035546454,9,35546454,
DNMT3B,ENSG00000088305,0.218332269066272,0.122952824784366,0.546093824314046,-0.00077766672272003,missense|LC,20032780001,20,32780001,
SPATA6,ENSG00000132122,0.218351348367095,0.897383407343471,0.121391797034216,0.0000953026817098775,missense|LC,1048298626,1,48298626,
ZZZ3,ENSG00000036549,0.21835844606167,0.18036441629227,0.129252260425065,0.000956695602804441,missense|LC,1077558593,1,77558593,
IER5L,ENSG00000188483,0.218409645666423,0.24487607641629,0.131047564748689,-0.000465765394624552,missense|LC,9129176711,9,129176711,
TRPC6,ENSG00000137672,0.218484719762785,0.483854099171539,0.123252300247564,-0.000359349793834766,missense|LC,11101452858,11,101452858,
AGA,ENSG00000038002,0.218517769619465,0.633933086259418,0.124018734497125,0.000355363502666625,missense|LC,4177431658,4,177431658,
IL36A,ENSG00000136694,0.218526944116445,0.130467974697428,0.220912013330644,0.00224822048146056,missense|LC,2113005785,2,113005785,
ZNF384,ENSG00000126746,0.218593420181055,0.768131411444395,0.126201842561304,-0.000108765306500558,missense|LC,12006662986,12,6662986,
CLDN19,ENSG00000164007,0.218672366822246,0.182455566443372,0.133678430907044,0.00125482084476862,missense|LC,1042735048,1,42735048,
NCAN,ENSG00000130287,0.218691863271694,0.121215276505847,0.316072966761573,0.000639917436043543,missense|LC,19019216902,19,19216902,
MTPN,ENSG00000105887,0.218742924912248,0.722991280090341,0.126582631666144,-0.00122683874300484,missense|LC,7135927220,7,135927220,
NYNRIN,ENSG00000205978,0.218768025345673,0.605660273051095,0.122323155878383,-0.000158783921688397,missense|LC,14024399166,14,24399166,
TJP2,ENSG00000119139,0.218797834666939,0.130618319078969,0.198643842475339,-0.000568701509875016,missense|LC,9069205162,9,69205162,
LYPD4,ENSG00000273111,0.218807956551751,0.143754995337759,0.169075098833008,-0.000709582626164905,missense|LC,19041835704,19,41835704,
METTL7B,ENSG00000170439,0.218918042608737,0.496934160920637,0.130909683338335,0.000251604652450225,missense|LC,12055681598,12,55681598,
CDC73,ENSG00000134371,0.218929614109127,0.191535386099308,0.126599784154997,-0.00174358357112212,missense|LC,1193122126,1,193122126,
NXF3,ENSG00000147206,0.21896474961843,0.383818329138241,0.127349388526313,0.000465280949970956,missense|LC,23103076220,X,103076220,
PPTC7,ENSG00000196850,0.218973736557182,0.122965007642357,0.301931668403567,-0.00231944494501804,missense|LC,12110530463,12,110530463,
CDC42BPB,ENSG00000198752,0.219057579499605,0.709345522003845,0.122217717118608,0.000162832779532768,missense|LC,14102928352,14,102928352,
GPATCH2,ENSG00000092978,0.219137403810201,0.133303997198985,0.237036855265716,-0.000669168004669846,missense|LC,1217431153,1,217431153,
SOX18,ENSG00000203883,0.219160150426706,0.390272924814115,0.123569672867186,0.000536749780663234,missense|LC,20064048096,20,64048096,
AC022826.2,ENSG00000258677,0.219186861400659,0.12207984550428,0.404955752283864,0.00653956688136603,missense|LC,8073688580,8,73688580,
FAM228B,ENSG00000219626,0.219205049098258,0.278311749471781,0.125334524854974,0.00122657806931418,missense|LC,2024119532,2,24119532,
CABP7,ENSG00000100314,0.219224258569304,0.498637587436125,0.122654251327971,-0.000838762772783738,missense|LC,22029720372,22,29720372,
MRPL37,ENSG00000116221,0.219245623677608,0.324651913608165,0.127886427173716,-0.000444936527274546,missense|LC,1054195302,1,54195302,
RHPN1,ENSG00000158106,0.219326730436544,0.148475457116849,0.14548665751213,0.000581745395157401,missense|LC,8143368912,8,143368912,
FRAS1,ENSG00000138759,0.219342748831819,0.905599979331407,0.121452946982034,-0.0000168156112592648,missense|LC,4078057933,4,78057933,
ITGA5,ENSG00000161638,0.219509994955533,0.780399879556918,0.120833502161715,-0.000151072850837928,missense|LC,12054391132,12,54391132,
HSD17B3,ENSG00000130948,0.219524688304243,0.827480532587801,0.14187689778303,0.0000878392672913335,missense|LC,9096235427,9,96235427,
IGFALS,ENSG00000099769,0.219556308152457,0.253685387310049,0.123960702512948,-0.000313021098091896,missense|LC,16001785477,16,1785477,
ZNF589,ENSG00000164048,0.219679148337125,0.737778109068985,0.123652639379336,-0.000282173488393609,missense|LC,3048241061,3,48241061,
SMYD5,ENSG00000135632,0.219693244879325,0.166605043466421,0.139690959005232,-0.000731699192324228,missense|LC,2073210700,2,73210700,
SFTPC,ENSG00000168484,0.219709622506711,0.231554082912663,0.12626660745313,0.00128469118541163,missense|LC,8022159709,8,22159709,
HDHD2,ENSG00000167220,0.219758200718607,0.126262091499633,0.814777215001365,0.00134988122885,missense|LC,18047108677,18,47108677,
ABCA3,ENSG00000167972,0.219866063101362,0.158620019604184,0.147101071374052,-0.000299859313192383,missense|LC,16002276533,16,2276533,
CD200R1L,ENSG00000206531,0.219947093939962,0.93194614945733,0.127168125994362,-0.0000724782945796867,missense|LC,3112819667,3,112819667,
PIGX,ENSG00000163964,0.219952831492263,0.124105601401642,0.352641345223886,0.00156576730731129,missense|LC,3196707464,3,196707464,
PRELID2,ENSG00000186314,0.220048264578793,0.271145533915865,0.125999926206092,-0.00144314010547086,missense|LC,5145764893,5,145764893,
PDHA2,ENSG00000163114,0.220048861654682,0.533025631553784,0.134200076408982,0.000263658050742987,missense|LC,4095840082,4,95840082,
DENND10,ENSG00000119979,0.220121287865911,0.596039838413605,0.149603764723145,-0.000236770068824315,missense|LC,10119104062,10,119104062,
RBM10,ENSG00000182872,0.220155156498048,0.29600322447385,0.122797220849607,-0.000722790914552191,missense|LC,23047142206,X,47142206,
KCTD21,ENSG00000188997,0.220177641078192,0.176742824163479,0.134314445946798,0.0014265231627033,missense|LC,11078173720,11,78173720,
TMEM159,ENSG00000011638,0.220193250124803,0.124012845979552,0.658553166719089,-0.00231961465994237,missense|LC,16021159268,16,21159268,
ALOX12B,ENSG00000179477,0.220271346183646,0.528778002046673,0.124680156540891,0.000348801304832223,missense|LC,17008072651,17,8072651,
MYOM1,ENSG00000101605,0.220301103878219,0.24713798928388,0.127695147353025,-0.000249785148184093,missense|LC,18003067160,18,3067160,
ZBTB38,ENSG00000177311,0.220342525295655,0.147740819286298,0.149829054955412,0.000498842296611037,missense|LC,3141426066,3,141426066,
COX7B2,ENSG00000170516,0.220354285886514,0.136614619446732,0.176497932525112,-0.00290075112508131,missense|LC,4046734849,4,46734849,
SFMBT2,ENSG00000198879,0.220436541181906,0.18245482075196,0.132545988683293,-0.000428632616833891,missense|LC,10007163701,10,7163701,
COLGALT2,ENSG00000198756,0.220453959376505,0.253659526282153,0.130298148358185,0.000408662150053886,missense|LC,1183935777,1,183935777,
PPP3CC,ENSG00000120910,0.22045920429296,0.404165997234309,0.123986720466532,0.000702348076616147,missense|LC,8022441317,8,22441317,
SMARCD2,ENSG00000108604,0.220533018386782,0.27319936290294,0.119801812878555,0.0010491124933898,missense|LC,17063827368,17,63827368,
MACIR,ENSG00000181751,0.22055400976804,0.605526944156642,0.13171882556907,-0.000428052506136009,missense|LC,5103275834,5,103275834,
MAGEC3,ENSG00000165509,0.220635630046864,0.389234029204794,0.131965767247735,0.000278969681753519,missense|LC,23141838249,X,141838249,
PHKA1,ENSG00000067177,0.220662412625281,0.574770629225218,0.128513471629642,0.000197891766929855,missense|LC,23072580964,X,72580964,
PCMT1,ENSG00000120265,0.220687330782715,0.128304209888541,0.62892316786098,0.00162892757187581,missense|LC,6149745863,6,149745863,
CPNE1,ENSG00000214078,0.220791384287068,0.13700184006894,0.447923605442929,-0.000658042369719836,missense|LC,20035621044,20,35621044,
SNAPC1,ENSG00000023608,0.220800879242072,0.669186709440027,0.133972311118866,0.000134766695047495,missense|LC,14061762358,14,61762358,
NIPA1,ENSG00000170113,0.220869540670609,0.135356403850252,0.620103270921236,-0.000694402491457275,missense|LC,15022786617,15,22786617,
PLD2,ENSG00000129219,0.220892333957171,0.124006120907349,0.312580502999088,-0.000461751606287327,missense|LC,17004807754,17,4807754,
RGPD8,ENSG00000169629,0.220943326078578,0.128109046409465,0.310306257027074,-0.000569409406752641,missense|LC,2112370131,2,112370131,
MMP8,ENSG00000118113,0.220955347004158,0.975659496008739,0.133523119604714,1.80100085568803e-7,missense|LC,11102713314,11,102713314,
ABCC5,ENSG00000114770,0.221004164068796,0.911235121355794,0.129624968504787,-0.0000446957429648752,missense|LC,3183921284,3,183921284,
SLC30A2,ENSG00000158014,0.221024181921341,0.262604031860878,0.130512839664616,-0.000987347617406318,missense|LC,1026032349,1,26032349,
CDCA7L,ENSG00000164649,0.221025041518051,0.877891469890637,0.123298428918284,-0.000107151796110329,missense|LC,7021899291,7,21899291,
DCUN1D1,ENSG00000043093,0.221042035192275,0.417050821029558,0.126251639175257,0.00158610586882373,missense|LC,3182945041,3,182945041,
RAVER2,ENSG00000162437,0.221070872342425,0.447564121592645,0.127887185599257,-0.000386203177928161,missense|LC,1064745096,1,64745096,
NRROS,ENSG00000174004,0.221084882623745,0.129648155409845,0.24605036920791,-0.000559533322861369,missense|LC,3196654513,3,196654513,
RBM48,ENSG00000127993,0.221179724714403,0.244024765242137,0.133566146615775,0.000758775902832747,missense|LC,7092528196,7,92528196,
SLC5A11,ENSG00000158865,0.221248904241193,0.126399365613878,0.409075561638861,0.000771130583456752,missense|LC,16024858541,16,24858541,
CYTH1,ENSG00000108669,0.221250663787673,0.73836909639239,0.148737922509693,-0.000178679059099527,missense|LC,17078675794,17,78675794,
PRRG2,ENSG00000126460,0.221251258834501,0.953800669331345,0.149363552971718,0.0000213241597163935,missense|LC,19049583150,19,49583150,
KRT79,ENSG00000185640,0.221302152331142,0.132094931363753,0.229468935240975,0.000473221373173173,missense|LC,12052821808,12,52821808,
NDUFA6,ENSG00000184983,0.221303219524206,0.210353567170347,0.128422421731013,0.00140625657388256,missense|LC,22042081819,22,42081819,
KLHDC1,ENSG00000197776,0.221321703600967,0.134353533174421,0.998209306952238,0.00111806256940768,missense|LC,14049688122,14,49688122,
ZNF785,ENSG00000197162,0.221322435581896,0.165193757939299,0.194895142846226,-0.000361452115259342,missense|LC,16030582427,16,30582427,
AKR7A3,ENSG00000162482,0.221359398293047,0.134466662020243,0.333854129810613,0.000658803208869256,missense|LC,1019282594,1,19282594,
ABHD16B,ENSG00000183260,0.221485726612722,0.946728567767046,0.122168295604003,0.0000360362395625487,missense|LC,20063861434,20,63861434,
FUCA1,ENSG00000179163,0.221580568364372,0.136153582181596,0.352958323664599,0.000531031453238421,missense|LC,1023845620,1,23845620,
RPS6KL1,ENSG00000198208,0.221611483823917,0.126531060483265,0.502287255288856,0.000869100062136728,missense|LC,14074899875,14,74899875,
ACSM2A,ENSG00000183747,0.221778489742558,0.479165462362741,0.123620865322691,-0.000283527411595306,missense|LC,16020459961,16,20459961,
KDM5A,ENSG00000073614,0.221930712362066,0.397545425520233,0.123845215450247,-0.000318124283069185,missense|LC,12000285400,12,285400,
CSNK1G1,ENSG00000169118,0.22199046416569,0.1512341003394,0.426258865711726,-0.000673865391733128,missense|LC,15064162002,15,64162002,
UGGT2,ENSG00000102595,0.222004350215732,0.883912270909739,0.128783241545239,-0.0000394942559958876,missense|LC,13095801705,13,95801705,
ACER1,ENSG00000167769,0.222059078450874,0.145474113244347,0.179106171596982,-0.00052180257708528,missense|LC,19006306605,19,6306605,
DAW1,ENSG00000123977,0.222061270754716,0.474343491819918,0.13289376793246,-0.000345891868660887,missense|LC,2227870298,2,227870298,
MTMR10,ENSG00000166912,0.222088772414636,0.517934564516471,0.13047263636659,-0.000235999055013043,missense|LC,15030937055,15,30937055,
LLGL1,ENSG00000131899,0.222104706597442,0.123765614094462,0.508139576067756,-0.000474271993273165,missense|LC,17018225621,17,18225621,
PAGE2,ENSG00000234068,0.222106777120031,0.2651726730614,0.159497636196714,-0.000642588358674591,missense|LC,23055089992,X,55089992,
PLPP6,ENSG00000205808,0.222140817252064,0.933797331028529,0.13327435387438,-0.0000345432635650939,missense|LC,9004661780,9,4661780,
HHLA2,ENSG00000114455,0.222319256799597,0.139782507234297,0.372253344008283,-0.000663048927389195,missense|LC,3108328255,3,108328255,
ZNF296,ENSG00000170684,0.222379641092226,0.950001252197539,0.1269168127763,-0.0000326085985242185,missense|LC,19045067231,19,45067231,
NUDT19,ENSG00000213965,0.222393102035565,0.475636904208596,0.12699082062176,-0.000259347976344634,missense|LC,19032691961,19,32691961,
MACC1,ENSG00000183742,0.222545633125629,0.368287982264794,0.123132146964886,-0.000393628289934551,missense|LC,7020140908,7,20140908,
NAA30,ENSG00000139977,0.222637354768799,0.136244734880538,0.192271238240351,-0.00157708734383503,missense|LC,14057390866,14,57390866,
RIPOR2,ENSG00000111913,0.222680059239423,0.278176279836618,0.139519570515309,0.000208951925102376,missense|LC,6024806343,6,24806343,
MRPS18A,ENSG00000096080,0.222758862255389,0.124700717629557,0.453861192257729,-0.0014834863430095,missense|LC,6043666375,6,43666375,
GOLPH3,ENSG00000113384,0.222796188586277,0.238579161300818,0.125609087767201,0.00135897630844295,missense|LC,5032126129,5,32126129,
RNF19B,ENSG00000116514,0.222815673949821,0.442472747273849,0.123507834793549,0.000473186176657143,missense|LC,1032936717,1,32936717,
ZBTB21,ENSG00000173276,0.222825043866879,0.129428931720543,0.303635636842508,-0.000591465471932825,missense|LC,21041990802,21,41990802,
TSPAN11,ENSG00000110900,0.222828326454265,0.137102001269856,0.197721467204087,0.00122446893589009,missense|LC,12030926961,12,30926961,
NOVA1,ENSG00000139910,0.22283341388229,0.491468134854334,0.123715398365006,-0.000871741034599912,missense|LC,14026447913,14,26447913,
STAT5B,ENSG00000173757,0.222858151541827,0.121735526946607,0.957534997409412,0.00163293959106438,missense|LC,17042201720,17,42201720,
TFIP11,ENSG00000100109,0.222896792331236,0.704804846207342,0.134536532339987,0.000150392321900043,missense|LC,22026487928,22,26487928,
AKR1C3,ENSG00000196139,0.222998205053785,0.2731983041037,0.129284152486479,0.000505387171327741,missense|LC,10005094338,10,5094338,
UCHL5,ENSG00000116750,0.223039458574009,0.232500675687041,0.134954066756226,0.000928817614522065,missense|LC,1193016256,1,193016256,
NINJ2,ENSG00000171840,0.223060731367327,0.191138111845381,0.137334892183027,0.000938470928611968,missense|LC,12000559251,12,559251,
TBCEL-TECTA,ENSG00000285509,0.223081610984046,0.1525713233443,0.14861444476764,-0.00113348147099722,missense|LC,11121045608,11,121045608,
TWF2,ENSG00000247596,0.223097141653833,0.124258468390424,0.59686687109687,0.00129174781516823,missense|LC,3052223613,3,52223613,
CYP2C8,ENSG00000138115,0.223117569131847,0.13221891094065,0.234749547815439,0.000563130354555822,missense|LC,10095037067,10,95037067,
BNIP5,ENSG00000189325,0.223133729056977,0.271921675202268,0.127368235387754,0.000412871214280771,missense|LC,6036317305,6,36317305,
CBLN3,ENSG00000139899,0.223318568415789,0.274084727586251,0.125844474584567,-0.00111390355972045,missense|LC,14024427718,14,24427718,
APBB3,ENSG00000113108,0.223380988706053,0.31253383397615,0.131450927508359,0.000426984210331807,missense|LC,5140557076,5,140557076,
HAGH,ENSG00000063854,0.223426982119396,0.131048256503845,0.713671111593686,0.000638022380468232,missense|LC,16001809247,16,1809247,
AMY1C,ENSG00000187733,0.223499663417286,0.7774679992058,0.146592985375008,0.000248761288455709,missense|LC,1103754502,1,103754502,
FKBP1B,ENSG00000119782,0.223531635523535,0.297971583092994,0.127167833289159,-0.00357928323124249,missense|LC,2024049760,2,24049760,
CARD8,ENSG00000105483,0.223542225771954,0.513196306197837,0.144722972213412,-0.000169857087509411,missense|LC,19048211637,19,48211637,
DLG5,ENSG00000151208,0.223557291768269,0.15285917749882,0.154422881502257,0.00037759501731752,missense|LC,10077792377,10,77792377,
CYP1A1,ENSG00000140465,0.22364262846708,0.503740007046054,0.133683103025326,0.000206091684914008,missense|LC,15074720393,15,74720393,
DERL2,ENSG00000072849,0.223647700010778,0.837456326797055,0.129976021248438,-0.000321134420458752,missense|LC,17005468449,17,5468449,
ZNF716,ENSG00000182111,0.22365905977626,0.140236886167261,0.193723721068678,-0.00060337131882354,missense|LC,7057450162,7,57450162,
SORBS3,ENSG00000120896,0.223671738497923,0.359708482644947,0.129988252026026,0.000289285783902144,missense|LC,8022551695,8,22551695,
FRS2,ENSG00000166225,0.223693087661532,0.201634095730731,0.129500071204227,0.0013429452546276,missense|LC,12069568994,12,69568994,
SPATA5L1,ENSG00000171763,0.22373443710092,0.126569315750078,0.688879064315932,0.000636334907963547,missense|LC,15045402293,15,45402293,
ADRA2B,ENSG00000274286,0.223773192195453,0.97755150191488,0.129215598424542,-0.00000608201078994454,missense|LC,2096113818,2,96113818,
HNRNPA0,ENSG00000177733,0.223844537413141,0.132876425922119,0.504946425088797,0.00141589516133569,missense|LC,5137753060,5,137753060,
DTD1,ENSG00000125821,0.22385940609597,0.78574736393015,0.133855526429372,-0.000223083189228076,missense|LC,20018587969,20,18587969,
SLC31A1,ENSG00000136868,0.223887129142829,0.198703976165039,0.12918480976197,-0.00239219633335116,missense|LC,9113221090,9,113221090,
ZNF705A,ENSG00000196946,0.22393280482631,0.473608874788081,0.129628298425667,0.000498535305815235,missense|LC,12008172548,12,8172548,
KDM5B,ENSG00000117139,0.22397756444063,0.269187294919733,0.130590973772035,-0.000408824056196369,missense|LC,1202728943,1,202728943,
LACTB,ENSG00000103642,0.224001814309053,0.678555585093541,0.134757181771404,-0.000177917807004445,missense|LC,15063121754,15,63121754,
MCOLN2,ENSG00000153898,0.224004567566715,0.130033436253383,0.900243976576055,0.000877047191027499,missense|LC,1084926626,1,84926626,
TMEM92,ENSG00000167105,0.224009745529858,0.591983537998498,0.127461703233602,0.00077886514034585,missense|LC,17050274418,17,50274418,
RIC1,ENSG00000107036,0.224040309804904,0.181258620550013,0.133834510337699,-0.000410991192191932,missense|LC,9005629196,9,5629196,
EGLN2,ENSG00000269858,0.224132587514013,0.135647748505879,0.193473308479858,-0.00100739506307578,missense|LC,19040800431,19,40800431,
PCDHGB4,ENSG00000253953,0.224186276328313,0.235778575073311,0.129778822716825,0.000312983940560302,missense|LC,5141382829,5,141382829,
CD14,ENSG00000170458,0.224188543920705,0.810414295323945,0.129185871094221,-0.000203254346076728,missense|LC,5140631778,5,140631778,
ADORA2B,ENSG00000170425,0.224190996901056,0.128416066097539,0.431280884796023,0.00125789189802056,missense|LC,17015945162,17,15945162,
CLIC1,ENSG00000213719,0.224196106335934,0.394578021293018,0.1311387565983,-0.000894094171547978,missense|LC,6031727194,6,31727194,
GLYAT,ENSG00000149124,0.224245179903309,0.834630199672857,0.142071604668887,-0.0000842873244297809,missense|LC,11058709674,11,58709674,
PAPSS2,ENSG00000198682,0.224261599337228,0.573281686153449,0.126160674456301,-0.000307339369172309,missense|LC,10087659901,10,87659901,
ATP6AP1L,ENSG00000205464,0.224369311008466,0.183859971669239,0.138134906107941,0.000492971648956221,missense|LC,5082305350,5,82305350,
TWISTNB,ENSG00000105849,0.224436079017541,0.125478140770221,0.587107677403763,0.00143968517449673,missense|LC,7019698226,7,19698226,
AC012651.1,ENSG00000258461,0.224578955084759,0.90095722457358,0.147582616370092,-0.0000933441945427654,missense|LC,15042343103,15,42343103,
GNA13,ENSG00000120063,0.224618741523397,0.144543558111038,0.234685136348768,-0.000823810163319754,missense|LC,17065014247,17,65014247,
FCGR2A,ENSG00000143226,0.224676857097479,0.160362560055392,0.147164275020674,0.000723793299946272,missense|LC,1161505460,1,161505460,
SEMA6B,ENSG00000167680,0.224725345505188,0.132563455604826,0.66570967292115,0.000438290558007283,missense|LC,19004537833,19,4537833,
PLA2G6,ENSG00000184381,0.224735453815756,0.348287426055072,0.12557218195664,-0.000384056851786078,missense|LC,22038107783,22,38107783,
MMP12,ENSG00000262406,0.224750070598487,0.641761742580442,0.127695360508736,-0.00036437677186446,missense|LC,11102863073,11,102863073,
ZNF552,ENSG00000178935,0.224800799873314,0.363568657632429,0.130611182326141,-0.000636608919954728,missense|LC,19057807925,19,57807925,
ZNF512,ENSG00000243943,0.22484462646169,0.129862502328364,0.286799225497735,-0.00119324661953763,missense|LC,2027578054,2,27578054,
SPRY4,ENSG00000187678,0.224852957828534,0.249533177582588,0.140422616128763,0.000464985796720578,missense|LC,5142314107,5,142314107,
SNX15,ENSG00000110025,0.224979701078367,0.864781716213466,0.127759403472033,0.000117196903136574,missense|LC,11065027486,11,65027486,
PGAP6,ENSG00000129925,0.224995254137969,0.347632817143166,0.128264851204364,0.000241917650702713,missense|LC,16000367611,16,367611,
SHARPIN,ENSG00000179526,0.225068342908434,0.138283385329749,0.285623123998067,0.000576019199254303,missense|LC,8144094995,8,144094995,
NME8,ENSG00000086288,0.225120865689025,0.723507093228974,0.130270641025677,-0.000202732448207612,missense|LC,7037850213,7,37850213,
AC139530.2,ENSG00000262660,0.225161085512813,0.133876293639049,0.348631365012528,0.000742814606275399,missense|LC,17081700373,17,81700373,
FTCD,ENSG00000160282,0.225177269375986,0.888262871757825,0.128011514130602,-0.0000473284676318127,missense|LC,21046131882,21,46131882,
COPS7A,ENSG00000111652,0.225250130885144,0.272916651697029,0.132065522192176,-0.00134349998603228,missense|LC,12006724558,12,6724558,
NTAQ1,ENSG00000156795,0.225382694797348,0.475796522530618,0.127950611351021,0.000870668920254304,missense|LC,8123416748,8,123416748,
CHRNB1,ENSG00000170175,0.225448429534642,0.430877833048098,0.125434860185922,0.000653991988705535,missense|LC,17007440595,17,7440595,
SREBF1,ENSG00000072310,0.225563567213798,0.136730277974579,0.201598482727403,-0.000425770899013786,missense|LC,17017809331,17,17809331,
STOML2,ENSG00000165283,0.225571241183248,0.131447749434668,0.246174660196955,0.00149829670404481,missense|LC,9035094925,9,35094925,
PRMT1,ENSG00000126457,0.225626916647913,0.163292284929992,0.146521833505034,0.00230143230961899,missense|LC,19049673646,19,49673646,
SOX7,ENSG00000171056,0.225687101281007,0.551946931101341,0.138548837304791,-0.000273119944850983,missense|LC,8010725654,8,10725654,
CCDC180,ENSG00000197816,0.225749478738532,0.671324719561259,0.128215693823718,0.0000816919134500632,missense|LC,9097307664,9,97307664,
TUBA3E,ENSG00000152086,0.225811759648251,0.176752113979724,0.136317451632353,0.000615158871084376,missense|LC,2130190332,2,130190332,
NME3,ENSG00000103024,0.225823728877703,0.167178522995456,0.14399894604228,0.00115702202240924,missense|LC,16001765287,16,1765287,
OR51G2,ENSG00000176893,0.225863927764973,0.132441075773175,0.213774054926223,0.000877704653656605,missense|LC,11004907590,11,4907590,
GOT1,ENSG00000120053,0.225872995881469,0.963945513649726,0.129317103601403,0.0000288071354328134,missense|LC,10099397469,10,99397469,
OBP2B,ENSG00000171102,0.225901197614251,0.923332772887312,0.128101042464289,0.0000977613932762183,missense|LC,9133205268,9,133205268,
NCOA2,ENSG00000140396,0.225956424113753,0.616347677593562,0.126897026302082,0.00017992644493251,missense|LC,8070113533,8,70113533,
MISP,ENSG00000099812,0.225958839674238,0.591375873111175,0.128402509223859,0.000180582754063652,missense|LC,19000746232,19,746232,
MTF2,ENSG00000143033,0.226008749195622,0.945883159494211,0.131588653297385,0.0000450971769102721,missense|LC,1093079425,1,93079425,
DCD,ENSG00000161634,0.22607766355136,0.178770923483898,0.344233903649729,0.000725573572363189,missense|LC,12054644686,12,54644686,
TICRR,ENSG00000140534,0.226127659801274,0.425723199961311,0.123256454821727,-0.000205999666640578,missense|LC,15089575494,15,89575494,
RBP7,ENSG00000162444,0.226173515360978,0.170902719549522,0.143506772586845,-0.00483548087071109,missense|LC,1009997195,1,9997195,
USP4,ENSG00000114316,0.226204651687438,0.374965755350172,0.133629629862973,0.00029950581097797,missense|LC,3049274013,3,49274013,
LMBR1,ENSG00000105983,0.226218896500139,0.130660663838614,0.408843505753121,0.00105301325639683,missense|LC,7156675631,7,156675631,
GRAMD1A,ENSG00000089351,0.22626931974111,0.444891186350446,0.133588151859332,0.000344177576342647,missense|LC,19035000289,19,35000289,
GAB1,ENSG00000109458,0.226345628314136,0.124469490265864,0.342499618828205,0.00145424405684571,missense|LC,4143337119,4,143337119,
OR1F1,ENSG00000168124,0.226396660058268,0.548993313785873,0.135081534782752,0.000254805103423797,missense|LC,16003204248,16,3204248,
CCDC47,ENSG00000108588,0.226409321824428,0.3231781068564,0.143359750055707,-0.000588933641656188,missense|LC,17063746855,17,63746855,
RNMT,ENSG00000101654,0.226537328078986,0.556790254732387,0.127987922710572,-0.000453373368186503,missense|LC,18013731458,18,13731458,
CCDC87,ENSG00000182791,0.226566133886226,0.131295393064003,0.26861102633666,-0.000493046132847294,missense|LC,11066590416,11,66590416,
CCDC146,ENSG00000135205,0.226575629629497,0.202270289141366,0.135961426456795,0.000430938649074013,missense|LC,7077119501,7,77119501,
ARFGEF3,ENSG00000112379,0.226601534078592,0.533558491161985,0.126651457467325,0.000184677520795786,missense|LC,6138162026,6,138162026,
ZNF7,ENSG00000147789,0.226650195451991,0.463003060845769,0.125185268404983,0.000470244823176397,missense|LC,8144827349,8,144827349,
PROSER1,ENSG00000120685,0.226652726229305,0.338636877449918,0.130615477399711,0.000443285776215227,missense|LC,13039011278,13,39011278,
RDH8,ENSG00000080511,0.226655761675903,0.412156030700261,0.145261602882248,-0.000342676720206942,missense|LC,19010010229,19,10010229,
PRCC,ENSG00000143294,0.226747912033148,0.179986087892731,0.135140711953481,0.000999399263902004,missense|LC,1156767673,1,156767673,
SLC25A44,ENSG00000160785,0.226814487885682,0.1370497560858,0.304259500417203,-0.00112733097452182,missense|LC,1156199769,1,156199769,
PPP1R11,ENSG00000204619,0.226888050558101,0.148575273563929,0.189695375383612,0.00286594976699806,missense|LC,6030062201,6,30062201,
RBFOX1,ENSG00000078328,0.226914655011545,0.130699419803021,0.467144480912393,-0.00291593178376583,missense|LC,16006019012,16,6019012,
ZNF512B,ENSG00000196700,0.227048854638929,0.221599723848497,0.135721274961184,-0.000479357538642245,missense|LC,20063956165,20,63956165,
HMSD,ENSG00000221887,0.227118365883447,0.138293766775704,0.249523130672166,-0.0022236572981454,missense|LC,18063953407,18,63953407,
CASKIN1,ENSG00000167971,0.227137436119969,0.323133947342417,0.127297367502781,-0.000210915758627077,missense|LC,16002172181,16,2172181,
KLHL11,ENSG00000178502,0.227162544050313,0.131341186396285,0.641201977909696,-0.000935605124730709,missense|LC,17041845027,17,41845027,
ADAMDEC1,ENSG00000134028,0.227221981220792,0.144529113298175,0.411120668685337,-0.000684978147136518,missense|LC,8024384440,8,24384440,
CDK15,ENSG00000138395,0.227233517587005,0.131800592183067,0.502280609225716,-0.000880785020614414,missense|LC,2201806548,2,201806548,
RPP25,ENSG00000178718,0.227280641577346,0.292249398872197,0.126816500033799,0.00158082646217629,missense|LC,15074955858,15,74955858,
TOPBP1,ENSG00000163781,0.227284499139802,0.549320648812393,0.128185653502484,0.000214293087193243,missense|LC,3133601181,3,133601181,
DAOA,ENSG00000182346,0.227343487300849,0.692803369265706,0.127416295054908,0.000548802455852831,missense|LC,13105466291,13,105466291,
GOPC,ENSG00000047932,0.227351556381662,0.300351132376393,0.132461693126827,-0.000941687073293455,missense|LC,6117563187,6,117563187,
FAM170B,ENSG00000172538,0.227365547546336,0.131391838937676,0.325467202783567,-0.000966937998822466,missense|LC,10049131473,10,49131473,
AL049634.2,ENSG00000260861,0.227392093845957,0.13450450212504,0.221619453177974,-0.00140185296629567,missense|LC,20001551643,20,1551643,
TLX3,ENSG00000164438,0.227402110117664,0.132333448837668,0.261332978141232,-0.00101579879134171,missense|LC,5171309291,5,171309291,
ZNF572,ENSG00000180938,0.227539145581687,0.375348828465498,0.132232127562486,0.00041889602186725,missense|LC,8124975596,8,124975596,
TNFRSF10A,ENSG00000104689,0.227601333682255,0.518873475585346,0.131222683733092,-0.000313770138634262,missense|LC,8023191557,8,23191557,
SMIM17,ENSG00000268182,0.227655608112154,0.963576941922087,0.150441934309918,-0.0000216827458191198,missense|LC,19056645579,19,56645579,
TRAPPC13,ENSG00000113597,0.227790495394521,0.753432990705654,0.13861001559569,-0.000256863996215404,missense|LC,5065624099,5,65624099,
DAZ2,ENSG00000205944,0.227868382695527,0.589520094370271,0.136685058065166,-0.00244155038655752,missense|LC,24023229569,Y,23229569,
FGG,ENSG00000171557,0.227908099335466,0.141262924263632,0.61627247219468,0.000613113415889659,missense|LC,4154604271,4,154604271,
MAL2,ENSG00000147676,0.228025730791712,0.134497902886557,0.301860623955911,0.00165544194915135,missense|LC,8119208399,8,119208399,
BOLA1,ENSG00000178096,0.228081513432424,0.237826611461279,0.150236614229606,0.000860824762566702,missense|LC,1149886114,1,149886114,
UBAC1,ENSG00000130560,0.22813393225223,0.141677088760774,0.182816945940169,-0.000581970238980881,missense|LC,9135933342,9,135933342,
TRIM77,ENSG00000214414,0.228214811941461,0.960806075183924,0.129706874298307,-0.0000300368890537203,missense|LC,11089710214,11,89710214,
MYOG,ENSG00000122180,0.228217215081221,0.175554247469099,0.156566621517803,0.000715447921149289,missense|LC,1203083781,1,203083781,
PDE6G,ENSG00000185527,0.22822648305528,0.3213147828525,0.130796332456688,-0.00198792489430666,missense|LC,17081645457,17,81645457,
ZNF428,ENSG00000131116,0.228268554216145,0.138812703633606,0.556175058061015,0.00137913742538282,missense|LC,19043607497,19,43607497,
AL512785.2,ENSG00000254706,0.228270236381632,0.160628145984833,0.149421924668836,-0.00131785162389846,missense|LC,1162362875,1,162362875,
LRRN2,ENSG00000170382,0.2283329284711,0.151348734261472,0.166007650523376,-0.000459189741487724,missense|LC,1204617760,1,204617760,
RFC3,ENSG00000133119,0.228348272751591,0.361922901443353,0.127973570875274,0.00116790690128902,missense|LC,13033818121,13,33818121,
SCX,ENSG00000260428,0.22836331880407,0.640313153564511,0.128399369570384,0.000394209810880444,missense|LC,8144262037,8,144262037,
ARHGEF18,ENSG00000104880,0.228372603186932,0.130593945192145,0.313622544636507,-0.000380990433763641,missense|LC,19007439692,19,7439692,
CRYAA2,ENSG00000276076,0.228384176167625,,,,missense|LC,21006560759,21,6560759,
HAAO,ENSG00000162882,0.228477028050162,0.407514603211704,0.141496099930241,-0.000358377752770388,missense|LC,2042762802,2,42762802,
DCP1A,ENSG00000272886,0.228503577358691,0.203054687537604,0.173523891031836,0.000343600121747653,missense|LC,3053287548,3,53287548,
C7orf61,ENSG00000185955,0.228511144867075,0.274449534023506,0.13004420047832,-0.00114047235020154,missense|LC,7100456710,7,100456710,
DCSTAMP,ENSG00000164935,0.22853097651536,0.163317531178159,0.385234939419221,0.000423012658660186,missense|LC,8104348451,8,104348451,
MYCBP,ENSG00000214114,0.22855257151049,0.134701894824927,0.238697482525091,-0.00363360001756287,missense|LC,1038859334,1,38859334,
TMEM190,ENSG00000160472,0.228554335075297,0.920837473031915,0.13875054401624,-0.0000601497423942874,missense|LC,19055376758,19,55376758,
CKMT2,ENSG00000131730,0.228612604797539,0.460163390515766,0.12438214733139,-0.000692372040302142,missense|LC,5081232958,5,81232958,
OTOS,ENSG00000178602,0.228629207353459,0.569288416684643,0.153334195644833,-0.000338025971683763,missense|LC,2240134027,2,240134027,
ZIC1,ENSG00000152977,0.228691353376643,0.224672361175174,0.147647842595205,-0.000852604249542521,missense|LC,3147404365,3,147404365,
ALPI,ENSG00000163295,0.228854086615757,0.149429179706483,0.176205772674758,-0.000945294621909427,missense|LC,2232456072,2,232456072,
APOL1,ENSG00000100342,0.228856097590507,0.760647327351493,0.131834767705323,0.000118407544586211,missense|LC,22036253868,22,36253868,
AL096711.2,ENSG00000255330,0.229070273350042,0.53369413627141,0.135600658553132,0.000273737337460079,missense|LC,6127444043,6,127444043,
SRA1,ENSG00000213523,0.229088398889704,0.762303022889165,0.143162280020946,-0.000114501162537471,missense|LC,5140547665,5,140547665,
SEMA4F,ENSG00000135622,0.229168968028349,0.133787204327292,0.303313670507556,0.000463575505752341,missense|LC,2074654256,2,74654256,
CDK6,ENSG00000105810,0.229175303792179,0.424544258879064,0.155291793770871,-0.000494477499662026,missense|LC,7092615057,7,92615057,
RBSN,ENSG00000131381,0.229193827755954,0.449055934772854,0.134665507666935,-0.000307367117511498,missense|LC,3015065074,3,15065074,
BCL2L14,ENSG00000121380,0.229216597398744,0.92418414145586,0.136065508846062,0.0000690112516814318,missense|LC,12012079240,12,12079240,
RNF146,ENSG00000118518,0.229374588065453,0.128907119918861,0.586640099982081,0.00151083458327666,missense|LC,6127280258,6,127280258,
NRDC,ENSG00000078618,0.229376331562102,0.136181557653483,0.622032457977454,-0.000542034229180524,missense|LC,1051784193,1,51784193,
SNX17,ENSG00000115234,0.229471111962855,0.219417883657691,0.148943439713272,-0.000455320865289322,missense|LC,2027366660,2,27366660,
IDO1,ENSG00000131203,0.229497577663238,0.726340183519869,0.128976129708702,0.000319519443427552,missense|LC,8039913882,8,39913882,
KIR3DL3,ENSG00000242019,0.229509472535968,0.522009536752905,0.129263811175046,0.000299201363840305,missense|LC,19054724352,19,54724352,
MAFG,ENSG00000197063,0.22956122776809,0.136629269739281,0.211914803849328,0.00298369449610356,missense|LC,17081913713,17,81913713,
SOGA3,ENSG00000214338,0.229622880064298,0.534499128228464,0.135918370873915,0.000272998659885532,missense|LC,6127473023,6,127473023,
PHGR1,ENSG00000233041,0.229700462440512,0.599370854844905,0.142650286055163,-0.00285857354831198,missense|LC,15040353158,15,40353158,
GALE,ENSG00000117308,0.229757979531565,0.711047712022533,0.12961432170912,0.000276469613853217,missense|LC,1023792630,1,23792630,
UBA5,ENSG00000081307,0.229858132241851,0.153053764523209,0.314023216195854,-0.000942577341557406,missense|LC,3132659481,3,132659481,
ARHGEF40,ENSG00000165801,0.229919428244353,0.130350405011709,0.693023112662189,-0.000371097398633047,missense|LC,14021070269,14,21070269,
SRPK3,ENSG00000184343,0.229932070783678,0.132323947415138,0.412192067818204,-0.00058055172309327,missense|LC,23153776050,X,153776050,
SZRD1,ENSG00000055070,0.229936733604801,0.136901418702891,0.384790508731482,0.00196607052455421,missense|LC,1016367178,1,16367178,
PRICKLE3,ENSG00000012211,0.229964857120487,0.127554777265046,0.336111270341333,-0.000795119510646708,missense|LC,23049171986,X,49171986,
VRK1,ENSG00000100749,0.229987122639622,0.13319064680827,0.522728633233912,-0.00113868928578994,missense|LC,14096833379,14,96833379,
IFNA7,ENSG00000214042,0.229995654660876,0.141726639175628,0.430867164717982,-0.000638406098139181,missense|LC,9021201455,9,21201455,
VWA2,ENSG00000165816,0.230182920674693,0.135598961571735,0.903547712570942,-0.000387192255526284,missense|LC,10114246625,10,114246625,
NUDT18,ENSG00000275074,0.230220215255917,0.251850512551911,0.13083589012492,0.000864585375813007,missense|LC,8022101879,8,22101879,
MSGN1,ENSG00000151379,0.2303040563549,0.130826357760545,0.789400749984293,0.00211589139188835,missense|LC,2017816449,2,17816449,
UBQLN2,ENSG00000188021,0.230372741043077,0.857667158822919,0.12971250652335,-0.000142118673239179,missense|LC,23056563833,X,56563833,
C1orf94,ENSG00000142698,0.230386401975935,0.13527776551781,0.902877976081363,-0.000675232890617057,missense|LC,1034177706,1,34177706,
FCGR3A,ENSG00000203747,0.230414148666762,0.274053826042863,0.149810537716815,0.000470413708671217,missense|LC,1161542950,1,161542950,
DLG1,ENSG00000075711,0.230426480566559,0.899512965645847,0.129962740433671,-0.0000630815554282834,missense|LC,3197044590,3,197044590,
AJUBA,ENSG00000129474,0.230553430525117,0.144260229846939,0.187418224686566,-0.000875716758695279,missense|LC,14022973309,14,22973309,
SEMA5B,ENSG00000082684,0.230625331655872,0.136907356430675,0.186766935081901,0.000576767463013887,missense|LC,3122910048,3,122910048,
SSTR4,ENSG00000132671,0.230630553392414,0.190167795974182,0.13715157963883,-0.000601707626530722,missense|LC,20023035400,20,23035400,
CNOT6L,ENSG00000138767,0.230689896584016,0.19302323432977,0.142837448288499,0.00104570957524683,missense|LC,4077720362,4,77720362,
APLN,ENSG00000171388,0.230768119054678,0.97742185600147,0.136661060871947,0.00000903305962658363,missense|LC,23129647537,X,129647537,
AC135068.3,ENSG00000279408,0.230830845428965,0.393116406226942,0.160118504399462,0.0038705108682747,missense|LC,15021652172,15,21652172,
LINC02203,ENSG00000280709,0.230830845428965,0.393116406226942,0.160118504399462,0.0038705108682747,missense|LC,15021609379,15,21609379,
EPC1,ENSG00000120616,0.230849443654335,0.188602623395696,0.143295141956813,-0.000607113542436633,missense|LC,10032269011,10,32269011,
VSX2,ENSG00000119614,0.230860013059615,0.148444345523901,0.497361000547331,-0.000707705751205417,missense|LC,14074239437,14,74239437,
TCEAL8,ENSG00000180964,0.230946605968095,0.13467167793891,0.264563821209556,-0.00268220474135686,missense|LC,23103253580,X,103253580,
OR5B21,ENSG00000198283,0.231058610679681,0.849575630678521,0.135934930969744,-0.000123884295254849,missense|LC,11058507180,11,58507180,
EID2B,ENSG00000176401,0.231084799889246,0.180288518874681,0.175815244530694,0.000885799395239913,missense|LC,19039532204,19,39532204,
CTU1,ENSG00000142544,0.23113283271291,0.141988088601039,0.222489745619252,0.00126719796571714,missense|LC,19051098485,19,51098485,
ADAMTS20,ENSG00000173157,0.231151570214466,0.719961393417042,0.126174167772084,-0.000126451929014624,missense|LC,12043354163,12,43354163,
IFIT5,ENSG00000152778,0.231158991620613,0.494772685648843,0.139011299338639,0.000271140044080245,missense|LC,10089414682,10,89414682,
CFAP73,ENSG00000186710,0.231217626082337,0.145694200231271,0.265431448940199,-0.000745848199961923,missense|LC,12113149862,12,113149862,
USP17L4,ENSG00000236125,0.231218406555491,0.182304979033096,0.242581181697524,0.000669034312535084,missense|LC,8007332891,8,7332891,
RASSF10,ENSG00000189431,0.23124356017724,0.139425559758173,0.59075022970934,-0.000545493638449663,missense|LC,11013009386,11,13009386,
ANKS1B,ENSG00000185046,0.231301982230008,0.133459712660724,0.244835572621288,-0.00297424926267699,missense|LC,12098732363,12,98732363,
EGF,ENSG00000138798,0.23130324092259,0.144270642207098,0.164186202076613,-0.000596814607723955,missense|LC,4109913233,4,109913233,
TRPV4,ENSG00000111199,0.231316126333291,0.804417570539103,0.133411467921007,0.000102865910966237,missense|LC,12109783490,12,109783490,
TMEM72,ENSG00000187783,0.231349461308864,0.129585015575575,0.400520229616276,0.00149173272238591,missense|LC,10044911422,10,44911422,
SLC9B1,ENSG00000164037,0.231372368388101,0.47517932652467,0.135624766607795,-0.000490314052711839,missense|LC,4102900852,4,102900852,
IKBKG,ENSG00000269335,0.231402730611267,0.143111412928882,0.375727518782042,-0.000949776493657237,missense|LC,23154542259,X,154542259,
SCN10A,ENSG00000185313,0.231450095805198,0.817016390830281,0.128352691976745,-0.0000493944337856473,missense|LC,3038697205,3,38697205,
PIK3R1,ENSG00000145675,0.231467056038743,0.204611411627485,0.132622760867406,0.00113511482835514,missense|LC,5068226623,5,68226623,
TMED4,ENSG00000158604,0.231482463764357,0.220910934547591,0.143044058189636,0.000928940498327313,missense|LC,7044572894,7,44572894,
NRN1L,ENSG00000188038,0.231530964354614,0.134714658561184,0.667734492751569,-0.00113983090970865,missense|LC,16067879863,16,67879863,
FAM163B,ENSG00000196990,0.23153656345404,0.238794036309049,0.146628004117045,0.000720071692069585,missense|LC,9133573732,9,133573732,
C3AR1,ENSG00000171860,0.231548575245217,0.809776535324812,0.128665432869823,0.000164930627036169,missense|LC,12008052699,12,8052699,
NOXA1,ENSG00000188747,0.231571132405095,0.162217069376803,0.156037832734556,-0.000374033304064402,missense|LC,9137423455,9,137423455,
CACNA1A,ENSG00000141837,0.231585549121618,0.665726551071977,0.130158439127602,0.0000867301912826161,missense|LC,19013207265,19,13207265,
PROZ,ENSG00000126231,0.23160084350314,0.574604420197293,0.13363336068993,0.000200865581025458,missense|LC,13113158648,13,113158648,
ZBTB34,ENSG00000177125,0.231616748098269,0.887652588862979,0.129114591040102,-0.000168368385974653,missense|LC,9126879349,9,126879349,
PCDHGA10,ENSG00000253846,0.231647701793984,0.294997058434899,0.137774590810194,-0.000382405053686091,missense|LC,5141408177,5,141408177,
APOC1,ENSG00000130208,0.231660797629442,0.373622312741927,0.183914963971219,0.000465647410738431,missense|LC,19044909249,19,44909249,
GLS2,ENSG00000135423,0.231817606520456,0.133054456504332,0.245608285834143,-0.00146992348505983,missense|LC,12056468493,12,56468493,
FGD1,ENSG00000102302,0.231836722036912,0.41644361427643,0.139193120400227,0.000294503411260346,missense|LC,23054440458,X,54440458,
CRB2,ENSG00000148204,0.231850083797375,0.158386517256451,0.153067672403002,0.000399216719525556,missense|LC,9123356206,9,123356206,
AL035425.2,ENSG00000260548,0.231855967514591,0.278101988461576,0.140172516234957,0.00346265906919629,missense|LC,23108732456,X,108732456,
OTUB1,ENSG00000167770,0.231880140098228,0.131678898182733,0.800813242373563,0.0018049039259453,missense|LC,11063986419,11,63986419,
PLEKHG6,ENSG00000008323,0.231904922299232,0.519091302487014,0.130700960312465,-0.000253933071161062,missense|LC,12006312144,12,6312144,
ALG14,ENSG00000172339,0.231940722259816,0.341298515719785,0.135088248303227,0.00228752325768816,missense|LC,1094983016,1,94983016,
PSMD11,ENSG00000108671,0.231975758176278,0.383808460630203,0.134483202238646,-0.00101497343968557,missense|LC,17032444450,17,32444450,
GPR34,ENSG00000171659,0.232092930770849,0.616650218473373,0.129644911473039,0.000731323938098288,missense|LC,23041695615,X,41695615,
ADCYAP1R1,ENSG00000078549,0.232105334538434,0.142499109370045,0.441009511759229,-0.000708260531863456,missense|LC,7031063163,7,31063163,
ACADVL,ENSG00000072778,0.232146094651153,0.19145847406999,0.137353885687074,-0.000477053492636188,missense|LC,17007217019,17,7217019,
ZSCAN5B,ENSG00000197213,0.232166223709514,0.402264187770415,0.132900744900429,-0.000314141970939653,missense|LC,19056185185,19,56185185,
RAB29,ENSG00000117280,0.232377756167795,0.144339316044828,0.172798730824551,-0.00176879962749662,missense|LC,1205770291,1,205770291,
CNOT11,ENSG00000158435,0.232427009020317,0.140879383468859,0.419914951602897,-0.000852952551781536,missense|LC,2101252872,2,101252872,
BACE2,ENSG00000182240,0.232431211693702,0.382839207316963,0.144966179954592,-0.000361642618978927,missense|LC,21041168193,21,41168193,
CUL2,ENSG00000108094,0.23250476023751,0.555207267388608,0.147000921389391,0.000308006561872885,missense|LC,10035010292,10,35010292,
TRIB3,ENSG00000101255,0.232551189223992,0.68896942706386,0.135946515909258,-0.000160003665748988,missense|LC,20000382454,20,382454,
H3-3B,ENSG00000132475,0.232596558518075,0.763165015653741,0.133124767066644,-0.00165519468076697,missense|LC,17075778474,17,75778474,
OR10Q1,ENSG00000180475,0.232683034295473,0.137768332405955,0.241335229365114,-0.000879269184285476,missense|LC,11058227820,11,58227820,
RFLNB,ENSG00000183688,0.232695546322129,0.146939822355482,0.3960749222619,-0.000485389919825222,missense|LC,17000442787,17,442787,
TFPI,ENSG00000003436,0.232758287367951,0.481634607416002,0.149283963891858,0.000433871878948149,missense|LC,2187466929,2,187466929,
FABP3,ENSG00000121769,0.232768790688229,0.665600057514629,0.140432166200385,-0.000524243430032256,missense|LC,1031363888,1,31363888,
ZADH2,ENSG00000180011,0.232867243996618,0.26022332756724,0.13303153386748,0.000766495543214526,missense|LC,18075201355,18,75201355,
MYH6,ENSG00000197616,0.232893307033381,0.291269969607686,0.13999335676414,-0.000202276367478201,missense|LC,14023377130,14,23377130,
PSMD8,ENSG00000099341,0.232922462634647,0.237919302977161,0.131450351299741,0.000963869155203487,missense|LC,19038369906,19,38369906,
ST7L,ENSG00000007341,0.232957435107271,0.930032713341817,0.139198945995195,-0.000026088007821769,missense|LC,1112520201,1,112520201,
ELOA2,ENSG00000206181,0.232963585652202,0.138741194972621,0.712334708029958,0.000345778093299212,missense|LC,18047032835,18,47032835,
DUSP13,ENSG00000079393,0.232978047700782,0.141184328019918,0.238956151558284,0.00071719626369242,missense|LC,10075089436,10,75089436,
ERCC2,ENSG00000104884,0.233116966826235,0.249234569039054,0.130311861949577,0.000490646938206758,missense|LC,19045345416,19,45345416,
SRPX2,ENSG00000102359,0.233117605605573,0.142501563031836,0.199529790470222,0.000822477183144978,missense|LC,23100646280,X,100646280,
TIMP4,ENSG00000157150,0.233162098167935,0.130854572973698,0.590897486104386,0.00139124051590024,missense|LC,3012151196,3,12151196,
AC135068.2,ENSG00000278263,0.233169391037177,0.73741469964954,0.146894927256446,0.000604590414557594,missense|LC,15021742327,15,21742327,
B3GALNT1,ENSG00000169255,0.233229614516186,0.129268736971779,0.763214824222113,0.00220069753156407,missense|LC,3161085672,3,161085672,
EYA4,ENSG00000112319,0.233241452660481,0.135675691562651,0.252583576103992,-0.00100988340174281,missense|LC,6133274722,6,133274722,
SHCBP1L,ENSG00000157060,0.233287165077974,0.139226166202565,0.297502780546286,0.000468192950475319,missense|LC,1182899911,1,182899911,
POLA2,ENSG00000014138,0.233320183189551,0.979959107626371,0.134372427494367,-0.000005541964475767,missense|LC,11065262237,11,65262237,
SERPINA4,ENSG00000100665,0.233383552518346,0.135190830531934,0.428040018530263,0.000818008774562953,missense|LC,14094561576,14,94561576,
MMP20,ENSG00000137674,0.233519974424812,0.42606127283403,0.14400167021656,-0.000212365263866771,missense|LC,11102577299,11,102577299,
TRIP10,ENSG00000125733,0.233568076787683,0.128737204641688,0.421408382363701,0.000810314904833125,missense|LC,19006735571,19,6735571,
PKIA,ENSG00000171033,0.233595423696087,0.142831749207878,0.329230228536488,-0.00453657673134517,missense|LC,8078598337,8,78598337,
CLEC3B,ENSG00000163815,0.233631293721926,0.975666032997796,0.13167919261055,0.000034053405976982,missense|LC,3045026308,3,45026308,
SPRY2,ENSG00000136158,0.233668403698417,0.516321637873664,0.149612200777818,0.000428864600774618,missense|LC,13080336691,13,80336691,
NT5C2,ENSG00000076685,0.233720646301897,0.843895423883967,0.134529930804708,0.000193637317740401,missense|LC,10103089502,10,103089502,
PLEKHB2,ENSG00000115762,0.233731339965196,0.14404229495973,0.204365289623349,0.00126240830927436,missense|LC,2131120860,2,131120860,
C2orf88,ENSG00000187699,0.233822438830202,0.149559340266641,0.184519411246096,-0.0023451936514362,missense|LC,2190180382,2,190180382,
CELSR3,ENSG00000008300,0.233840100996877,0.203834563232045,0.134047514342529,-0.000284273689194598,missense|LC,3048631524,3,48631524,
TTC32,ENSG00000183891,0.234020900400254,0.563457696648671,0.134133450786601,0.000578647943719627,missense|LC,2019896916,2,19896916,
TNFRSF17,ENSG00000048462,0.234041846304927,0.134247997254173,0.329801447058211,0.00130362357131256,missense|LC,16011965210,16,11965210,
HBG1,ENSG00000213934,0.234211102558683,0.34978286875558,0.139058098030642,0.00274542458689682,missense|LC,11005248251,11,5248251,
EIF4EBP1,ENSG00000187840,0.234235050714101,0.243572200681455,0.133198313301947,0.00198069702993679,missense|LC,8038030422,8,38030422,
FKBP2,ENSG00000173486,0.234252087518324,0.3537113463899,0.137230056276539,0.00118736511172355,missense|LC,11064236157,11,64236157,
C2,ENSG00000166278,0.234259555038282,0.90755656736395,0.129000390301048,-0.000064185275783515,missense|LC,6031927426,6,31927426,
PRKAR1A,ENSG00000108946,0.234299840608262,0.520096157155314,0.133358718405829,0.000869900705435129,missense|LC,17068515311,17,68515311,
RPS25,ENSG00000118181,0.234302572739861,0.347242769926587,0.130951765935977,-0.0033323975778656,missense|LC,11119010719,11,119010719,
OLFML3,ENSG00000116774,0.234344626125085,0.658510249607809,0.14584281854771,0.000196421172273473,missense|LC,1113979481,1,113979481,
UNK,ENSG00000132478,0.234378598287162,0.274306766353188,0.134031339503784,-0.000702374060091034,missense|LC,17075784808,17,75784808,
KRTAP10-5,ENSG00000241123,0.234471690049327,0.182695278329068,0.144391293991334,0.000660902999177461,missense|LC,21044574405,21,44574405,
COG8,ENSG00000213380,0.234493644902659,0.13360351002099,0.606931538194898,-0.00091057461493811,missense|LC,16069324126,16,69324126,
NKRF,ENSG00000186416,0.234625277307795,0.177384929054772,0.14331923780076,-0.000740933174963614,missense|LC,23119583343,X,119583343,
ZNF213,ENSG00000085644,0.234728087733162,0.134786924932393,0.268688529286458,-0.00104862565762181,missense|LC,16003137156,16,3137156,
CAPRIN1,ENSG00000135387,0.234799847276502,0.832795149989181,0.128869011694972,0.000179859173128902,missense|LC,11034052366,11,34052366,
CAPZB,ENSG00000077549,0.234850886579429,0.142114089699078,0.743841043879152,0.00221202871586349,missense|LC,1019339492,1,19339492,
LMNB2,ENSG00000176619,0.234959737692732,0.6470510074603,0.129339650092176,0.000262906965805171,missense|LC,19002423969,19,2423969,
AL163195.3,ENSG00000259060,0.235020044685409,0.151949617830567,0.700456127720695,-0.00125579134698623,missense|LC,14020583784,14,20583784,
UBE2E2,ENSG00000182247,0.235111529992687,0.145447014132741,0.198350983545949,-0.00314263246415194,missense|LC,3023202327,3,23202327,
GNG2,ENSG00000186469,0.235243127497226,0.341365108733343,0.150128983059255,0.00185790125752459,missense|LC,14051950647,14,51950647,
GALNS,ENSG00000141012,0.235250736104559,0.143650115205912,0.213130047095695,-0.000584011878682929,missense|LC,16088809568,16,88809568,
ACP7,ENSG00000183760,0.235308877676335,0.139268770494288,0.564211800422021,-0.000750545295255394,missense|LC,19039085151,19,39085151,
IRAK4,ENSG00000198001,0.235401468425721,0.133960564465011,0.532500637665595,-0.00118816387396276,missense|LC,12043754306,12,43754306,
GPR152,ENSG00000175514,0.235431385991754,0.164029522573391,0.155996951533499,0.000435183529023359,missense|LC,11067451252,11,67451252,
SKOR1,ENSG00000188779,0.235477558622484,0.141811199331635,0.742305820895061,-0.000466633094652251,missense|LC,15067819604,15,67819604,
CAPN5,ENSG00000149260,0.235480069430724,0.722353764099,0.134547632322401,-0.000131593024219433,missense|LC,11077073016,11,77073016,
CYSRT1,ENSG00000197191,0.235499839673469,0.190993581148965,0.149847635116144,-0.000464679538196473,missense|LC,9137220326,9,137220326,
NRK,ENSG00000123572,0.235503288954164,0.135299978884344,0.425195536677212,0.000405879705935145,missense|LC,23105822797,X,105822797,
FAAP20,ENSG00000162585,0.235606186679783,0.144127348579029,0.446079910710496,-0.0013006000500607,missense|LC,1002184536,1,2184536,
GPR45,ENSG00000135973,0.235613976882587,0.135061878568711,0.315874161981171,-0.00118340123467452,missense|LC,2105241762,2,105241762,
UMOD,ENSG00000169344,0.235627188565256,0.144630070015196,0.197880360051409,-0.000741372436963224,missense|LC,16020333242,16,20333242,
WASHC2C,ENSG00000172661,0.235743381806623,0.262951839305381,0.138245114634347,0.000387133903197444,missense|LC,10045722267,10,45722267,
HMGN1,ENSG00000205581,0.235767516809258,0.135091577113191,0.738072042677184,0.00199655325378185,missense|LC,21039342781,21,39342781,
ARG1,ENSG00000118520,0.235792929607266,0.5108995464903,0.144172506810278,0.00052439924431667,missense|LC,6131573213,6,131573213,
AC008575.1,ENSG00000258864,0.235844194163861,0.339306772785453,0.149029786751874,0.00171540781713671,missense|LC,5112827032,5,112827032,
BATF3,ENSG00000123685,0.235950472819747,0.135416815130992,0.341863074662438,0.00253174745407128,missense|LC,1212686640,1,212686640,
RCC1,ENSG00000180198,0.236109817399752,0.487767231482475,0.129946438838218,-0.000729454022409205,missense|LC,1028529812,1,28529812,
PARP2,ENSG00000129484,0.236266759446069,0.137448881523672,0.242003000707369,-0.000839919283062201,missense|LC,14020343616,14,20343616,
ADAMTS3,ENSG00000156140,0.236366709522049,0.134737907414059,0.50810506684098,-0.000468446831965409,missense|LC,4072283077,4,72283077,
CSF1,ENSG00000184371,0.236371650360597,0.135435279914048,0.674950044158247,-0.000762394846316611,missense|LC,1109910933,1,109910933,
ZNF705G,ENSG00000215372,0.236371802936215,0.801027613463237,0.135798102118397,-0.0000893892727632874,missense|LC,8007357836,8,7357836,
LGALS2,ENSG00000100079,0.236386243104172,0.155047049608486,0.168312480288059,0.00138170577772697,missense|LC,22037566324,22,37566324,
SLC4A10,ENSG00000144290,0.236474516582544,0.593879904769187,0.132097534974629,0.000343002136146109,missense|LC,2161624076,2,161624076,
CMIP,ENSG00000153815,0.236568444754482,0.309999412107642,0.129983047611952,0.000725619969879297,missense|LC,16081445189,16,81445189,
NAGPA,ENSG00000103174,0.23661547761437,0.325579449032947,0.130390132467677,0.000482562739448671,missense|LC,16005025376,16,5025376,
MXD1,ENSG00000059728,0.236631954389112,0.888417590266418,0.138318409420216,0.000144281955475328,missense|LC,2069915235,2,69915235,
EFCAB10,ENSG00000185055,0.236941723196496,0.140705601529026,0.307691855913081,0.00957990167354637,missense|LC,7105563683,7,105563683,
WDR35,ENSG00000118965,0.236963755126804,0.512065517713829,0.136306503334195,0.000246752732848921,missense|LC,2019913440,2,19913440,
DEDD,ENSG00000158796,0.237014883927543,0.646603318756755,0.133929843557608,0.000565396400471828,missense|LC,1161117890,1,161117890,
PSMD6,ENSG00000163636,0.237028387206418,0.139868067836912,0.686628169226386,-0.000885336122483382,missense|LC,3064010627,3,64010627,
MSR1,ENSG00000038945,0.237142091226076,0.140265458446199,0.236660677390608,-0.000606501062050455,missense|LC,8016110046,8,16110046,
MILR1,ENSG00000271605,0.237144388968223,0.175713100302798,0.256377961641814,0.0010166181282849,missense|LC,17064465416,17,64465416,
TARS1,ENSG00000113407,0.237173433069708,0.558634253493946,0.137485584429752,-0.000247300545818365,missense|LC,5033440979,5,33440979,
TYW3,ENSG00000162623,0.23733342328611,0.504304653660329,0.156914705532982,0.000448207398496037,missense|LC,1074733111,1,74733111,
SPSB4,ENSG00000175093,0.237415100879482,0.156000912392335,0.17253021906053,0.00142390233758385,missense|LC,3141066020,3,141066020,
UPF2,ENSG00000151461,0.237440078913477,0.172268857791512,0.14933543764294,0.00112969494334335,missense|LC,10011921183,10,11921183,
RASSF7,ENSG00000099849,0.23751400958266,0.187563138020812,0.142683566286518,0.000486932828391668,missense|LC,11000555972,11,555972,
PSD,ENSG00000059915,0.237604259218365,0.90056444406447,0.136537186163236,0.0000505873820985079,missense|LC,10102397624,10,102397624,
C1orf21,ENSG00000116667,0.237614313994022,0.555227429502382,0.146695026066242,-0.000984662765047741,missense|LC,1184477453,1,184477453,
BEGAIN,ENSG00000183092,0.23761611079108,0.148006744711303,0.17966508675819,-0.000651357729019779,missense|LC,14100537824,14,100537824,
AL031315.1,ENSG00000285733,0.237632417487379,0.14747922671331,0.376897463425771,-0.00125052597188434,missense|LC,6169457517,6,169457517,
BAIAP2,ENSG00000175866,0.237740934431163,0.145719874634511,0.198169738520417,0.000965281345497967,missense|LC,17081035173,17,81035173,
MYL10,ENSG00000106436,0.237751752279599,0.14901198302221,0.19804552889862,-0.0012099245341238,missense|LC,7101613419,7,101613419,
FGFRL1,ENSG00000127418,0.237817581080069,0.134894804657827,0.261903213224179,0.000791343523324633,missense|LC,4001012366,4,1012366,
CAST,ENSG00000153113,0.23781901054048,0.850140137012029,0.133218493157596,-0.0000901945679112242,missense|LC,5096662296,5,96662296,
ZFYVE19,ENSG00000166140,0.237847169329036,0.140152351382663,0.759169239630853,0.000539511770068992,missense|LC,15040807170,15,40807170,
MCM4,ENSG00000104738,0.237915280446715,0.667214790316585,0.135842531293558,0.000173716826806996,missense|LC,8047955950,8,47955950,
DGKB,ENSG00000136267,0.237963306989461,0.634687396672009,0.139418119453795,0.000287046562966549,missense|LC,7014149078,7,14149078,
CUL7,ENSG00000044090,0.237992448416026,0.135212819333475,0.53105844409662,0.00037627717005496,missense|LC,6043037627,6,43037627,
PI4K2B,ENSG00000038210,0.238070301138261,0.810749111160907,0.136836758979196,-0.000197569855897164,missense|LC,4025234068,4,25234068,
XG,ENSG00000124343,0.238123664991177,0.155091460624347,0.173252501010537,0.00131548727246096,missense|LC,23002752122,X,2752122,
EDN1,ENSG00000078401,0.238175045915662,0.904416929860046,0.143924596290486,0.0000930534318783025,missense|LC,6012290575,6,12290575,
MTOR,ENSG00000198793,0.238182386343959,0.134861107500837,0.256748557787858,-0.000526096267681427,missense|LC,1011106515,1,11106515,
PCBP4,ENSG00000090097,0.238228902317459,0.155002250158085,0.198342773980156,-0.000600515487854696,missense|LC,3051955589,3,51955589,
NUDT22,ENSG00000149761,0.238243260817111,0.620577681226481,0.13508667712495,-0.00047032092244009,missense|LC,11064222932,11,64222932,
PDK3,ENSG00000067992,0.238272366224751,0.156472752462338,0.401459860366523,0.000873447975141616,missense|LC,23024465429,X,24465429,
ARHGEF5,ENSG00000050327,0.238333128318912,0.141278000117431,0.469984196936662,-0.000592732671919641,missense|LC,7144362626,7,144362626,
PURB,ENSG00000146676,0.238493021726917,0.74584369341764,0.133057299160695,0.000486594864562709,missense|LC,7044871281,7,44871281,
ENSA,ENSG00000143420,0.238560648422873,0.194164397444287,0.217080564182379,-0.000737645183433078,missense|LC,1150622740,1,150622740,
GALK1,ENSG00000108479,0.238672431666404,0.133463104247911,0.377793698286818,0.00121985601885533,missense|LC,17075748788,17,75748788,
HSD11B1,ENSG00000117594,0.238702854565992,0.267340937849084,0.13718742974442,-0.00144633579391797,missense|LC,1209704901,1,209704901,
MPHOSPH9,ENSG00000051825,0.238783167421283,0.136990160650224,0.550134521708604,0.000474890001668374,missense|LC,12123156751,12,123156751,
TNFRSF11B,ENSG00000164761,0.23892852943186,0.136180638952779,0.565177892484347,-0.000976308009649125,missense|LC,8118924279,8,118924279,
CUBN,ENSG00000107611,0.239113844673355,0.814571184693812,0.133102013750474,-0.000043463903096993,missense|LC,10016824945,10,16824945,
BLOC1S5-TXNDC5,ENSG00000259040,0.239118659825423,0.973985951194312,0.148353659269695,0.000103951238225704,missense|LC,6007879001,6,7879001,
BAALC,ENSG00000164929,0.239126053169509,0.140534604582916,0.238585871009105,0.00209316165361024,missense|LC,8103140788,8,103140788,
TRAK2,ENSG00000115993,0.239155512361851,0.546864743574117,0.133481544187296,-0.000372542674550556,missense|LC,2201380458,2,201380458,
C8orf44,ENSG00000288596,0.239191428211987,0.139003423245507,0.309676389287498,-0.00175732450863151,missense|LC,8066664115,8,66664115,
MRPL27,ENSG00000108826,0.23925273649117,0.523528348035303,0.135512260172178,-0.000667849983591669,missense|LC,17050368005,17,50368005,
ARFRP1,ENSG00000101246,0.23926132573192,0.135392190869952,0.679325267279791,-0.00168913056268235,missense|LC,20063694347,20,63694347,
MICB,ENSG00000204516,0.239296011721653,0.331629438706025,0.146783271541356,-0.000465987730257079,missense|LC,6031498119,6,31498119,
GIMAP6,ENSG00000133561,0.239301205735025,0.142841475632422,0.429877536849546,-0.000523884762138985,missense|LC,7150627620,7,150627620,
ZNF606,ENSG00000166704,0.239334321109541,0.143048409373762,0.42285241834015,0.000828765575350522,missense|LC,19057972366,19,57972366,
COX7A2L,ENSG00000115944,0.23940615333916,0.141299985573387,0.353715550927045,-0.00172911278316123,missense|LC,2042351117,2,42351117,
TSACC,ENSG00000163467,0.239410292665629,0.140899583296748,0.64291980149233,-0.00225845539845285,missense|LC,1156333513,1,156333513,
PCYT1A,ENSG00000161217,0.239413535110954,0.213125880858066,0.136683609403552,0.000923218790665457,missense|LC,3196229804,3,196229804,
CERS3,ENSG00000154227,0.239423969056606,0.154142106908804,0.17809500649234,-0.000706328892749266,missense|LC,15100402634,15,100402634,
PFKFB2,ENSG00000123836,0.239468218091771,0.146454961526469,0.725039026723551,0.000952040448882805,missense|LC,1207048949,1,207048949,
IFNA14,ENSG00000228083,0.239576996928811,0.555613694638974,0.145678993014426,0.000280606248974793,missense|LC,9021239219,9,21239219,
NAB2,ENSG00000166886,0.239636478297446,0.133440922909562,0.786737966671913,0.00156880396299513,missense|LC,12057089187,12,57089187,
SPRTN,ENSG00000010072,0.239685950274127,0.157413373693107,0.197657203137142,-0.00064194959457705,missense|LC,1231335470,1,231335470,
THSD7B,ENSG00000144229,0.239711073069134,0.141465303154588,0.675741340628708,-0.00526360400753596,missense|LC,2136882074,2,136882074,
OR8J1,ENSG00000172487,0.23983035663777,0.396178492916502,0.150713339813439,0.000522935158313469,missense|LC,11056357633,11,56357633,
ANKRD20A4P,ENSG00000172014,0.239884394968929,0.146048080349212,0.226932174188206,-0.000891993000211165,missense|LC,9064378528,9,64378528,
ADGRB1,ENSG00000181790,0.239887957623341,0.371495961629168,0.134727876874754,0.000316421565898814,missense|LC,8142464102,8,142464102,
RDH12,ENSG00000139988,0.239912867876366,0.155173961457616,0.19122469385697,0.00155780075498019,missense|LC,14067722587,14,67722587,
GPATCH4,ENSG00000160818,0.239927990380382,0.337488182260341,0.135425569905529,-0.000737404338322418,missense|LC,1156591690,1,156591690,
HECTD4,ENSG00000173064,0.240000861223333,0.135091374683348,0.726249371215326,-0.000330136484733014,missense|LC,12112162294,12,112162294,
EPHA2,ENSG00000142627,0.240034114354291,0.363577783911854,0.137796241870171,0.000259470092322536,missense|LC,1016125149,1,16125149,
PRELID1,ENSG00000169230,0.240067019193318,0.158657255601697,0.176515753419677,-0.00144169367465812,missense|LC,5177301652,5,177301652,
FEM1B,ENSG00000169018,0.240086093161974,0.134070487149671,0.813699342262356,-0.00139833564826211,missense|LC,15068278294,15,68278294,
C12orf65,ENSG00000130921,0.24030547340733,0.66044360495134,0.134339853782739,0.000717722754801458,missense|LC,12123230247,12,123230247,
OOEP,ENSG00000203907,0.240340575031492,0.155835357521508,0.191205371704208,-0.000776678493132375,missense|LC,6073363737,6,73363737,
WFDC5,ENSG00000175121,0.24038931406738,0.2540467236192,0.185077949515559,-0.000679034867286516,missense|LC,20045109895,20,45109895,
SLC35G5,ENSG00000177710,0.240440789224104,0.149730503216989,0.19084891090354,-0.000671371107724722,missense|LC,8011330953,8,11330953,
LDHA,ENSG00000134333,0.240469682654388,0.147210440202288,0.418980294350834,-0.000973749367095163,missense|LC,11018396507,11,18396507,
MIGA2,ENSG00000148343,0.240522262483421,0.146583833367385,0.217450146666098,-0.000529470492745127,missense|LC,9129036935,9,129036935,
KRTAP15-1,ENSG00000186970,0.240596693083768,0.250174202984,0.139425650330258,-0.00168916191332888,missense|LC,21030440271,21,30440271,
ECI1,ENSG00000167969,0.240682943129808,0.512751849820941,0.14354991185655,0.000204967381569094,missense|LC,16002234402,16,2234402,
ADO,ENSG00000181915,0.240890468935089,0.419621377428067,0.142367719914857,0.000999716605228629,missense|LC,10062804956,10,62804956,
FOXP3,ENSG00000049768,0.240897635780194,0.139165812874183,0.407355170921097,-0.000985309232498055,missense|LC,23049246679,X,49246679,
PPP5C,ENSG00000011485,0.240914688507214,0.65709760115526,0.134152688697765,0.000425381545350274,missense|LC,19046346962,19,46346962,
DNAJC8,ENSG00000126698,0.240932880892329,0.222722054543333,0.137698983413096,-0.00180122056889114,missense|LC,1028201126,1,28201126,
LMLN,ENSG00000185621,0.240943357135217,0.782523501345216,0.135482901438049,0.000259960503522483,missense|LC,3197955702,3,197955702,
PSENEN,ENSG00000205155,0.240961512687847,0.135928127586906,0.590950632362602,-0.00477749440011311,missense|LC,19035740951,19,35740951,
GLRA2,ENSG00000101958,0.241019118657515,0.325759111447918,0.146704660974624,-0.00103742385657971,missense|LC,23014530034,X,14530034,
PPOX,ENSG00000143224,0.241037296049461,0.256693666682042,0.134330636796174,-0.0011211142075936,missense|LC,1161161971,1,161161971,
PHC3,ENSG00000173889,0.241066150283675,0.193406469012715,0.147458111090036,-0.000424457622341956,missense|LC,3170083948,3,170083948,
SLC22A17,ENSG00000092096,0.241067367624732,0.139567137591643,0.431616596945557,-0.000816249452157285,missense|LC,14023346525,14,23346525,
USP41,ENSG00000161133,0.241096532640737,0.146194213475897,0.573140683374509,0.000851836275417278,missense|LC,22020363500,22,20363500,
AMER2,ENSG00000165566,0.241166360729702,0.543438035298244,0.135518222240318,-0.000284935942871587,missense|LC,13025169475,13,25169475,
POLD2,ENSG00000106628,0.241226479124916,0.642546935677973,0.138309969161422,-0.000344979892432301,missense|LC,7044109942,7,44109942,
PCGF3,ENSG00000185619,0.241250313595954,0.153485809012322,0.189756791611539,0.00220823416847551,missense|LC,4000733580,4,733580,
ITGB6,ENSG00000115221,0.241317324099785,0.176354264281708,0.152354349091822,0.000517987398695373,missense|LC,2160101731,2,160101731,
TPST1,ENSG00000169902,0.24133855164591,0.268533476742914,0.145873791779267,0.000975954846242257,missense|LC,7066240316,7,66240316,
MEAK7,ENSG00000140950,0.241373813607803,0.968345415122598,0.138158440934301,-0.00000787036624910962,missense|LC,16084479856,16,84479856,
CASP2,ENSG00000106144,0.241389044849269,0.13344906855656,0.448811468018194,-0.00137190469935819,missense|LC,7143285822,7,143285822,
DDX47,ENSG00000213782,0.241398412586893,0.135226144580757,0.708452194637463,0.000943718431863959,missense|LC,12012813289,12,12813289,
WDR88,ENSG00000166359,0.241442119584021,0.887344093706112,0.138709458941423,-0.0000932664594454785,missense|LC,19033130087,19,33130087,
PIWIL2,ENSG00000197181,0.241443975451632,0.932905124383455,0.139385925218985,0.0000227228602446518,missense|LC,8022279344,8,22279344,
OR5M10,ENSG00000254834,0.241492906582013,0.566693056919289,0.139033852621856,0.000382492070987122,missense|LC,11056576724,11,56576724,
OR2Y1,ENSG00000174339,0.241546552093865,0.136653318284078,0.470633287009514,-0.00104323553099745,missense|LC,5180739088,5,180739088,
TTC14,ENSG00000163728,0.241687544300899,0.436280865681156,0.143525591409608,0.000290327431415289,missense|LC,3180602151,3,180602151,
TNFAIP6,ENSG00000123610,0.241699910960224,0.157866134393714,0.22783034892265,-0.000899980151181017,missense|LC,2151357649,2,151357649,
CPQ,ENSG00000104324,0.241785817250119,0.492263051395893,0.14852149453479,-0.000354634760729032,missense|LC,8096784819,8,96784819,
TRIM52,ENSG00000183718,0.241787761252536,0.185243864095676,0.145451751687732,-0.00110542694612092,missense|LC,5181256727,5,181256727,
PNPLA6,ENSG00000032444,0.241812280249414,0.272347897506945,0.144961551627074,0.000342481396786369,missense|LC,19007529753,19,7529753,
ANKRD13C,ENSG00000118454,0.241860252568194,0.97223276257848,0.154247848796547,0.00000897664232746578,missense|LC,1070262616,1,70262616,
CACNA1F,ENSG00000102001,0.241880162060506,0.136721483080386,0.287845362102663,0.000393883595558275,missense|LC,23049200066,X,49200066,
TMEM35A,ENSG00000126950,0.241924336329326,0.886874754991445,0.141598403650142,0.000286677164621923,missense|LC,23101078902,X,101078902,
DYNC1H1,ENSG00000197102,0.241933625618288,0.132765617769745,0.624740381247333,0.00136306042321508,missense|LC,14101964483,14,101964483,
NAA10,ENSG00000102030,0.241988513287085,0.782567040909903,0.140497203431687,-0.000512127161705836,missense|LC,23153926025,X,153926025,
PHF24,ENSG00000122733,0.24201652686598,0.37616008144997,0.143471934035424,0.000443193237137003,missense|LC,9034971195,9,34971195,
KIR2DL4,ENSG00000189013,0.242020397871435,0.27718568159092,0.141862048116459,-0.000312674501018659,missense|LC,19054803461,19,54803461,
QRSL1,ENSG00000130348,0.242120416938616,0.140915414165756,0.667251125813657,0.000657176911751712,missense|LC,6106628679,6,106628679,
RPS16,ENSG00000105193,0.242125093725598,0.607938426990156,0.142581003954706,-0.000787195607749142,missense|LC,19039433209,19,39433209,
ZCCHC8,ENSG00000033030,0.242147650663343,0.767852296702616,0.148936087425155,-0.000149118083605634,missense|LC,12122473405,12,122473405,
TMEM184C,ENSG00000164168,0.242156908536074,0.27595312147983,0.134670287775304,-0.00133564912255713,missense|LC,4147617832,4,147617832,
DNMT3L,ENSG00000142182,0.242208521161691,0.147442681502753,0.190405723145171,0.000961320370922893,missense|LC,21044254520,21,44254520,
NPIPA1,ENSG00000183426,0.242221978245187,0.651884506638639,0.152145105295482,-0.000487653462917013,missense|LC,16014932627,16,14932627,
CTSB,ENSG00000164733,0.242222119366956,0.141471561646442,0.523380812850087,0.00064699729078675,missense|LC,8011838339,8,11838339,
BTN2A1,ENSG00000112763,0.242327354122459,0.945128549414478,0.139151883422444,-0.0000251752448652281,missense|LC,6026458554,6,26458554,
TMEM87A,ENSG00000103978,0.242334214022122,0.13775655751318,0.323117239245925,-0.00119577441248079,missense|LC,15042207989,15,42207989,
LRRC39,ENSG00000122477,0.242394758890969,0.754875662667787,0.139710391928729,-0.000230336397260778,missense|LC,1100144016,1,100144016,
INSM2,ENSG00000168348,0.242437161811511,0.145626399470439,0.222574621840739,0.000698783649575574,missense|LC,14035534088,14,35534088,
DRG2,ENSG00000108591,0.242451132400468,0.151111279355431,0.388845187655103,0.000745648399888581,missense|LC,17018087926,17,18087926,
KIFC3,ENSG00000140859,0.242490853851209,0.221358037523449,0.136873579700562,-0.000591940640358094,missense|LC,16057753446,16,57753446,
ZNF638,ENSG00000075292,0.242506256175795,0.137963785703881,0.477462945316069,-0.000409593883893036,missense|LC,2071331634,2,71331634,
CFC1,ENSG00000136698,0.242523205700516,0.398598141897667,0.17551305950116,0.00157802173596772,missense|LC,2130598496,2,130598496,
IL4I1,ENSG00000104951,0.242563575561138,0.142373701063914,0.490956310625643,0.000425405531181592,missense|LC,19049884656,19,49884656,
OR10K2,ENSG00000180708,0.242647462561126,0.737112343853655,0.134685520902092,0.000311815024312731,missense|LC,1158419864,1,158419864,
HSPA6,ENSG00000173110,0.242681701347081,0.815615363515419,0.14140761531883,0.0000757854930716418,missense|LC,1161524543,1,161524543,
ARAP2,ENSG00000047365,0.242698408271243,0.611585884974562,0.138131323060825,-0.00011733635192731,missense|LC,4036067799,4,36067799,
SYF2,ENSG00000117614,0.242796457291883,0.141767821421378,0.245786133973696,0.00167528730974649,missense|LC,1025223183,1,25223183,
CBLN1,ENSG00000102924,0.242797726850379,0.793666220863801,0.144707946281929,0.000331072804958061,missense|LC,16049279339,16,49279339,
SAFB,ENSG00000160633,0.242866461211415,0.140696612425601,0.242477556928528,0.000946847015164078,missense|LC,19005621281,19,5621281,
NKAPL,ENSG00000189134,0.24292323636979,0.416839091465803,0.154742109756456,0.000307660881121651,missense|LC,6028259298,6,28259298,
ITPA,ENSG00000125877,0.242964466573891,0.483753759987179,0.14137073803,0.000703482409363418,missense|LC,20003204499,20,3204499,
ILDR1,ENSG00000145103,0.242980635885676,0.160606160594369,0.167973569049644,-0.000525485053402141,missense|LC,3121988315,3,121988315,
ASAH2,ENSG00000188611,0.242981766314479,0.355185578487392,0.145967879156931,0.00046701396474523,missense|LC,10050196728,10,50196728,
DDX59,ENSG00000118197,0.243047525139032,0.68206461678622,0.15003842339989,-0.000112516989296584,missense|LC,1200641097,1,200641097,
PDS5A,ENSG00000121892,0.24310257646752,0.135919564014491,0.797844026995398,-0.00115495589744307,missense|LC,4039825440,4,39825440,
TAPT1,ENSG00000169762,0.243202735547767,0.845573772049455,0.15074774453289,0.0000869532880017536,missense|LC,4016163268,4,16163268,
SOWAHA,ENSG00000198944,0.243339872597486,0.321940982020747,0.147268201332384,-0.000404632260909371,missense|LC,5132813534,5,132813534,
PCARE,ENSG00000179270,0.243413969763391,0.146630581148471,0.264729708480399,0.000236983165227914,missense|LC,2029064752,2,29064752,
RFC5,ENSG00000111445,0.243456944399093,0.158516349393658,0.197131961794126,0.00172521477261417,missense|LC,12118016764,12,118016764,
NBPF4,ENSG00000196427,0.243487634935887,0.629644628309723,0.17298704461986,-0.000328372984991509,missense|LC,1108223654,1,108223654,
TMC1,ENSG00000165091,0.243528016282298,0.170597535523844,0.159670954661755,0.000744182464233595,missense|LC,9072648589,9,72648589,
ZNF3,ENSG00000166526,0.243550953422009,0.558642871624056,0.137895352160721,-0.000463136895711913,missense|LC,7100064980,7,100064980,
CHEK1,ENSG00000149554,0.24357190563653,0.224760709961609,0.137685510539117,0.00135003247608856,missense|LC,11125620728,11,125620728,
PER2,ENSG00000132326,0.243576984560549,0.137696062761383,0.547030095822886,-0.000550538319304971,missense|LC,2238239045,2,238239045,
STAG2,ENSG00000101972,0.243629684980646,0.53119711507621,0.1352117762103,-0.000649968715558918,missense|LC,23124022588,X,124022588,
TP53BP1,ENSG00000067369,0.243678960451476,0.477190974083466,0.138470223825656,-0.00018704234691174,missense|LC,15043398061,15,43398061,
MRPL42,ENSG00000198015,0.24379652805691,0.368339175336353,0.139065721304909,0.00113837057304102,missense|LC,12093469238,12,93469238,
VWA5A,ENSG00000110002,0.243833642690912,0.379597891726906,0.136786635341125,0.000357505047403588,missense|LC,11124117437,11,124117437,
TSPY3,ENSG00000228927,0.243842100097131,0.889209046592818,0.14222981597929,-0.000352046868774242,missense|LC,24009399932,Y,9399932,
STUB1,ENSG00000103266,0.24384361812848,0.158833519531253,0.724330773959896,-0.000772354892488992,missense|LC,16000675741,16,675741,
BIN1,ENSG00000136717,0.243931143028311,0.547335886216592,0.137360029562092,0.000391308741955096,missense|LC,2127048452,2,127048452,
LMAN1L,ENSG00000140506,0.243997727740281,0.140033207048988,0.547975497582518,0.000897627838616986,missense|LC,15074812760,15,74812760,
GOLGB1,ENSG00000173230,0.244077460677396,0.135167975934966,0.430231175216307,-0.000371579890166251,missense|LC,3121658223,3,121658223,
SSUH2,ENSG00000125046,0.244148729115699,0.517763486159533,0.149027010121044,-0.000253462732617899,missense|LC,3008619858,3,8619858,
BHLHE40,ENSG00000134107,0.24414987561133,0.243151681410541,0.136591736870354,0.00115474196285798,missense|LC,3004979635,3,4979635,
DAPK3,ENSG00000167657,0.244233794135136,0.166655758000651,0.170481370662865,-0.00113308051540607,missense|LC,19003959054,19,3959054,
CNTNAP4,ENSG00000152910,0.244252226428445,0.82362068732835,0.137113806848539,0.0000826568545391367,missense|LC,16076277623,16,76277623,
MC5R,ENSG00000176136,0.244292395268063,0.15844472673759,0.467766347119538,-0.000787513042746572,missense|LC,18013825717,18,13825717,
CDADC1,ENSG00000102543,0.24430891296542,0.14425309541742,0.407133137206469,-0.00113286867289143,missense|LC,13049247967,13,49247967,
SCT,ENSG00000070031,0.244383974495739,0.591197811341233,0.155447347417309,-0.000333686948024098,missense|LC,11000621310,11,621310,
SH3TC2,ENSG00000169247,0.244411952781789,0.259320901339055,0.139862889344009,-0.000297065272603542,missense|LC,5149004617,5,149004617,
ZCCHC4,ENSG00000168228,0.244493371654542,0.14826316130811,0.75042775495629,-0.000615638439718625,missense|LC,4025312669,4,25312669,
PRXL2C,ENSG00000158122,0.244498468783276,0.480260015749716,0.141311885256932,-0.000440989269377746,missense|LC,9096641652,9,96641652,
TM4SF4,ENSG00000169903,0.244514689753628,0.299803838023473,0.147372282917607,-0.00085140759274526,missense|LC,3149474784,3,149474784,
LSM2,ENSG00000204392,0.244517523635597,0.576728755881447,0.139266490434729,-0.00227364752782366,missense|LC,6031792398,6,31792398,
MAGEB5,ENSG00000188408,0.244517924292221,0.144170460416709,0.233542379999842,0.00182765570874131,missense|LC,23026217278,X,26217278,
DRD1,ENSG00000184845,0.24452570506112,0.139233760857304,0.434254993010491,-0.00137282640541115,missense|LC,5175441647,5,175441647,
ANKRD53,ENSG00000144031,0.244541672665133,0.135491154153855,0.600311422085788,0.00102762140951979,missense|LC,2070978523,2,70978523,
MAFB,ENSG00000204103,0.244544808940203,0.970295939560303,0.140272625249579,0.0000359957653823414,missense|LC,20040687766,20,40687766,
CCDC169,ENSG00000242715,0.244575395657557,0.156600727494732,0.209167520984088,0.00183425118957552,missense|LC,13036227172,13,36227172,
KRT26,ENSG00000186393,0.244623205932682,0.1495654533911,0.279638797097726,0.000560065647073922,missense|LC,17040766448,17,40766448,
N4BP3,ENSG00000145911,0.244649918256818,0.14706998100991,0.552178419065419,0.000588434237539905,missense|LC,5178119501,5,178119501,
SYT14,ENSG00000143469,0.244686173309183,0.341928256477288,0.148722964022962,0.00608674058839918,missense|LC,1209938147,1,209938147,
OR5AN1,ENSG00000176495,0.244715777657594,0.33925118567556,0.138343552252543,0.000822864638166014,missense|LC,11059364420,11,59364420,
ETFB,ENSG00000105379,0.244751267317557,0.14970511667014,0.35654458592547,0.000490392288889849,missense|LC,19051340169,19,51340169,
BRCA1,ENSG00000012048,0.244786348222717,0.139266619162519,0.606169824516439,0.000394721312053276,missense|LC,17043045552,17,43045552,
TUBB3,ENSG00000258947,0.244829096845174,0.395638146707366,0.13486359593386,0.00173157554882209,missense|LC,16089919212,16,89919212,
TFAP4,ENSG00000090447,0.244842328173385,0.325098343146505,0.141070611129773,-0.00115247823060724,missense|LC,16004257973,16,4257973,
CEP95,ENSG00000258890,0.244844081526885,0.370570323573021,0.137818065981723,-0.000463057151841781,missense|LC,17064501977,17,64501977,
FAM161A,ENSG00000170264,0.244855696962224,0.520120521864859,0.145178469206645,0.0002125562376211,missense|LC,2061826365,2,61826365,
KCNA5,ENSG00000130037,0.244926383041761,0.957512756030655,0.144608584416368,0.0000146830964467527,missense|LC,12005044047,12,5044047,
CARD6,ENSG00000132357,0.244932027482256,0.482536097035673,0.141511534114516,0.00019921225743269,missense|LC,5040841315,5,40841315,
GATD3B,ENSG00000280071,0.244961717220708,0.162394173296403,0.260161604003474,0.00355782643084794,missense|LC,21005116415,21,5116415,
AL121900.1,ENSG00000284776,0.245074593311025,0.78151769096796,0.146198990620668,-0.000220783734384355,missense|LC,20018587969,20,18587969,
ALDH8A1,ENSG00000118514,0.245097754761006,0.650532370961361,0.151345996594622,-0.000186802429323802,missense|LC,6134918335,6,134918335,
H2AZ1,ENSG00000164032,0.245264083195694,0.147384546500308,0.546277349773707,0.0156219874612132,missense|LC,4099946305,4,99946305,
SIPA1,ENSG00000213445,0.245332517621295,0.150890663204507,0.212518430475847,-0.000490978611137022,missense|LC,11065635127,11,65635127,
FAM171A2,ENSG00000161682,0.245385598909942,0.139115821279176,0.559195200222604,0.000696530637226275,missense|LC,17044349072,17,44349072,
LGSN,ENSG00000146166,0.245451986263554,0.142713293490747,0.320676062236174,-0.000847048165617127,missense|LC,6063279951,6,63279951,
VSIG8,ENSG00000243284,0.245512138037477,0.175564468931458,0.16111350644608,0.000555539784329466,missense|LC,1159854567,1,159854567,
OR8K1,ENSG00000150261,0.245517335661119,0.557976551289066,0.153761120593013,0.000371634292201421,missense|LC,11056345996,11,56345996,
MYH7B,ENSG00000078814,0.245581522234452,0.138343006583683,0.653422527258057,-0.000313544869197831,missense|LC,20034977635,20,34977635,
NPIPB11,ENSG00000254206,0.24558455975046,0.351385790054776,0.143073614453607,-0.000369767348838813,missense|LC,16029382207,16,29382207,
VEGFA,ENSG00000112715,0.245668787481406,0.502752215035466,0.138086486126981,0.000572925143383456,missense|LC,6043770709,6,43770709,
GEMIN5,ENSG00000082516,0.24570198139869,0.142261486521953,0.881612815138492,0.00037939954707749,missense|LC,5154888147,5,154888147,
PRKCH,ENSG00000027075,0.24577993995676,0.244957235722524,0.148194816581076,0.000588029042729018,missense|LC,14061322000,14,61322000,
POLR3F,ENSG00000132664,0.245846481534778,0.140064150751923,0.838000262565145,-0.00207796166805618,missense|LC,20018465227,20,18465227,
EFCAB13,ENSG00000178852,0.245862918091,0.369711370956152,0.143596163018396,-0.000353270280352646,missense|LC,17047328316,17,47328316,
THAP3,ENSG00000041988,0.245890855230992,0.856856862173236,0.155953363807889,0.0000935055328022524,missense|LC,1006619866,1,6619866,
SMAD3,ENSG00000166949,0.245907473191041,0.511241130466023,0.135846892681266,0.00116244228390895,missense|LC,15067066099,15,67066099,
RIC3,ENSG00000166405,0.246012260249618,0.151247742781641,0.277349763790456,0.00054640341975448,missense|LC,11008101056,11,8101056,
SCAI,ENSG00000173611,0.246057668272371,0.378851962564096,0.145969609358523,0.00130853298930043,missense|LC,9124952744,9,124952744,
SLC48A1,ENSG00000211584,0.246092845463909,0.371282073504613,0.147886311300113,0.000994389691001567,missense|LC,12047773116,12,47773116,
PIGK,ENSG00000142892,0.246128482651514,0.160907375948687,0.184580088323863,-0.00145162810473991,missense|LC,1077092385,1,77092385,
MRAP,ENSG00000170262,0.246169084620412,0.259677888040342,0.142500400130266,0.000996908685533728,missense|LC,21032298928,21,32298928,
FZD8,ENSG00000177283,0.246378939646207,0.719274869523475,0.142767196653387,0.00011893570329135,missense|LC,10035639323,10,35639323,
LEXM,ENSG00000162398,0.246543833723516,0.142291966802194,0.678203149516068,-0.000945547767948393,missense|LC,1054801107,1,54801107,
UBN2,ENSG00000157741,0.246566236344652,0.535082819490308,0.140877684935838,0.000183941616965574,missense|LC,7139231391,7,139231391,
ZUP1,ENSG00000153975,0.246607123516642,0.290675184760088,0.140822993843075,-0.000728205770556242,missense|LC,6116632158,6,116632158,
CCR10,ENSG00000184451,0.246641588943048,0.333502140381087,0.145794330398826,0.00074993728175041,missense|LC,17042673832,17,42673832,
ZNF614,ENSG00000142556,0.246657344522259,0.627025712248161,0.149466105223985,-0.000182574166830544,missense|LC,19052015768,19,52015768,
TMEM207,ENSG00000198398,0.246662988704667,0.154283722636009,0.487103311478681,0.00113826580587306,missense|LC,3190429461,3,190429461,
TINAG,ENSG00000137251,0.246678115752288,0.150262437664693,0.246487777593236,-0.000624368220281706,missense|LC,6054307959,6,54307959,
B3GNT7,ENSG00000156966,0.246755065600349,0.139587514906569,0.847523370320018,0.00112262554333244,missense|LC,2231395668,2,231395668,
CCNP,ENSG00000105219,0.246811531120713,0.155064671053285,0.356160797224754,0.000732652188291721,missense|LC,19040217210,19,40217210,
FKRP,ENSG00000181027,0.246820255042509,0.149386570313999,0.758433813967844,0.000569037875066035,missense|LC,19046746014,19,46746014,
TAS2R43,ENSG00000255374,0.246873668438483,0.163413087605133,0.177789024803223,0.000792745638949224,missense|LC,12011091324,12,11091324,
QARS1,ENSG00000172053,0.246973532728415,0.632877636272516,0.142338482349238,-0.000211055752054018,missense|LC,3049095961,3,49095961,
DIPK1B,ENSG00000165716,0.246982550193456,0.139161925073667,0.543154356057815,-0.000770542741277188,missense|LC,9136712607,9,136712607,
NUTM2G,ENSG00000188152,0.246983528996604,0.154068138620627,0.214662501180895,0.000353032527904719,missense|LC,9096928936,9,96928936,
GIMD1,ENSG00000250298,0.246988607409562,0.151587526237624,0.211850688418389,-0.00146176843063076,missense|LC,4106358136,4,106358136,
SLC26A4,ENSG00000091137,0.246999895358603,0.317041507910856,0.142415205869682,0.000297231138757179,missense|LC,7107661548,7,107661548,
SMPD1,ENSG00000166311,0.247055473681695,0.902515539134869,0.141830169759866,-0.000032911028125889,missense|LC,11006390445,11,6390445,
MTRNR2L3,ENSG00000256222,0.247074484489709,0.200041302817986,0.260258418474492,-0.00112369364032444,missense|LC,20057353974,20,57353974,
DPH3,ENSG00000154813,0.247122463575071,0.141624578338277,0.525491125175313,-0.0044116759462979,missense|LC,3016260706,3,16260706,
CISH,ENSG00000114737,0.247192488470485,0.453327650726085,0.149963388088858,0.00043337899285203,missense|LC,3050607518,3,50607518,
NSL1,ENSG00000117697,0.247354178270233,0.151598952169415,0.655234509099089,0.00075964230139904,missense|LC,1212727029,1,212727029,
OR11G2,ENSG00000196832,0.247360747492292,0.155202411837271,0.212428835225472,0.000953213748895093,missense|LC,14020197314,14,20197314,
AC008073.3,ENSG00000276087,0.247379742094532,0.217944109590965,0.148294824324431,0.00170679117238591,missense|LC,2024119532,2,24119532,
PKLR,ENSG00000143627,0.247380474336893,0.242364618396384,0.146606797556183,0.000409669307730997,missense|LC,1155284451,1,155284451,
COPS2,ENSG00000166200,0.247408896761729,0.14107684596661,0.418588658068876,-0.00288486279890793,missense|LC,15049127863,15,49127863,
SCRN2,ENSG00000141295,0.247419326696512,0.62106917241914,0.147928078058575,-0.000206295358237667,missense|LC,17047833849,17,47833849,
PGBD5,ENSG00000177614,0.247424975641393,0.157692088458667,0.200302431590495,0.000604583630675927,missense|LC,1230323323,1,230323323,
CPSF4L,ENSG00000187959,0.247468870226634,0.158462553035291,0.233461457412813,-0.00103418514521862,missense|LC,17073245106,17,73245106,
FXR2,ENSG00000129245,0.247470874942759,0.155280832559531,0.860578438343068,0.000632020187262466,missense|LC,17007586632,17,7586632,
MAGEA12,ENSG00000213401,0.247502470953959,0.392584296094101,0.155801556303139,0.000320048983429754,missense|LC,23152732336,X,152732336,
ABCC4,ENSG00000125257,0.247594597400689,0.146725190505994,0.470199284740677,-0.000385614653098398,missense|LC,13095021537,13,95021537,
SEPTIN14,ENSG00000154997,0.247652575756659,0.149548437268359,0.497336311690174,-0.000503201281147646,missense|LC,7055795880,7,55795880,
TSGA10IP,ENSG00000175513,0.247720738270087,0.146502915746642,0.83003423907789,-0.000550433102067786,missense|LC,11065945577,11,65945577,
LOXL4,ENSG00000138131,0.247873795139951,0.447220990077346,0.137351910655724,-0.000347952095120088,missense|LC,10098244028,10,98244028,
EPHX1,ENSG00000143819,0.247967887701883,0.325941801087794,0.150527353925993,0.0004378825043681,missense|LC,1225828651,1,225828651,
ADAMTS17,ENSG00000140470,0.248004419220558,0.802014084260026,0.142164737969094,-0.000168360224039128,missense|LC,15099974295,15,99974295,
CCNB3,ENSG00000147082,0.248013113214339,0.142991445291326,0.718144573624335,0.000503831276406751,missense|LC,23050200149,X,50200149,
AL121753.1,ENSG00000261582,0.248150023104946,0.491919822740776,0.14803091646505,0.00108374128054455,missense|LC,20035263712,20,35263712,
CYP4A22,ENSG00000162365,0.248227961911205,0.154246841664476,0.366298674623729,0.00049408718248068,missense|LC,1047137368,1,47137368,
HADHA,ENSG00000084754,0.248265375314576,0.894859036216224,0.142515138655291,-0.0000729534166537486,missense|LC,2026186105,2,26186105,
BRD3,ENSG00000169925,0.248278052397284,0.143344066508907,0.228908830814019,-0.000782241368413705,missense|LC,9134034573,9,134034573,
THSD4,ENSG00000187720,0.248341243093797,0.180298810840652,0.15299777759577,-0.000394848831740077,missense|LC,15071111047,15,71111047,
RRM1,ENSG00000167325,0.248407593725933,0.965167092209438,0.147196836952121,-0.0000212434149545272,missense|LC,11004091174,11,4091174,
AKT1,ENSG00000142208,0.248445816927944,0.249709631071874,0.143535750223921,-0.0011217765470828,missense|LC,14104770253,14,104770253,
MCCD1,ENSG00000204511,0.248454051290445,0.553895092404746,0.176406091478218,-0.000364348285549007,missense|LC,6031528929,6,31528929,
ZBTB26,ENSG00000171448,0.24847436933132,0.142236608553657,0.436383095182717,0.00180280544529221,missense|LC,9122910723,9,122910723,
SERPING1,ENSG00000149131,0.248635576439452,0.202307727712596,0.145074244182138,0.000888923848498824,missense|LC,11057598189,11,57598189,
C1QA,ENSG00000173372,0.248659372132689,0.95179152716959,0.147334032670229,-0.0000288593633274565,missense|LC,1022637504,1,22637504,
LIG1,ENSG00000105486,0.248693817263799,0.914120907198953,0.144194760664753,0.0000327939355121414,missense|LC,19048110445,19,48110445,
ZFYVE9,ENSG00000157077,0.248810675171377,0.146936635349229,0.25368144841144,0.000447424540544239,missense|LC,1052180179,1,52180179,
SESTD1,ENSG00000187231,0.24882010310528,0.720398702192387,0.137464218960814,-0.000324670362071163,missense|LC,2179109786,2,179109786,
H2AC1,ENSG00000164508,0.248933873004398,0.150666598368726,0.213915679113921,-0.0016006517491353,missense|LC,6025726056,6,25726056,
RPP25L,ENSG00000164967,0.248944907842028,0.61305170632057,0.142448782986287,-0.000591690635926794,missense|LC,9034610704,9,34610704,
POP4,ENSG00000105171,0.249080088957322,0.339761873471078,0.142071251360616,0.000825628792645348,missense|LC,19029606195,19,29606195,
ATOX1,ENSG00000177556,0.249106962731223,0.15323388206617,0.648706686900242,0.00357336519936793,missense|LC,5151746196,5,151746196,
ARMC5,ENSG00000140691,0.24911368308223,0.150777706926926,0.222398003413121,0.000450239029393602,missense|LC,16031458324,16,31458324,
NDUFV2,ENSG00000178127,0.249115976014248,0.141045868985325,0.582983678181668,0.00183951016296369,missense|LC,18009102645,18,9102645,
ARMCX1,ENSG00000126947,0.24923902585099,0.971344533899867,0.141774743063804,-0.0000255149964199269,missense|LC,23101552839,X,101552839,
KIF3A,ENSG00000131437,0.249259635393282,0.140056050295685,0.746774113295667,-0.00144853149190396,missense|LC,5132696634,5,132696634,
TBC1D9,ENSG00000109436,0.249291750104953,0.143098913271421,0.599598159856567,-0.00064945660460459,missense|LC,4140622062,4,140622062,
OXCT2,ENSG00000198754,0.249293393869123,0.513345702564531,0.143607684139476,0.000384691177952063,missense|LC,1039764523,1,39764523,
PSG1,ENSG00000231924,0.249376138338921,0.142894602846105,0.316909077724967,-0.00049054167289584,missense|LC,19042867859,19,42867859,
BCLAF1,ENSG00000029363,0.249415993324095,0.20587699485726,0.149279432934199,-0.000525289742696338,missense|LC,6136261017,6,136261017,
SERPINA5,ENSG00000188488,0.249420363275459,0.146685115366674,0.553369701385054,-0.000626222977516243,missense|LC,14094587282,14,94587282,
GSTT2B,ENSG00000133433,0.249426442976815,0.245394773570511,0.16037399416778,0.000941399384776878,missense|LC,22023957751,22,23957751,
AC008481.3,ENSG00000267477,0.249455910491029,0.141971892749159,0.373057976844206,0.00159006067416792,missense|LC,19011466107,19,11466107,
PDE3A,ENSG00000172572,0.249542589731118,0.973892817118709,0.145675007363315,-0.00000691732943170298,missense|LC,12020369223,12,20369223,
ASAP1,ENSG00000153317,0.249589043077503,0.425657306147494,0.148835550006427,0.000358721391697372,missense|LC,8130054675,8,130054675,
GDI1,ENSG00000203879,0.249647871864523,0.592625758482125,0.142118759526787,-0.000743814133006828,missense|LC,23154432209,X,154432209,
OR56B1,ENSG00000181023,0.249654787762328,0.322428407649719,0.149091779491377,0.000670516231433772,missense|LC,11005736457,11,5736457,
MPP3,ENSG00000161647,0.249720654656125,0.150411208562219,0.769888060011979,0.000548196283865378,missense|LC,17043801633,17,43801633,
VRK2,ENSG00000028116,0.249787410102264,0.653808304102771,0.153347458539847,-0.000220758870638977,missense|LC,2058040960,2,58040960,
BCCIP,ENSG00000107949,0.249812697724538,0.145993639850867,0.375781183947532,-0.00108401539284832,missense|LC,10125823465,10,125823465,
FIP1L1,ENSG00000145216,0.24982640179359,0.160801230817372,0.203312831265843,-0.00147640381845729,missense|LC,4053377749,4,53377749,
ZNF697,ENSG00000143067,0.249836081075564,0.150673175140605,0.60712271190403,-0.000619653474383573,missense|LC,1119622528,1,119622528,
DECR2,ENSG00000242612,0.249924691794648,0.395987276035239,0.149818398057723,0.000424085559126196,missense|LC,16000397176,16,397176,
BCAS3,ENSG00000141376,0.24993165097122,0.342573692318408,0.140087640410893,0.000744035569851178,missense|LC,17060679459,17,60679459,
GPM6A,ENSG00000150625,0.249962730620043,0.643516532700476,0.141794249467239,-0.000865568441727549,missense|LC,4175634844,4,175634844,
DEFB121,ENSG00000204548,0.249988494487821,0.236766109079918,0.1424388483282,0.00227248996546377,missense|LC,20031404822,20,31404822,
ZNF628,ENSG00000197483,0.250003562927397,0.140481060132711,0.473292309863548,-0.000601273999841141,missense|LC,19055481075,19,55481075,
NRBP2,ENSG00000185189,0.250077508342767,0.153322389442693,0.179456045860033,-0.00083202696108264,missense|LC,8143828843,8,143828843,
CSTF1,ENSG00000101138,0.250217200657857,0.137881011165559,0.528829400489275,-0.00250085305701474,missense|LC,20056388090,20,56388090,
C15orf40,ENSG00000169609,0.250397372405014,0.208986335846642,0.148565292193626,-0.00978471551291572,missense|LC,15082985990,15,82985990,
FAM24A,ENSG00000203795,0.250418312565159,0.959366646602364,0.145242786470016,-0.0000918794382687835,missense|LC,10122911505,10,122911505,
MTFR1,ENSG00000066855,0.250464442218889,0.154510932617138,0.440125984194171,-0.000906642371302071,missense|LC,8065669917,8,65669917,
CADPS2,ENSG00000081803,0.250516247134266,0.850641079462439,0.143324356582866,-0.0000616176724017397,missense|LC,7122320070,7,122320070,
TTF2,ENSG00000116830,0.250593034556549,0.147803868003504,0.600477325301873,-0.000392992747453475,missense|LC,1117060238,1,117060238,
EVI5L,ENSG00000142459,0.250647844113381,0.755144930397801,0.136886112474257,-0.000287185057059527,missense|LC,19007846547,19,7846547,
PIGH,ENSG00000100564,0.250744480217697,0.579039210704865,0.168761020534605,-0.000542835324912001,missense|LC,14067585538,14,67585538,
OVGP1,ENSG00000085465,0.250763935717391,0.611579003949987,0.141194992174864,0.0002986357307373,missense|LC,1111414388,1,111414388,
UBE2U,ENSG00000177414,0.250767435462074,0.382484597583218,0.142090934370113,0.00106077794989256,missense|LC,1064203978,1,64203978,
TMEM186,ENSG00000184857,0.250858564821173,0.148796508278707,0.478240093960281,-0.000734939032529171,missense|LC,16008795849,16,8795849,
CKAP2,ENSG00000136108,0.250872611101489,0.42213509741091,0.146308982772979,-0.000286241140059139,missense|LC,13052450467,13,52450467,
NADK,ENSG00000008130,0.250939454483274,0.268717150039851,0.149787321375229,0.000414675826041157,missense|LC,1001752801,1,1752801,
DPM2,ENSG00000136908,0.250955316398188,0.152857170702837,0.454525627355201,-0.0024901419351258,missense|LC,9127930596,9,127930596,
OR4K5,ENSG00000176281,0.251010371685151,0.537906760156346,0.139574262499568,-0.000481949644127352,missense|LC,14019920489,14,19920489,
C9orf72,ENSG00000147894,0.251025569685985,0.141873742707941,0.60601966516481,-0.00133018739578226,missense|LC,9027548182,9,27548182,
ITGB1,ENSG00000150093,0.251044808800539,0.822472429704759,0.140991948658878,-0.000223349532083901,missense|LC,10032901546,10,32901546,
RHOG,ENSG00000177105,0.251120604039213,0.174713271349427,0.591089856204956,-0.00122686439570981,missense|LC,11003822890,11,3822890,
PAQR6,ENSG00000160781,0.251229712146649,0.226195369116177,0.184479732867317,-0.000470776062852457,missense|LC,1156239503,1,156239503,
PIK3CD,ENSG00000171608,0.251235360980581,0.983035374052585,0.142714359461962,-0.00000189895832209479,missense|LC,1009653733,1,9653733,
SMIM10L2A,ENSG00000178947,0.251287242595319,0.149189309982648,0.358203087339612,-0.00574482933425457,missense|LC,23135422206,X,135422206,
EMC9,ENSG00000100908,0.251347523711002,0.168826568797352,0.412585803530352,-0.000680694045069126,missense|LC,14024136173,14,24136173,
IL1RAP,ENSG00000196083,0.251406118034516,0.151490301274271,0.233289553749289,0.00084405911882433,missense|LC,3190564258,3,190564258,
TTC34,ENSG00000215912,0.251421579956175,0.142410638497004,0.379970478625273,-0.000655676626030702,missense|LC,1002641371,1,2641371,
RAB4B,ENSG00000167578,0.251432541248682,0.151046959341428,0.235997630738311,0.0011964977701285,missense|LC,19040775412,19,40775412,
RAB4B-EGLN2,ENSG00000171570,0.251432541248682,0.151046959341428,0.235997630738311,0.0011964977701285,missense|LC,19040775412,19,40775412,
C4orf47,ENSG00000205129,0.251432934469862,0.14774285516651,0.600196642281912,0.00102908710179428,missense|LC,4185429395,4,185429395,
SPAG1,ENSG00000104450,0.251516034149609,0.146780115000946,0.799786076943903,0.000589879080566248,missense|LC,8100153246,8,100153246,
STARD5,ENSG00000172345,0.251521095908948,0.170097565221914,0.444196891859348,-0.000664132832774608,missense|LC,15081305805,15,81305805,
GRAMD1B,ENSG00000023171,0.251553446988213,0.158871491222857,0.176189485289323,0.000707738192854819,missense|LC,11123526090,11,123526090,
ANKS1A,ENSG00000064999,0.251565598240048,0.143275227500475,0.993130990897177,0.0010906859110602,missense|LC,6034887691,6,34887691,
GTF2IRD2,ENSG00000196275,0.251594738990693,0.199444463319452,0.147898308549719,0.00128590922291737,missense|LC,7074797061,7,74797061,
C17orf98,ENSG00000275489,0.251602501908609,0.296018729597266,0.147963944400657,-0.00123037118510301,missense|LC,17038835101,17,38835101,
CYP11B1,ENSG00000160882,0.251754054706095,0.85370082404938,0.140053394326082,-0.000101520030024529,missense|LC,8142874336,8,142874336,
SALL3,ENSG00000256463,0.251759125010108,0.149588616485525,0.202138842629277,-0.00039437490795279,missense|LC,18078980211,18,78980211,
H6PD,ENSG00000049239,0.251765159108473,0.573176533215863,0.140166132924346,0.000170560650600993,missense|LC,1009239929,1,9239929,
LRRC31,ENSG00000114248,0.251835845489386,0.154284163863782,0.329711094055114,0.000559398451666629,missense|LC,3169837384,3,169837384,
TAS2R1,ENSG00000169777,0.251948277768189,0.392158369533969,0.155132760895232,-0.000611590952081063,missense|LC,5009629037,5,9629037,
HLA-B,ENSG00000234745,0.252094991635231,0.770133202138915,0.145122660884808,-0.00035232078497953,missense|LC,6031354493,6,31354493,
CHIC2,ENSG00000109220,0.252116412546125,0.153595005858381,0.218399624733291,-0.00365473185104671,missense|LC,4054010057,4,54010057,
C2CD4D,ENSG00000225556,0.252131352280019,0.659295582844949,0.151394180747787,0.000200992971639915,missense|LC,1151837793,1,151837793,
EIF3A,ENSG00000107581,0.252161270418582,0.149513185839998,0.599479944440321,0.00048904760044501,missense|LC,10119029730,10,119029730,
FLT3LG,ENSG00000090554,0.252179312499272,0.500526138053826,0.148625309091542,0.000489200920092198,missense|LC,19049470207,19,49470207,
TCEAL1,ENSG00000172465,0.252319886530895,0.677579943175436,0.147831060438906,-0.000834374283874718,missense|LC,23103629829,X,103629829,
GTPBP3,ENSG00000130299,0.252408478325994,0.503455175810249,0.141134376196258,-0.000498783849606887,missense|LC,19017332837,19,17332837,
THRB,ENSG00000151090,0.252467779789193,0.70238093324403,0.148250048966294,0.000388853612235441,missense|LC,3024122765,3,24122765,
AP002373.1,ENSG00000255663,0.252508418542397,0.967649051324429,0.14598777707204,0.0000672693680360652,missense|LC,11114399831,11,114399831,
TCOF1,ENSG00000070814,0.252547327386397,0.921448419449001,0.14336053619197,0.0000232636157735451,missense|LC,5150357673,5,150357673,
MAP2K1,ENSG00000169032,0.252566676801876,0.527916066146655,0.145738196485534,-0.000950022125464839,missense|LC,15066382266,15,66382266,
SLC2A13,ENSG00000151229,0.252605963090326,0.946765644210805,0.144073747900346,-0.0000740231189887871,missense|LC,12039759974,12,39759974,
CCDC71,ENSG00000177352,0.252612856574987,0.693060796560533,0.141497586822739,-0.000235477325969335,missense|LC,3049162707,3,49162707,
FAM187B,ENSG00000177558,0.252644508593113,0.543316529648052,0.147076169759952,-0.00037503191881737,missense|LC,19035224708,19,35224708,
PLA2G3,ENSG00000100078,0.252682646483641,0.717784276607213,0.156226531885393,0.000119472993613644,missense|LC,22031132982,22,31132982,
WDR78,ENSG00000152763,0.252718036447489,0.149243831380755,0.649561157309216,-0.00068203794223291,missense|LC,1066814074,1,66814074,
FCSK,ENSG00000157353,0.252747702475303,0.488800170805649,0.143396267096797,0.000163775159527877,missense|LC,16070463154,16,70463154,
XAGE2,ENSG00000155622,0.25277206084214,0.144379140332508,0.535757055129418,-0.00226060415354241,missense|LC,23052369957,X,52369957,
PPIF,ENSG00000108179,0.252862368424067,0.144008474516025,0.999735184987218,0.00164840286867789,missense|LC,10079347381,10,79347381,
TYROBP,ENSG00000011600,0.252907018548957,0.186272118498074,0.232944018725298,-0.000665347566259568,missense|LC,19035900367,19,35900367,
CWF19L1,ENSG00000095485,0.252970585439054,0.471719916272822,0.140360010240685,-0.000560563418431122,missense|LC,10100229391,10,100229391,
RNASE9,ENSG00000188655,0.252976809140868,0.790695203012927,0.155656771501107,0.000200848858495202,missense|LC,14020556416,14,20556416,
TDRD12,ENSG00000173809,0.252985738241388,0.146364152022568,0.293172074102939,-0.000925589557205526,missense|LC,19032720074,19,32720074,
PPP4R3A,ENSG00000100796,0.253011817382855,0.282979696990247,0.141928766380736,0.000910573998688364,missense|LC,14091458647,14,91458647,
NUTM1,ENSG00000184507,0.253020114807975,0.16443494785393,0.19315612133084,-0.000262881894213892,missense|LC,15034341884,15,34341884,
SLC38A5,ENSG00000017483,0.253083059825635,0.669013250338581,0.143474239668267,0.000409057673060134,missense|LC,23048458490,X,48458490,
CARNS1,ENSG00000172508,0.253102829913698,0.145654354586472,0.594842608801192,0.000442317285964875,missense|LC,11067416146,11,67416146,
GLYATL1,ENSG00000166840,0.253107670144937,0.774817281493771,0.145610930588677,0.000200734011266442,missense|LC,11058943251,11,58943251,
SPOPL,ENSG00000144228,0.253134406401209,0.194104698945843,0.180938028251824,0.000716531562341551,missense|LC,2138550148,2,138550148,
ZNF547,ENSG00000152433,0.253238585951356,0.144079470358254,0.293707830377391,-0.000886753403890914,missense|LC,19057364771,19,57364771,
AC069503.2,ENSG00000256950,0.253296417652193,0.239453933422775,0.162734087331302,-0.00174442044104306,missense|LC,12121888715,12,121888715,
LTB,ENSG00000227507,0.25333522552901,0.187286138289135,0.161110222369134,0.00157297156482519,missense|LC,6031575655,6,31575655,
DDB1,ENSG00000167986,0.253397722613011,0.141472177663069,0.347191154784084,0.00124904011421493,missense|LC,11061294863,11,61294863,
LGALS16,ENSG00000249861,0.253425213966681,0.938845774863928,0.153973577013363,0.0000488552318339028,missense|LC,19039655877,19,39655877,
CACNG6,ENSG00000130433,0.253427474296433,0.626915330346092,0.14519061531638,0.000649223540418746,missense|LC,19053992812,19,53992812,
CFAP44,ENSG00000206530,0.253431091789655,0.420356613460334,0.155686729904654,0.000153346353413572,missense|LC,3113283321,3,113283321,
HADH,ENSG00000138796,0.253458393868936,0.15017306517754,0.427319675435842,0.00449765943996641,missense|LC,4107989830,4,107989830,
UNG,ENSG00000076248,0.253504830974319,0.421570095159558,0.147739367394733,0.000591665517865686,missense|LC,12109092600,12,109092600,
MRPL2,ENSG00000112651,0.253513572700338,0.234067161932,0.14731300340014,0.00073768222125947,missense|LC,6043049303,6,43049303,
SNRPD2,ENSG00000125743,0.253564429942579,0.14639258609416,0.517583646677184,0.00470616026150731,missense|LC,19045687485,19,45687485,
WAC,ENSG00000095787,0.253625736604415,0.956410964161917,0.14042170199645,-0.0000443583459715358,missense|LC,10028533494,10,28533494,
SIGLEC15,ENSG00000197046,0.253651177182717,0.395107520399403,0.153152953011332,0.000346817540992087,missense|LC,18045825633,18,45825633,
PPCS,ENSG00000127125,0.253654083781071,0.454988507937168,0.150480292633299,-0.00072384295336121,missense|LC,1042455831,1,42455831,
PCDHB2,ENSG00000112852,0.253662858839692,0.676545785319838,0.146324706632941,0.000105874707524399,missense|LC,5141094736,5,141094736,
CHST2,ENSG00000175040,0.253670463333272,0.162722180939011,0.629186671830743,-0.000605843974817969,missense|LC,3143120700,3,143120700,
CLCN6,ENSG00000011021,0.253821823460522,0.161326487143415,0.189873375593452,0.000683957624740893,missense|LC,1011801191,1,11801191,
GTF2A1,ENSG00000165417,0.253849763259952,0.743862855928537,0.147095959880673,-0.000384891016071175,missense|LC,14081180263,14,81180263,
CELF4,ENSG00000101489,0.253865149758248,0.163779929138071,0.304841250245083,-0.000865336168775236,missense|LC,18037253701,18,37253701,
NSUN2,ENSG00000037474,0.253871933559033,0.1514957325149,0.686829829284674,0.000595850147849578,missense|LC,5006599857,5,6599857,
SNRK,ENSG00000163788,0.253879950330075,0.767402442570847,0.155426251218689,-0.000182209676146156,missense|LC,3043303163,3,43303163,
OR2S2,ENSG00000278889,0.25390769432684,0.556252334971667,0.159573323139945,-0.00024453132331973,missense|LC,9035957020,9,35957020,
SUN3,ENSG00000164744,0.253910495297076,0.479026274277524,0.145568659572713,-0.00117148016918098,missense|LC,7047987222,7,47987222,
CEP164,ENSG00000110274,0.253948705420396,0.924883684023733,0.144412743837604,-0.0000291051959632232,missense|LC,11117336107,11,117336107,
GRIN2D,ENSG00000105464,0.253988011119228,0.146906781254214,0.477489569439976,0.00056379406963017,missense|LC,19048390381,19,48390381,
MRGBP,ENSG00000101189,0.254059151436265,0.924273565692725,0.144480817386195,0.000142710629610208,missense|LC,20062796433,20,62796433,
TFB1M,ENSG00000029639,0.254127918346924,0.376302839216643,0.147418624762811,-0.000736290054920588,missense|LC,6155251892,6,155251892,
PHF5A,ENSG00000100410,0.254149066404946,0.148334366266311,0.56501984778507,-0.0149744343400374,missense|LC,22041460348,22,41460348,
ZFP36,ENSG00000128016,0.254188028287817,0.898485063391797,0.141029506568098,-0.00018490864991196,missense|LC,19039406790,19,39406790,
UHRF1BP1,ENSG00000065060,0.254239457261985,0.147192560434815,0.249970492580248,0.000429807079510227,missense|LC,6034792156,6,34792156,
EGLN3,ENSG00000129521,0.25426048636149,0.424718938223771,0.144309364149015,0.00126966543801963,missense|LC,14033925808,14,33925808,
ZNF546,ENSG00000187187,0.254316517844365,0.382308199746978,0.158472167720258,-0.00216921331402631,missense|LC,19039998281,19,39998281,
MANEA,ENSG00000172469,0.254379314292297,0.143687365094348,0.77350708162329,0.000930759350799842,missense|LC,6095586382,6,95586382,
LCN10,ENSG00000187922,0.25443841497772,0.142144459885553,0.571877312067627,-0.00197815223098613,missense|LC,9136739439,9,136739439,
RAMAC,ENSG00000169612,0.254575224484591,0.163006299953793,0.281491284014953,-0.00114598929710944,missense|LC,15082985990,15,82985990,
EPGN,ENSG00000182585,0.254632676198143,0.97312182128337,0.146189648846766,0.0000300395034356754,missense|LC,4074308471,4,74308471,
HIPK3,ENSG00000110422,0.254794314422449,0.149814464516665,0.349003178379786,-0.000457700004437657,missense|LC,11033252835,11,33252835,
AFAP1,ENSG00000196526,0.25485435399573,0.144521136376788,0.755449787278679,-0.000566981682072834,missense|LC,4007763661,4,7763661,
TRIOBP,ENSG00000100106,0.254926516779601,0.141432511933645,0.45775471085528,-0.000235268657820589,missense|LC,22037701311,22,37701311,
PIK3CA,ENSG00000121879,0.254994767888631,0.599732381867649,0.142544923270937,-0.000557107378217329,missense|LC,3179198801,3,179198801,
BRAF,ENSG00000157764,0.254998128479226,0.167638345511927,0.189051879487555,-0.00147201430552231,missense|LC,7140719288,7,140719288,
ANKRD17,ENSG00000132466,0.255014280794418,0.183477913028923,0.154511457627257,0.000532820815800624,missense|LC,4073069260,4,73069260,
RCN1,ENSG00000049449,0.255092248416282,0.144857797549642,0.630566254285129,-0.00158383095575688,missense|LC,11032091079,11,32091079,
MPP4,ENSG00000082126,0.255226535270572,0.890097040715589,0.146687661384599,0.0000735558125807419,missense|LC,2201640194,2,201640194,
ELF3,ENSG00000163435,0.255263014556364,0.902492857333936,0.145259801200671,0.0000971848814263161,missense|LC,1202003188,1,202003188,
ZNF513,ENSG00000163795,0.255265317628917,0.238366375406392,0.148820907724712,0.000581697983344049,missense|LC,2027372504,2,27372504,
SCP2,ENSG00000116171,0.255270000443525,0.667931051275255,0.1435388932551,0.00058761628419765,missense|LC,1052927335,1,52927335,
DEFB116,ENSG00000215545,0.255290662655172,0.153424075481345,0.478135617084289,0.00193449840717014,missense|LC,20031303074,20,31303074,
SAP130,ENSG00000136715,0.255298473087197,0.410336771918509,0.144180146013207,-0.000692199817032499,missense|LC,2127941979,2,127941979,
CUL4B,ENSG00000158290,0.255336361561402,0.146490063049105,0.446645521700723,0.00133444344213445,missense|LC,23120526747,X,120526747,
SAXO1,ENSG00000155875,0.255343578796702,0.185370964951108,0.153823685176746,-0.000654381162292694,missense|LC,9018927945,9,18927945,
UGT2B17,ENSG00000197888,0.2553587196311,0.152303625427116,0.263386439927146,-0.000343952106616206,missense|LC,4068537549,4,68537549,
CAMSAP2,ENSG00000118200,0.255367309633831,0.417224831912899,0.146305484134748,-0.000392438485021219,missense|LC,1200739779,1,200739779,
STAB1,ENSG00000010327,0.255372980329728,0.160875112612307,0.196542621964235,0.000235272566274609,missense|LC,3052490593,3,52490593,
ROPN1,ENSG00000065371,0.25537785020883,0.426768026962975,0.180449819362255,-0.000542713295629279,missense|LC,3123969107,3,123969107,
NCAPH2,ENSG00000025770,0.255417362715999,0.369394806004688,0.142971675418683,-0.000528141946661572,missense|LC,22050503300,22,50503300,
METAP2,ENSG00000111142,0.25544671338262,0.634155148310446,0.143539898635583,-0.000471742827166023,missense|LC,12095474046,12,95474046,
LMX1A,ENSG00000162761,0.255471888696636,0.689094621774307,0.142184458415276,0.000421279065031369,missense|LC,1165203807,1,165203807,
EDDM3A,ENSG00000181562,0.255507953645751,0.478634021592241,0.169109102160014,0.000341268210315187,missense|LC,14020747526,14,20747526,
KLRC2,ENSG00000205809,0.255633825001414,0.674072495519122,0.156004232991005,-0.000214986860041101,missense|LC,12010430915,12,10430915,
RNF8,ENSG00000112130,0.255633977299298,0.54286779742114,0.142559245701211,0.000758671329352193,missense|LC,6037354106,6,37354106,
C12orf42,ENSG00000179088,0.255665379149122,0.562898983025486,0.147290207503481,0.000318626103337145,missense|LC,12103302021,12,103302021,
NKX6-3,ENSG00000165066,0.255673753869898,0.149242780980276,0.30083198337172,0.00208306203878279,missense|LC,8041646334,8,41646334,
AIFM1,ENSG00000156709,0.255690589802427,0.933305984425534,0.145510044547187,-0.0000636469825809349,missense|LC,23130129516,X,130129516,
SLC49A4,ENSG00000138463,0.255723164273378,0.960022393164616,0.148632261187572,0.0000351808560643775,missense|LC,3122793549,3,122793549,
CLSTN2,ENSG00000158258,0.255775594475409,0.170334573646403,0.171859247434126,0.00327968864457167,missense|LC,3139935326,3,139935326,
METTL26,ENSG00000130731,0.255920952584032,0.244424289063584,0.149621115073961,0.00102818610334279,missense|LC,16000631144,16,631144,
CRYBB2,ENSG00000244752,0.256048770742642,0.162105499736575,0.192468083041643,0.00169079634432428,missense|LC,22025221379,22,25221379,
AKAP9,ENSG00000127914,0.256071655494526,0.25354381432887,0.173960800389686,-0.000600528034405025,missense|LC,7091941030,7,91941030,
TSR2,ENSG00000158526,0.256094524943704,0.898406459542727,0.150079791668275,-0.00018448638436196,missense|LC,23054440356,X,54440356,
MAGEB6B,ENSG00000232030,0.256151377438345,0.208814441581855,0.152711899103274,-0.0020231842851677,missense|LC,23026161079,X,26161079,
ATP6V1FNB,ENSG00000272899,0.25617621180622,0.65646505885574,0.14580901811176,0.000401433602248234,missense|LC,7128862806,7,128862806,
REG3A,ENSG00000172016,0.256196919103002,0.143874281041225,0.479584344437615,-0.00162570417257746,missense|LC,2079157180,2,79157180,
OAF,ENSG00000184232,0.256228736613426,0.402804498252642,0.166510852170943,-0.000487032977339533,missense|LC,11120211201,11,120211201,
KCNAB1,ENSG00000169282,0.256254345437947,0.151252947321957,0.399202694116582,-0.00117779845055421,missense|LC,3156120558,3,156120558,
TM9SF2,ENSG00000125304,0.256299285484015,0.175339549685467,0.169645473645551,0.00136767374231108,missense|LC,13099501488,13,99501488,
AC079594.2,ENSG00000248710,0.256358215084279,0.148928824637439,0.738293232053035,-0.00056529595923379,missense|LC,3160225530,3,160225530,
KRT36,ENSG00000126337,0.25637130512805,0.559451867859534,0.150189295898396,0.000208622038379188,missense|LC,17041481143,17,41481143,
LRRC18,ENSG00000165383,0.256392287136617,0.147169174991114,0.375048238346264,0.00112147816333796,missense|LC,10048910189,10,48910189,
FOXI3,ENSG00000214336,0.256575468703981,0.168332439158419,0.199469136883127,-0.000467489697161708,missense|LC,2088448133,2,88448133,
MLX,ENSG00000108788,0.256632576672524,0.708338817395008,0.14508895868317,0.000398058498184699,missense|LC,17042562344,17,42562344,
ATG2B,ENSG00000066739,0.256659030067272,0.14645379478409,0.425703277275403,0.000348740346131375,missense|LC,14096285686,14,96285686,
PODNL1,ENSG00000132000,0.256762253538821,0.366684798275142,0.148894662837643,-0.000297404625932862,missense|LC,19013927801,19,13927801,
NFE2L1,ENSG00000082641,0.256769240405407,0.527844446002793,0.144163489565805,-0.000362655679308266,missense|LC,17048043439,17,48043439,
AC106741.1,ENSG00000287694,0.256778875042191,0.838989624038428,0.144561866075131,0.0000755764496759688,missense|LC,16076277623,16,76277623,
MAP7D3,ENSG00000129680,0.257007105099851,0.845348364832533,0.157025824475932,0.0000336273622043676,missense|LC,23136219398,X,136219398,
REEP5,ENSG00000129625,0.25704518730312,0.319124698622175,0.148309872638171,-0.00100499465799317,missense|LC,5112878660,5,112878660,
BOK,ENSG00000176720,0.257095065362849,0.198930760773955,0.158378341940348,0.000615235785392151,missense|LC,2241559395,2,241559395,
GASK1B,ENSG00000164125,0.257371048930216,0.677980441694337,0.156068162146355,0.000161236615308258,missense|LC,4158127343,4,158127343,
EIF2S1,ENSG00000134001,0.25740364325192,0.148682539783766,0.30047867530357,0.0025844695457596,missense|LC,14067359564,14,67359564,
FKBP14,ENSG00000106080,0.257506190813329,0.511254929587823,0.172326420173292,-0.000613526599672776,missense|LC,7030014695,7,30014695,
IGLC3,ENSG00000211679,0.257511085437741,0.162315765488258,0.216206111934476,-0.00195719139514731,missense|LC,22022906472,22,22906472,
MBTD1,ENSG00000011258,0.257569246588557,0.827143466140997,0.160146144440034,0.000142096829150587,missense|LC,17051180560,17,51180560,
RGL4,ENSG00000159496,0.25765188350209,0.553580567654912,0.155129385770423,-0.000239390060079834,missense|LC,22023691938,22,23691938,
OR52A5,ENSG00000171944,0.257795525219447,0.184461563856152,0.163180204207228,0.000632360890386039,missense|LC,11005131667,11,5131667,
FARP1,ENSG00000152767,0.257797985122744,0.150148697633194,0.28872158268649,-0.000477507204231417,missense|LC,13098176107,13,98176107,
CEACAM18,ENSG00000213822,0.257799703823733,0.161543603539609,0.357803964541538,0.000594132585303918,missense|LC,19051478625,19,51478625,
ZNF98,ENSG00000197360,0.257800000606581,0.155123620867033,0.507671141927995,-0.000502690106834376,missense|LC,19022391335,19,22391335,
SVIP,ENSG00000198168,0.257821935541775,0.289003275918839,0.155841501052006,0.00241040371121806,missense|LC,11022823062,11,22823062,
ZNF133,ENSG00000125846,0.257828583785591,0.152757096189716,0.251327615022398,0.000737307739425672,missense|LC,20018297944,20,18297944,
ZNF784,ENSG00000179922,0.257864267467232,0.296784484943812,0.160214238250527,-0.00053813448038686,missense|LC,19055615742,19,55615742,
MSN,ENSG00000147065,0.257871041977277,0.893106268705399,0.144777314604569,0.00012047670472994,missense|LC,23065667545,X,65667545,
HOXA7,ENSG00000122592,0.257913583528907,0.663538236396221,0.153223260123763,-0.000303269319099361,missense|LC,7027152219,7,27152219,
IQSEC2,ENSG00000124313,0.258049627024264,0.254531620216625,0.14495599735819,-0.000657560618262273,missense|LC,23053234227,X,53234227,
ASAH1,ENSG00000104763,0.258093976906446,0.521381497290627,0.150860152269398,-0.000321244979975203,missense|LC,8018057478,8,18057478,
ANKRD23,ENSG00000163126,0.258139751800143,0.372499142875345,0.157963653646845,-0.000385990233223713,missense|LC,2096832915,2,96832915,
ADAMTS2,ENSG00000087116,0.258298157554472,0.305144607388721,0.145577181893128,0.00029628320709158,missense|LC,5179113794,5,179113794,
FGFR1,ENSG00000077782,0.258311089097624,0.145463406515795,0.344405322140317,0.000808811594837702,missense|LC,8038406919,8,38406919,
SNAP91,ENSG00000065609,0.258362214512219,0.84993847235132,0.156019745128525,0.0000614204387348252,missense|LC,6083556128,6,83556128,
ZNF169,ENSG00000175787,0.258396585002226,0.676209369492178,0.145089518972416,-0.000263897691519168,missense|LC,9094278743,9,94278743,
BNIP1,ENSG00000113734,0.258446147074717,0.345669491298779,0.152739735266241,0.000862119433542433,missense|LC,5173144459,5,173144459,
FUT8,ENSG00000033170,0.258483467041125,0.762762501531919,0.144283980205503,-0.000268710144115944,missense|LC,14065561494,14,65561494,
KRT77,ENSG00000189182,0.258495949423187,0.529870987586884,0.159305360051199,-0.000219252116472727,missense|LC,12052691037,12,52691037,
UBQLN4,ENSG00000160803,0.258540463107049,0.384310932615711,0.175298337747154,0.000413621524822864,missense|LC,1156033123,1,156033123,
TMEM95,ENSG00000182896,0.258652952128155,0.660004251907728,0.161200931750722,-0.000287801644559662,missense|LC,17007350123,17,7350123,
ELL3,ENSG00000128886,0.258688325194028,0.170935035683238,0.178812762909173,0.000595382364925446,missense|LC,15043768461,15,43768461,
AC010422.5,ENSG00000269590,0.258767554290741,0.749048923987158,0.148615970605509,0.000498264231078752,missense|LC,19012661224,19,12661224,
LGR4,ENSG00000205213,0.258790784511838,0.796088429535868,0.152458735470993,0.000097240497090303,missense|LC,11027362732,11,27362732,
AL160269.1,ENSG00000285269,0.258839212003879,0.371333827221684,0.159329263202423,0.000718471165154826,missense|LC,9096235427,9,96235427,
SCD,ENSG00000099194,0.258868345977044,0.158807070570494,0.377311736988323,-0.00129051240921226,missense|LC,10100347415,10,100347415,
TRAM1,ENSG00000067167,0.258924181159441,0.15333079622811,0.286001279077976,0.00112133097224103,missense|LC,8070574908,8,70574908,
TIPRL,ENSG00000143155,0.258990439147078,0.329192870894938,0.146879820107595,-0.00125263075530171,missense|LC,1168179004,1,168179004,
VAPB,ENSG00000124164,0.25905368628759,0.173447903335816,0.327540860884844,-0.000705788195489639,missense|LC,20058389358,20,58389358,
PRICKLE2,ENSG00000163637,0.259078223326951,0.69040449607274,0.146253663118725,0.000237396487724091,missense|LC,3064098953,3,64098953,
SMIM27,ENSG00000235453,0.259087281831987,0.858223657570248,0.168600124036979,0.000740738052266291,missense|LC,9032550677,9,32550677,
CLIP3,ENSG00000105270,0.259110997268089,0.148174551811737,0.298001602376159,-0.00127008097124671,missense|LC,19036010515,19,36010515,
MID1IP1,ENSG00000165175,0.25916091353838,0.256091044613513,0.181401587233528,0.00062520795516141,missense|LC,23038804868,X,38804868,
KRTAP9-9,ENSG00000198083,0.259252757099984,0.15347442946102,0.605549070551075,0.000527036531775424,missense|LC,17041255234,17,41255234,
AP000944.5,ENSG00000285816,0.259259951370777,0.44552039292253,0.151195898918084,-0.00052222096121007,missense|LC,11065262237,11,65262237,
KRTAP10-8,ENSG00000187766,0.259267926382795,0.227531687566769,0.157973700021662,0.000477973069208515,missense|LC,21044612022,21,44612022,
RFNG,ENSG00000169733,0.259275440356391,0.14677742155687,0.432091669333332,0.000976384099682689,missense|LC,17082048671,17,82048671,
PADI1,ENSG00000142623,0.259282512533373,0.155662637694744,0.545612324030496,0.000442324360563352,missense|LC,1017205166,1,17205166,
AHCYL2,ENSG00000158467,0.259294460671054,0.720387285154433,0.145155025048559,0.000352985525027169,missense|LC,7129224933,7,129224933,
CCL3L3,ENSG00000276085,0.259316419483067,0.722780118044217,0.155213593586298,0.000457325936295799,missense|LC,17036195203,17,36195203,
DAZAP1,ENSG00000071626,0.259370886910001,0.144729446966118,0.514685437506136,0.00253386668819933,missense|LC,19001407637,19,1407637,
MNT,ENSG00000070444,0.259389150018193,0.828308545455811,0.143148493896402,-0.000158863080616349,missense|LC,17002379076,17,2379076,
OR2T10,ENSG00000184022,0.259423747844369,0.251902125777667,0.233982200988214,-0.000166491051192794,missense|LC,1248592811,1,248592811,
IL22,ENSG00000127318,0.259452311773562,0.517028146383356,0.16294399748475,0.00061055580476025,missense|LC,12068248753,12,68248753,
KCNMA1,ENSG00000156113,0.259472803303513,0.15073426527659,0.270260494906141,-0.00151590961613693,missense|LC,10076883929,10,76883929,
GABPA,ENSG00000154727,0.259557644728714,0.155180401567608,0.210420111969429,-0.00150040236257187,missense|LC,21025729570,21,25729570,
SIGLEC9,ENSG00000129450,0.259576596433368,0.404665397840911,0.152824337719329,-0.000304722059228139,missense|LC,19051124854,19,51124854,
SPAG16,ENSG00000144451,0.259644956594798,0.152218672253665,0.371270309924198,0.000998336515322731,missense|LC,2213283992,2,213283992,
CD68,ENSG00000129226,0.259658321483431,0.154080302052352,0.422519937005731,-0.000871803295826344,missense|LC,17007574647,17,7574647,
CHCHD6,ENSG00000159685,0.259714108100302,0.884658099102244,0.161818045253965,-0.0000931293735783767,missense|LC,3126704257,3,126704257,
CDC42BPG,ENSG00000171219,0.259719917709788,0.146632723306239,0.462349269481353,0.00038415879548822,missense|LC,11064824445,11,64824445,
TMED6,ENSG00000157315,0.259732746897831,0.539543428143525,0.16531229452966,0.000305245668669595,missense|LC,16069339063,16,69339063,
SPPL2C,ENSG00000185294,0.259737892394466,0.921439826686448,0.151499219559141,0.0000258365512734556,missense|LC,17045844842,17,45844842,
SYTL3,ENSG00000164674,0.259830517194584,0.970465146277466,0.149472195994513,0.0000101901095514406,missense|LC,6158663203,6,158663203,
PROS1,ENSG00000184500,0.259870532750091,0.212695977261963,0.155540158316769,0.000458248019449503,missense|LC,3093874158,3,93874158,
GALNT15,ENSG00000131386,0.259998679149204,0.64851700771661,0.144335905469004,0.000267646693641638,missense|LC,3016175069,3,16175069,
MDH2,ENSG00000146701,0.260005416941881,0.712388122656508,0.158491129268888,0.000233523803898642,missense|LC,7076047830,7,76047830,
KDR,ENSG00000128052,0.260007711523485,0.150787398699902,0.476233284060966,-0.000482141504545413,missense|LC,4055079889,4,55079889,
DACT2,ENSG00000164488,0.260008084003934,0.223626087894009,0.155275736046186,-0.000380534172088523,missense|LC,6168306805,6,168306805,
LYNX1-SLURP2,ENSG00000284505,0.260013481133562,0.151487934113398,0.618963417987123,-0.00144384212958198,missense|LC,8142764518,8,142764518,
MANSC4,ENSG00000205693,0.260079591361549,0.321884947604768,0.160272331844706,-0.000690289093039731,missense|LC,12027762655,12,27762655,
TIMMDC1,ENSG00000113845,0.260176502931247,0.20265176036442,0.171859888922153,0.000593588624229929,missense|LC,3119498656,3,119498656,
TMEFF2,ENSG00000144339,0.260210484806279,0.573338790691965,0.149338179750392,-0.000831444097845826,missense|LC,2191949011,2,191949011,
TMEM104,ENSG00000109066,0.260251161792874,0.389329769111184,0.15314589808289,0.000290019456743785,missense|LC,17074771583,17,74771583,
TMX3,ENSG00000166479,0.260286836074935,0.547486889561385,0.168787395667705,0.000260097400024921,missense|LC,18068676817,18,68676817,
FGF3,ENSG00000186895,0.260302095724072,0.145929054140522,0.609799834304811,-0.00153758305318805,missense|LC,11069810222,11,69810222,
ZNF200,ENSG00000010539,0.260329515248652,0.163221251259165,0.621389032147852,-0.000617919435918583,missense|LC,16003223756,16,3223756,
MOB1B,ENSG00000173542,0.260331362958825,0.153245376683097,0.567708042706737,0.0017666028893263,missense|LC,4070902446,4,70902446,
CCER2,ENSG00000262484,0.260356273567838,0.203114151881131,0.159235763593567,0.000406599560362189,missense|LC,19038904954,19,38904954,
CSE1L,ENSG00000124207,0.260369689552772,0.944437846393955,0.152957245934313,0.0000417873193363102,missense|LC,20049058422,20,49058422,
SRP19,ENSG00000153037,0.260453599284511,0.152556868984449,0.896206509651324,0.00175587531000806,missense|LC,5112861282,5,112861282,
FAM124B,ENSG00000124019,0.260578945213404,0.306089952764674,0.15068243721769,-0.000732325886976442,missense|LC,2224379461,2,224379461,
SPO11,ENSG00000054796,0.2606124747098,0.576688872568034,0.159031099567942,0.000321292640688162,missense|LC,20057329733,20,57329733,
ITFG1,ENSG00000129636,0.260683866291942,0.152618696955158,0.432378351217209,-0.00082697743185318,missense|LC,16047155682,16,47155682,
SH2D1A,ENSG00000183918,0.26070538829503,0.203732420645847,0.17730165205917,-0.00217516149416877,missense|LC,23124346568,X,124346568,
DNMT3A,ENSG00000119772,0.26075897805549,0.824327860065274,0.155384819087791,0.000137761284941561,missense|LC,2025234129,2,25234129,
ARL14EPL,ENSG00000268223,0.260804498115595,0.303881001257249,0.181768872206868,0.000488992801487874,missense|LC,5116051435,5,116051435,
TOM1L1,ENSG00000141198,0.260827469812037,0.957152516991501,0.151821315773083,0.0000345451766186651,missense|LC,17054900740,17,54900740,
ALDH3A2,ENSG00000072210,0.260853793231476,0.754877159685432,0.168110450546282,0.000118767760220729,missense|LC,17019648853,17,19648853,
ANKRD40,ENSG00000154945,0.26085773602622,0.824574800383582,0.155015548464431,-0.000107012663211469,missense|LC,17050691046,17,50691046,
SLC16A13,ENSG00000174327,0.260935069283048,0.14850469789225,0.517292479756001,0.00119192258690198,missense|LC,17007036293,17,7036293,
MXD4,ENSG00000123933,0.260939344691857,0.581318268157323,0.153848013728477,0.000470705447592657,missense|LC,4002250421,4,2250421,
ZNF782,ENSG00000196597,0.260956543367034,0.559002398914819,0.158182417501027,0.000208800154243929,missense|LC,9096817862,9,96817862,
HERPUD2,ENSG00000122557,0.26096263191134,0.422179889916087,0.179419749402541,0.00041686793225918,missense|LC,7035633620,7,35633620,
FNIP2,ENSG00000052795,0.260983182787112,0.254948020370119,0.152699526491957,0.000404914596894182,missense|LC,4158769152,4,158769152,
C11orf97,ENSG00000257057,0.261039939730181,0.41114775790433,0.19555676269107,0.000524743160707357,missense|LC,11094512402,11,94512402,
IKZF2,ENSG00000030419,0.261093009148462,0.821099844458839,0.172462922996896,0.000102941958845275,missense|LC,2213007270,2,213007270,
DLX1,ENSG00000144355,0.261195545798973,0.441862966905923,0.146036646419054,-0.00158923037034724,missense|LC,2172085589,2,172085589,
SNX8,ENSG00000106266,0.261197453002106,0.260163554636987,0.165172364467841,-0.000362351840802574,missense|LC,7002249744,7,2249744,
ELMOD3,ENSG00000115459,0.261197476454743,0.946113160681199,0.152978195917006,-0.0000418684631587361,missense|LC,2085349973,2,85349973,
LGALS3,ENSG00000131981,0.261198763436858,0.155978873538113,0.665204041859225,0.000870673584932621,missense|LC,14055137307,14,55137307,
BTRC,ENSG00000166167,0.261255617488703,0.147795741132861,0.970107794544596,-0.00102448266269467,missense|LC,10101354080,10,101354080,
GNMT,ENSG00000124713,0.261366393421358,0.654102202564215,0.157744585316462,-0.000408463250836206,missense|LC,6042956330,6,42956330,
PCDHGA5,ENSG00000253485,0.261514008030208,0.377132998227572,0.14928487675809,-0.000329069520820864,missense|LC,5141360020,5,141360020,
GRXCR1,ENSG00000215203,0.261562943752957,0.177749916536156,0.187221874506244,-0.000843035101737412,missense|LC,4042893181,4,42893181,
MTURN,ENSG00000180354,0.261758851270935,0.550870306183331,0.156135707862617,-0.000925048501704052,missense|LC,7030135022,7,30135022,
SART3,ENSG00000075856,0.261953307930281,0.42115182778229,0.146665948669129,0.000421102685848038,missense|LC,12108517215,12,108517215,
SPATS2L,ENSG00000196141,0.262128757681298,0.378980548104439,0.166180017643861,-0.000430936762428658,missense|LC,2200305969,2,200305969,
RNF212B,ENSG00000215277,0.26218256165185,0.170390498707867,0.191553950031993,0.00122624015125624,missense|LC,14023182655,14,23182655,
PSMB7,ENSG00000136930,0.26219668984903,0.833229055401342,0.148197787631154,0.000257670919833298,missense|LC,9124350798,9,124350798,
OR5D13,ENSG00000279761,0.262384138021731,0.545007192017511,0.171287600916612,0.000260995812234544,missense|LC,11055773406,11,55773406,
PJA1,ENSG00000181191,0.262418782427863,0.683349064246736,0.160256359431508,-0.000168797192866483,missense|LC,23069161190,X,69161190,
RNF41,ENSG00000181852,0.262443816669478,0.16282622164627,0.496233713006309,0.00158501663753386,missense|LC,12056206394,12,56206394,
OXSM,ENSG00000151093,0.262531984632942,0.516929317154309,0.157683716721151,0.000322956399822029,missense|LC,3025789774,3,25789774,
ARID5A,ENSG00000196843,0.262557149322695,0.159292978338476,0.315012712670606,0.000564851271446415,missense|LC,2096536700,2,96536700,
CRTAC1,ENSG00000095713,0.262559442739712,0.386974515040583,0.154298034453405,0.00026324568251717,missense|LC,10097863839,10,97863839,
TRMT61A,ENSG00000166166,0.26257859248696,0.46999739836853,0.146012101212934,0.000789179026955201,missense|LC,14103529888,14,103529888,
SIRT3,ENSG00000142082,0.262584963228403,0.1636579394839,0.225284567544671,0.000471950488376634,missense|LC,11000210030,11,210030,
FUBP3,ENSG00000107164,0.262774891423539,0.462003223620767,0.152079426354367,0.000609372574935205,missense|LC,9130579621,9,130579621,
POLE3,ENSG00000148229,0.26280774728864,0.610340157444772,0.150767941765864,0.000898917002506088,missense|LC,9113408761,9,113408761,
PHF20,ENSG00000025293,0.2628311363135,0.712041518980119,0.154394652748101,-0.000158231633721984,missense|LC,20035801494,20,35801494,
ANK1,ENSG00000029534,0.262847205899144,0.673844072399907,0.148480036481365,0.000107193334961212,missense|LC,8041648226,8,41648226,
ARHGEF26,ENSG00000114790,0.262891784629007,0.707034814278345,0.157427577303483,0.000139825430983731,missense|LC,3154121864,3,154121864,
BRINP2,ENSG00000198797,0.262901166376746,0.583459382597943,0.146384234091808,0.000282048793859445,missense|LC,1177229748,1,177229748,
DAB1,ENSG00000173406,0.262911210756162,0.151714387163692,0.913728865348658,0.000980091761643119,missense|LC,1057010659,1,57010659,
IKZF5,ENSG00000095574,0.262980520635582,0.429600073360373,0.148680034597038,0.000812088221940519,missense|LC,10122986274,10,122986274,
FAM118A,ENSG00000100376,0.263004675168551,0.149457682065737,0.284038352329488,0.00124163441370712,missense|LC,22045322114,22,45322114,
APOL6,ENSG00000221963,0.263081450789935,0.862514379339086,0.147844642481818,-0.000112989099051958,missense|LC,22035656340,22,35656340,
KRT39,ENSG00000196859,0.263087637185884,0.158204450796244,0.548276509090485,0.000517250711275755,missense|LC,17040958497,17,40958497,
SEC11C,ENSG00000166562,0.26311997276416,0.244391725183247,0.149265119817118,-0.00219806155604874,missense|LC,18059139883,18,59139883,
ARL2,ENSG00000213465,0.263320412304431,0.338291221276765,0.150239322876671,-0.00121370888115678,missense|LC,11065014152,11,65014152,
MAST2,ENSG00000086015,0.26342615727722,0.965825710415372,0.155764940708775,-0.000036941784445569,missense|LC,1045803995,1,45803995,
SNAPC4,ENSG00000165684,0.263618987193179,0.167724144293473,0.19941169764903,0.000300360399698299,missense|LC,9136370581,9,136370581,
SNAPC2,ENSG00000104976,0.263657152070286,0.455659619259992,0.150774354934637,0.000472435105428705,missense|LC,19007916089,19,7916089,
A4GNT,ENSG00000118017,0.263734340598974,0.223374916117484,0.163605504759212,-0.000538658703830423,missense|LC,3138124147,3,138124147,
TSNAX-DISC1,ENSG00000270106,0.263835299721088,0.298064967961232,0.180905621697654,0.000682443349003636,missense|LC,1231528710,1,231528710,
HPSE2,ENSG00000172987,0.263852069944431,0.165274134236134,0.441361779876963,0.000481790219578216,missense|LC,10098459495,10,98459495,
SYNJ2BP-COX16,ENSG00000258644,0.263898072565084,0.154387022967025,0.80513861884436,0.00200297962201817,missense|LC,14070326251,14,70326251,
YAF2,ENSG00000015153,0.263902395571455,0.153533150905316,0.651342292571272,-0.00248281806890174,missense|LC,12042160542,12,42160542,
RBBP6,ENSG00000122257,0.263903638118181,0.9755509360323,0.145554968278495,0.0000115679676447311,missense|LC,16024540542,16,24540542,
AL139142.2,ENSG00000285777,0.26393822604145,0.177550094993378,0.249606798727484,0.000655876310824884,missense|LC,1173597827,1,173597827,
NXF5,ENSG00000126952,0.264094516434961,0.154614268447024,0.308204011038344,0.000614589889152054,missense|LC,23101832193,X,101832193,
GPR101,ENSG00000165370,0.264095962425961,0.162562126289437,0.325796281627809,-0.000536695229652422,missense|LC,23137030109,X,137030109,
SLC49A3,ENSG00000169026,0.264113662873149,0.821850581671673,0.15266270853188,-0.0000837389053678384,missense|LC,4000681831,4,681831,
CCDC57,ENSG00000176155,0.26424215958049,0.801270901391821,0.152738286794902,0.000100837362472633,missense|LC,17082157450,17,82157450,
TNPO1,ENSG00000083312,0.264347311204823,0.880087238828413,0.148370781477959,0.000138402233477597,missense|LC,5072816621,5,72816621,
SMYD3,ENSG00000185420,0.264354932117688,0.537584459896962,0.155320560798676,0.000449838111388434,missense|LC,1245749527,1,245749527,
OXLD1,ENSG00000204237,0.264425292541715,0.300981850938366,0.151604650914218,-0.00130120805011872,missense|LC,17081665092,17,81665092,
GSDME,ENSG00000105928,0.264514560238015,0.722883733568868,0.145631257944178,-0.000262475330270473,missense|LC,7024698993,7,24698993,
CEACAM20,ENSG00000273777,0.264547728690906,0.153248686258209,0.553904370033141,0.000673137510253251,missense|LC,19044506155,19,44506155,
PRKCB,ENSG00000166501,0.26460393870315,0.156827479180678,0.895823702609359,-0.00495612285837171,missense|LC,16023836069,16,23836069,
IFRD1,ENSG00000006652,0.264815782962545,0.187501024760665,0.169270649234983,0.000966577685111627,missense|LC,7112450639,7,112450639,
AC005192.1,ENSG00000288640,0.264815782962545,0.187501024760665,0.169270649234983,0.000966577685111627,missense|LC,7112450639,7,112450639,
AC003002.2,ENSG00000268533,0.264896693128688,0.566330826479788,0.212808361279359,-0.00109750338824457,missense|LC,19057389980,19,57389980,
RTN4R,ENSG00000040608,0.264973206474013,0.56717922783786,0.148355690622057,-0.000411123403887296,missense|LC,22020241611,22,20241611,
TSR1,ENSG00000167721,0.265019632519386,0.155262248185981,0.469649096602527,-0.000396080808397992,missense|LC,17002317783,17,2317783,
APBB1IP,ENSG00000077420,0.265024957064575,0.513117726348803,0.1643476080901,0.00023294563258741,missense|LC,10026492263,10,26492263,
ADAM29,ENSG00000168594,0.265132427835111,0.160753876559485,0.321911688388148,-0.000412466424975598,missense|LC,4174975432,4,174975432,
MYO18B,ENSG00000133454,0.265147836872672,0.224265998433356,0.151465348752843,-0.000291453141636063,missense|LC,22025761012,22,25761012,
FAR1,ENSG00000197601,0.265160178792107,0.253468259743893,0.184735847397687,0.000663075378900865,missense|LC,11013694696,11,13694696,
FADS2,ENSG00000134824,0.265204194016607,0.677870225067205,0.158365565029845,-0.000453229088002094,missense|LC,11061827959,11,61827959,
TRIP12,ENSG00000153827,0.265254216190118,0.149049935135873,0.545643859499876,0.000682190479846562,missense|LC,2229767444,2,229767444,
AIRE,ENSG00000160224,0.26525424132462,0.581075663260374,0.149595950713646,0.000232217935004344,missense|LC,21044285912,21,44285912,
COL9A2,ENSG00000049089,0.265316333135167,0.297516431157929,0.153647369541654,0.000497339274919982,missense|LC,1040301103,1,40301103,
SDHAF2,ENSG00000167985,0.265346708857519,0.151562323391023,0.899279429173504,-0.00193777384013707,missense|LC,11061429186,11,61429186,
LENG8,ENSG00000167615,0.265350749385286,0.150622255042119,0.305586109709244,0.000900597456660889,missense|LC,19054451266,19,54451266,
NDUFA3,ENSG00000170906,0.265374387334907,0.196257073090575,0.157850724183397,-0.00228545932186364,missense|LC,19054099541,19,54099541,
MMS22L,ENSG00000146263,0.265441757033419,0.572695671608735,0.147311892080259,0.000260694232881965,missense|LC,6097139044,6,97139044,
CXCR3,ENSG00000186810,0.265533012457307,0.158532073061632,0.285078852374829,0.00155314452056121,missense|LC,23071610916,X,71610916,
KAZALD1,ENSG00000107821,0.265557196090166,0.900582381037644,0.157689033995063,0.000086904244606292,missense|LC,10101062458,10,101062458,
DOCK4,ENSG00000128512,0.265578803455716,0.420461867243947,0.153344317357667,0.000218280110457727,missense|LC,7111728200,7,111728200,
CUX2,ENSG00000111249,0.265589363561476,0.272292804250925,0.151861159467036,-0.000344337588551414,missense|LC,12111034088,12,111034088,
ANKRD45,ENSG00000183831,0.265627781314682,0.1786781685882,0.249731237022441,0.000654012766288305,missense|LC,1173610072,1,173610072,
CENPB,ENSG00000125817,0.26566298689947,0.326106511444716,0.149783383821096,-0.000715660395193117,missense|LC,20003778853,20,3778853,
SERPINE3,ENSG00000253309,0.265823054950276,0.584951994828593,0.147893374846452,0.000504770913740863,missense|LC,13051341036,13,51341036,
AC008537.1,ENSG00000268797,0.265838499548736,0.246301770199556,0.155923865163672,-0.00285785489741877,missense|LC,19040800431,19,40800431,
ZMAT1,ENSG00000166432,0.265844464705198,0.598396308785841,0.15050178195838,-0.000330259105499769,missense|LC,23101883468,X,101883468,
CEP85,ENSG00000130695,0.265864044262653,0.795632167897571,0.158729356595749,0.000109810896829747,missense|LC,1026239755,1,26239755,
AC135050.2,ENSG00000255439,0.265870969123036,0.936692262887621,0.155825086237911,0.0000757917600494916,missense|LC,16031082851,16,31082851,
ASF1A,ENSG00000111875,0.265883996201884,0.591992184693691,0.153477534869339,-0.00146763399493348,missense|LC,6118893935,6,118893935,
EMC8,ENSG00000131148,0.265922757114149,0.151503009603874,0.611235820041647,-0.00182190076203847,missense|LC,16085779627,16,85779627,
GCC2,ENSG00000135968,0.266146711753939,0.95090366675511,0.153533399724261,0.0000167260013970442,missense|LC,2108449179,2,108449179,
CGNL1,ENSG00000128849,0.266205677020658,0.974572437075938,0.150682147900239,0.00000638294783926565,missense|LC,15057437922,15,57437922,
GSPT1,ENSG00000103342,0.266262234664323,0.349234449380569,0.161411930805746,0.000405837702290471,missense|LC,16011873107,16,11873107,
MCAM,ENSG00000076706,0.266280528243974,0.151566570160039,0.902019654136882,0.000851762172196059,missense|LC,11119309804,11,119309804,
SHISAL1,ENSG00000138944,0.266289882489734,0.645522408833185,0.153176871261854,0.00045625856625996,missense|LC,22044285341,22,44285341,
SLC6A7,ENSG00000011083,0.266311244602807,0.326641623630808,0.157980184517259,-0.000439678360258988,missense|LC,5150190259,5,150190259,
SEMA4B,ENSG00000185033,0.266358190860009,0.155379059821875,0.332606308400652,0.00041319338349549,missense|LC,15090201319,15,90201319,
CLOCK,ENSG00000134852,0.266391353872078,0.594668987574203,0.15108291285842,0.000380015946509111,missense|LC,4055424510,4,55424510,
PA2G4,ENSG00000170515,0.26646594453629,0.663596132172146,0.150702994652517,-0.000918172134282834,missense|LC,12056099588,12,56099588,
LTB4R2,ENSG00000213906,0.266554889547306,0.364193646575871,0.154870641017021,-0.000462910404155292,missense|LC,14024305153,14,24305153,
EML4,ENSG00000143924,0.266618107877394,0.149930997344496,0.386846371481728,-0.000727843916118122,missense|LC,2042169498,2,42169498,
SLC38A11,ENSG00000169507,0.266631829573994,0.948827670526189,0.161182181518421,-0.000031294867737862,missense|LC,2164898397,2,164898397,
ERN1,ENSG00000178607,0.266641039614152,0.410555919300455,0.157890758165475,-0.000357155863494888,missense|LC,17064043970,17,64043970,
TUBGCP6,ENSG00000128159,0.266730193639309,0.153655029317931,0.266434862539622,-0.000412046982184951,missense|LC,22050215642,22,50215642,
HTR5A,ENSG00000157219,0.26675822355693,0.840478474663508,0.148921390622297,-0.000154114820548296,missense|LC,7155070811,7,155070811,
FAM222A,ENSG00000139438,0.266776988642212,0.697254255073906,0.152741404125765,0.00023504436205231,missense|LC,12109720020,12,109720020,
LSM10,ENSG00000181817,0.266837999385819,0.207560530856898,0.15814966541907,-0.0016644511024245,missense|LC,1036393641,1,36393641,
ZC3H6,ENSG00000188177,0.266841546698822,0.375525503117668,0.160064623242378,-0.000341442109096521,missense|LC,2112275918,2,112275918,
ASPRV1,ENSG00000244617,0.266856407698716,0.173457339174224,0.201060213845692,0.000666684016379175,missense|LC,2069960565,2,69960565,
CDH4,ENSG00000179242,0.266928606773591,0.681085195591091,0.150081633419654,0.000168283768975339,missense|LC,20061252459,20,61252459,
FAM53C,ENSG00000120709,0.266956902110777,0.883627976685235,0.151028362368228,-0.000133022071768779,missense|LC,5138337884,5,138337884,
EIF1AX,ENSG00000173674,0.26702524766232,0.167942827771205,0.507830363276775,0.0107403421287948,missense|LC,23020128260,X,20128260,
SLC2A1,ENSG00000117394,0.267042012930141,0.934292809462376,0.152021329582478,0.0000776146725180411,missense|LC,1042926625,1,42926625,
EIF1AY,ENSG00000198692,0.267084135078809,0.4512567895444,0.178896366077617,-0.00293602390411734,missense|LC,24020575849,Y,20575849,
TLCD1,ENSG00000160606,0.267141789715052,0.169615917482592,0.294154475926644,-0.000934871707626271,missense|LC,17028719913,17,28719913,
OR8S1,ENSG00000284723,0.267176797533907,0.578757395760049,0.160631712112425,-0.000283385929726277,missense|LC,12048525570,12,48525570,
HAP1,ENSG00000173805,0.267197371872063,0.383811749950396,0.161168849634662,0.000265428448166831,missense|LC,17041724661,17,41724661,
TSHB,ENSG00000134200,0.267223464915858,0.415849302454016,0.156288452621059,0.00129144406288783,missense|LC,1115033292,1,115033292,
SDE2,ENSG00000143751,0.267244599707585,0.170620012893211,0.495731736803178,0.000523621953620507,missense|LC,1225985256,1,225985256,
SLC6A1,ENSG00000157103,0.267353670438589,0.181239387155149,0.352437943379936,-0.000769981782055398,missense|LC,3011017150,3,11017150,
MFSD12,ENSG00000161091,0.267363818061028,0.156707438879136,0.516398532627761,0.000385019880029965,missense|LC,19003539199,19,3539199,
HSPA1B,ENSG00000204388,0.267399154694229,0.153162382761337,0.293452751462691,-0.00192170044987399,missense|LC,6031827772,6,31827772,
TRAPPC12,ENSG00000171853,0.267405596695432,0.944245695836922,0.154623799147938,-0.0000190831486233812,missense|LC,2003377539,2,3377539,
KIAA1210,ENSG00000250423,0.26741273445696,0.634734700926951,0.152129578896004,0.000127415901789052,missense|LC,23119075016,X,119075016,
NUDT8,ENSG00000167799,0.267436052489016,0.192136109390035,0.188669534156982,0.000515009285279066,missense|LC,11067627879,11,67627879,
NUDT10,ENSG00000122824,0.267586938964935,0.889199903880466,0.16090277021632,-0.000200539009782533,missense|LC,23051332883,X,51332883,
FABP12,ENSG00000197416,0.26759145831354,0.160979517251549,0.570302226518919,-0.00107212295860811,missense|LC,8081521664,8,81521664,
TLR1,ENSG00000174125,0.267621379579009,0.154011566507587,0.651143284047532,0.000442045536479143,missense|LC,4038796372,4,38796372,
ANKRA2,ENSG00000164331,0.267645625485071,0.160638821502819,0.249334311169836,0.00127732358218939,missense|LC,5073552725,5,73552725,
DUSP11,ENSG00000144048,0.267667888119065,0.452393601102215,0.154133664313977,-0.00069869315190226,missense|LC,2073762609,2,73762609,
PAQR5,ENSG00000137819,0.267741818378039,0.171340125932002,0.242019403034282,0.000795694232933375,missense|LC,15069360032,15,69360032,
RASGRP4,ENSG00000171777,0.267947274642253,0.166240396741755,0.273138378862406,0.000539793300176557,missense|LC,19038404818,19,38404818,
LMO7,ENSG00000136153,0.267963799008372,0.464916397104504,0.152063184468993,-0.000192986221158114,missense|LC,13075636216,13,75636216,
TTC13,ENSG00000143643,0.267985003071931,0.674905767733217,0.151441914804392,-0.000218231277155157,missense|LC,1230906885,1,230906885,
MED24,ENSG00000008838,0.267993439110126,0.387404748164415,0.160505956911029,-0.000444702579914647,missense|LC,17040015358,17,40015358,
TCF3,ENSG00000071564,0.267993560251826,0.770313172383907,0.154849461028754,-0.0000808134232430839,missense|LC,19001605246,19,1605246,
RXFP4,ENSG00000173080,0.268113415187759,0.818847941993811,0.154217496295727,0.000119225359561991,missense|LC,1155941622,1,155941622,
MSANTD3-TMEFF1,ENSG00000251349,0.26819900123973,0.172500180922703,0.193771684017661,-0.00178966901203255,missense|LC,9100441806,9,100441806,
GPR89B,ENSG00000188092,0.268305274269066,0.2313561492738,0.158835554166832,0.00106152717579446,missense|LC,1147928435,1,147928435,
ADAM17,ENSG00000151694,0.268347757425437,0.211523380576247,0.169315542083177,-0.000454611415422742,missense|LC,2009484394,2,9484394,
SPDYE17,ENSG00000186645,0.268367707710313,0.410948584764857,0.155590595542385,-0.000498079101266313,missense|LC,7077028080,7,77028080,
OTUD7A,ENSG00000169918,0.268378190181497,0.382400205684186,0.151345464666611,-0.0003678436942563,missense|LC,15031483158,15,31483158,
C1QTNF9B,ENSG00000205863,0.268407029719462,0.937675119285421,0.16440276216092,0.0000341616669443162,missense|LC,13023886259,13,23886259,
ARG2,ENSG00000081181,0.268526985540327,0.40389146460925,0.177575428640816,-0.000301374027748248,missense|LC,14067619924,14,67619924,
CHCHD7,ENSG00000170791,0.2685307899237,0.155674922210007,0.842309244574331,-0.00266225838180884,missense|LC,8056212815,8,56212815,
NR2E3,ENSG00000278570,0.268726542502775,0.154225164598484,0.335267364710538,-0.000678185324104817,missense|LC,15071810603,15,71810603,
MMP9,ENSG00000100985,0.268803417516949,0.739645260070472,0.157767182574895,0.000118041555698564,missense|LC,20046008819,20,46008819,
RSF1,ENSG00000048649,0.26884047223857,0.938527454376862,0.157410814674488,-0.0000194161308720513,missense|LC,11077666854,11,77666854,
TMTC1,ENSG00000133687,0.268881995698782,0.347747549996982,0.160245422151756,-0.000280796125211155,missense|LC,12029496112,12,29496112,
TRIM40,ENSG00000204614,0.269027390197437,0.237285749617539,0.183161863259321,-0.000290677383222418,missense|LC,6030136958,6,30136958,
ZNF805,ENSG00000204524,0.269048121082151,0.71245277691125,0.157230383417749,-0.000164709987130511,missense|LC,19057240804,19,57240804,
JSRP1,ENSG00000167476,0.269050527811956,0.162954463852784,0.237636854648868,-0.000820730739600268,missense|LC,19002247514,19,2247514,
CD99L2,ENSG00000102181,0.269112582818139,0.158801084418832,0.47033769295766,0.000930603380633449,missense|LC,23150762479,X,150762479,
CDH16,ENSG00000166589,0.26914644793836,0.159085876524324,0.21278521007013,0.000539721564665028,missense|LC,16066908343,16,66908343,
MAMLD1,ENSG00000013619,0.269146940983222,0.159004159674093,0.477218843045946,-0.000316419593619244,missense|LC,23150445494,X,150445494,
NUTM2F,ENSG00000130950,0.269260667359687,0.191127454189595,0.30153925762808,0.000271126188183762,missense|LC,9094318563,9,94318563,
TP63,ENSG00000073282,0.269298143784181,0.832075082625515,0.167922460575799,0.000126685954098962,missense|LC,3189631157,3,189631157,
LIN28B,ENSG00000187772,0.269328677854971,0.157987302666913,0.39750692036375,-0.00425221961434696,missense|LC,6104957010,6,104957010,
PSMC3IP,ENSG00000131470,0.269369907232698,0.895137106123417,0.172087566779123,0.0000884605197331459,missense|LC,17042567310,17,42567310,
FAM53A,ENSG00000174137,0.269441604038954,0.460100262645616,0.158839622972372,-0.000251183257698452,missense|LC,4001641213,4,1641213,
FGF10,ENSG00000070193,0.269487569277194,0.177773921347196,0.37578555484379,-0.00106974536354242,missense|LC,5044304926,5,44304926,
AVEN,ENSG00000169857,0.26954447648817,0.750253947958633,0.157278111006986,0.000246647400272581,missense|LC,15033864091,15,33864091,
FAM193A,ENSG00000125386,0.269555854556775,0.436703126440594,0.155639764171414,0.00024682205698746,missense|LC,4002630913,4,2630913,
NLGN4Y,ENSG00000165246,0.269587746069702,0.162212747499167,0.227295226484289,0.00112581777641826,missense|LC,24014622127,Y,14622127,
ZNF616,ENSG00000204611,0.269622453917595,0.435578820150526,0.160888429300605,-0.000227015099326895,missense|LC,19052114708,19,52114708,
KLK8,ENSG00000129455,0.26967330747758,0.155484282861177,0.400406292090627,0.00357137258549169,missense|LC,19050995981,19,50995981,
B4GALT3,ENSG00000158850,0.269741171168481,0.589407834606517,0.164413043614944,0.000316190136342855,missense|LC,1161166312,1,161166312,
TSTA3,ENSG00000104522,0.26980439477447,0.314792927003118,0.155978801515452,-0.000657594179845967,missense|LC,8143608019,8,143608019,
OST4,ENSG00000228474,0.269901504372717,0.165028613193442,0.235018401840935,-0.00379830172444963,missense|LC,2027067412,2,27067412,
OR5B12,ENSG00000172362,0.269946220479451,0.171007512079792,0.190966200577535,0.000666129308691369,missense|LC,11058439192,11,58439192,
TENM3,ENSG00000218336,0.270066183882843,0.150935867638858,0.464851792576492,-0.00039895209520514,missense|LC,4182323954,4,182323954,
ACTL10,ENSG00000182584,0.270233267021723,0.62914561763199,0.166186061445511,0.000329805162773394,missense|LC,20033662222,20,33662222,
MYRF,ENSG00000124920,0.270236633308925,0.412277155215503,0.151170286230293,0.000384900708953365,missense|LC,11061752658,11,61752658,
GPR35,ENSG00000178623,0.270242108884609,0.205862278876265,0.165234327325095,-0.000446589877614284,missense|LC,2240625189,2,240625189,
IFT57,ENSG00000114446,0.270329337437455,0.162734934623001,0.318794478463477,0.000841796424406571,missense|LC,3108162423,3,108162423,
TRIM38,ENSG00000112343,0.270375031900672,0.448163968233796,0.16958308435985,0.000264169347356237,missense|LC,6025966425,6,25966425,
POLR2K,ENSG00000147669,0.270383360805133,0.163733183195652,0.313655591139157,0.00491820586546248,missense|LC,8100151323,8,100151323,
HELLS,ENSG00000119969,0.270425479149176,0.880543165118981,0.167450506718296,0.0000785059812071435,missense|LC,10094545923,10,94545923,
PLCXD1,ENSG00000182378,0.270443545491119,0.64876060161484,0.161009755903846,0.000145733853443208,missense|LC,23000284110,X,284110,
DMGDH,ENSG00000132837,0.270486017399691,0.342137890631393,0.158987636289722,-0.00184962217629728,missense|LC,5078998002,5,78998002,
MRPL38,ENSG00000204316,0.270611644324531,0.161051929758046,0.53535355703223,0.000596174275091796,missense|LC,17075896372,17,75896372,
SLC10A1,ENSG00000100652,0.270778833971501,0.735725087864508,0.151762814015058,-0.000207131261182942,missense|LC,14069770416,14,69770416,
NCMAP,ENSG00000184454,0.270789509479359,0.182163261723199,0.884085573933885,-0.00103034598564003,missense|LC,1024595398,1,24595398,
NPHP1,ENSG00000144061,0.270810646118237,0.183332263219563,0.165654494110281,0.000689526797552364,missense|LC,2110123714,2,110123714,
Z82190.2,ENSG00000285404,0.271032529616315,0.170120389662324,0.208300618254374,-0.000780916561714134,missense|LC,22031754825,22,31754825,
LOXL3,ENSG00000115318,0.271091060017694,0.156348872954792,0.286141706283161,-0.000631977933646095,missense|LC,2074527258,2,74527258,
TNFAIP8L1,ENSG00000185361,0.271135531332904,0.155960331543425,0.366708139529339,-0.00166354393734778,missense|LC,19004651762,19,4651762,
FKBP4,ENSG00000004478,0.271141100094106,0.542118195863899,0.150770154718353,0.000575718051908714,missense|LC,12002795075,12,2795075,
ESRRG,ENSG00000196482,0.271142942306246,0.315471122460076,0.152571885608351,-0.00109026950447303,missense|LC,1216506842,1,216506842,
NSUN4,ENSG00000117481,0.27115026540708,0.680614602498263,0.158258148465556,-0.000277787051350086,missense|LC,1046340756,1,46340756,
FLRT1,ENSG00000126500,0.271168199946999,0.188798244655582,0.175934137805924,-0.000448277254056671,missense|LC,11064116121,11,64116121,
SSH2,ENSG00000141298,0.271201158860025,0.6973411059981,0.157647308673846,-0.00010967473452726,missense|LC,17029621110,17,29621110,
KIF5C,ENSG00000168280,0.271225741921139,0.700535768313657,0.163274909383437,-0.00030009293845812,missense|LC,2148872211,2,148872211,
SMOC1,ENSG00000198732,0.271235135914134,0.183704853554071,0.410179994839673,0.000713214608842391,missense|LC,14069879608,14,69879608,
ZNF395,ENSG00000186918,0.271278952758288,0.233827763535239,0.157925472144288,0.000756532800777456,missense|LC,8028342900,8,28342900,
FCGR3B,ENSG00000162747,0.271341840385878,0.489766473198141,0.163058521223554,-0.000462453975129146,missense|LC,1161624421,1,161624421,
ATP7B,ENSG00000123191,0.271368454912072,0.816500809604892,0.154255592127604,-0.0000551279309997312,missense|LC,13051934625,13,51934625,
SLC6A19,ENSG00000174358,0.271372719111636,0.604688291278446,0.158583313748949,-0.000222690683872481,missense|LC,5001201558,5,1201558,
GPD1L,ENSG00000152642,0.271393802160643,0.545971384998844,0.16117667878469,-0.000498133931645476,missense|LC,3032106607,3,32106607,
XRCC4,ENSG00000152422,0.271398939460184,0.164744048862904,0.939680618951745,-0.000776407208943169,missense|LC,5083077202,5,83077202,
ATP6V0D2,ENSG00000147614,0.271466962998907,0.432239489108429,0.158296171183967,-0.000461028878714175,missense|LC,8086098868,8,86098868,
EPB41L1,ENSG00000088367,0.271529734041853,0.269713039811468,0.168377303060856,-0.000375818380515842,missense|LC,20036154603,20,36154603,
ZNF74,ENSG00000185252,0.271586929524169,0.159062726219449,0.526207038035341,-0.000545725418518956,missense|LC,22020394545,22,20394545,
ELOC,ENSG00000154582,0.271684275755804,0.59481759807857,0.186800221267779,-0.00140097611087004,missense|LC,8073946572,8,73946572,
DNAJC22,ENSG00000178401,0.27169411667876,0.161593214609087,0.735645014681301,-0.000872103761837831,missense|LC,12049348733,12,49348733,
RBM47,ENSG00000163694,0.271767229788059,0.408198103994219,0.164970442657287,-0.00030031946601879,missense|LC,4040425774,4,40425774,
LBR,ENSG00000143815,0.271837119218265,0.295626462301395,0.151575948828678,-0.000614056657455441,missense|LC,1225398410,1,225398410,
HRH2,ENSG00000113749,0.271842846570533,0.75198300350695,0.158957065926007,-0.00032546472689115,missense|LC,5175683133,5,175683133,
ITGA1,ENSG00000213949,0.271845829122349,0.158771435116236,0.330609968542834,0.000483211678055311,missense|LC,5052788286,5,52788286,
GIP,ENSG00000159224,0.271856451309223,0.912987992236087,0.15454148174342,0.000140268021442855,missense|LC,17048958652,17,48958652,
FAM136A,ENSG00000035141,0.271892119722745,0.158828522658946,0.874158336964603,-0.00106776267594312,missense|LC,2070293572,2,70293572,
ITGB5,ENSG00000082781,0.271956008337094,0.889758797082292,0.161118457942123,-0.000047235243107936,missense|LC,3124763604,3,124763604,
EN1,ENSG00000163064,0.272042610225009,0.163275902738855,0.646446978827588,0.000503747631801559,missense|LC,2118842780,2,118842780,
ZKSCAN8,ENSG00000198315,0.272140783568014,0.274698424647642,0.162169369924181,0.000644158258058227,missense|LC,6028148313,6,28148313,
HOXC6,ENSG00000197757,0.27224211880907,0.784318375253738,0.158877487567867,0.000274949548847721,missense|LC,12054028432,12,54028432,
FPR2,ENSG00000171049,0.272391702956328,0.175198376490152,0.398637187200024,-0.000647604254773887,missense|LC,19051768589,19,51768589,
GOLGA8J,ENSG00000179938,0.272456996814624,0.157817146170717,0.372574105587289,0.000334697377100558,missense|LC,15030084814,15,30084814,
UGT3A1,ENSG00000145626,0.272523252759097,0.222719084526601,0.160270188878964,0.000637209089008238,missense|LC,5035954110,5,35954110,
FAM78B,ENSG00000188859,0.272560574756855,0.15997356947523,0.547724417663893,-0.00152138153259397,missense|LC,1166069901,1,166069901,
APCS,ENSG00000132703,0.272587446764778,0.175442565850329,0.470329623484903,-0.000708048601562921,missense|LC,1159587843,1,159587843,
MDK,ENSG00000110492,0.272597159544961,0.15552690685908,0.540057982225496,0.00295018705705817,missense|LC,11046375756,11,46375756,
RPAP2,ENSG00000122484,0.272618625871857,0.15624566827238,0.902520602910382,0.000892954044802779,missense|LC,1092297300,1,92297300,
RABGAP1,ENSG00000011454,0.272734421614798,0.479795128843924,0.158875306899194,0.000638817365988803,missense|LC,9122956983,9,122956983,
FAM71C,ENSG00000180219,0.272836268323603,0.605368303330797,0.157345796192548,0.000501380399808704,missense|LC,12099648060,12,99648060,
NUP58,ENSG00000139496,0.272872366874674,0.628973049838894,0.168670915844563,0.000236842466758853,missense|LC,13025301741,13,25301741,
KRTAP10-12,ENSG00000189169,0.272914832831325,0.669152063433317,0.158735710218182,-0.000245161790061984,missense|LC,21044697066,21,44697066,
ZNF507,ENSG00000168813,0.272936608686621,0.319959451490584,0.156683231365253,-0.00042917882428453,missense|LC,19032352762,19,32352762,
SIM1,ENSG00000112246,0.2730319530269,0.729807724631669,0.158106232769806,-0.000167046722218884,missense|LC,6100390267,6,100390267,
FAM71E2,ENSG00000180043,0.273046543805705,0.157978280846742,0.339357296116409,-0.000366878645953646,missense|LC,19055353643,19,55353643,
FAM3C,ENSG00000196937,0.273081471170363,0.297800343193141,0.157978083921224,-0.00152841304925402,missense|LC,7121350361,7,121350361,
NIT1,ENSG00000158793,0.273117280349536,0.156819544493233,0.534977104932259,-0.000929362660088809,missense|LC,1161117890,1,161117890,
PSMA5,ENSG00000143106,0.273171407449726,0.975871516444709,0.154970379463857,-0.0000773148867027795,missense|LC,1109397499,1,109397499,
CDH9,ENSG00000113100,0.273181486540026,0.528072007652986,0.171172925013735,-0.000277697735813443,missense|LC,5026881066,5,26881066,
CD8B,ENSG00000172116,0.273204556143268,0.26491638115542,0.180200611569871,0.000567941885791475,missense|LC,2086815601,2,86815601,
RIC8A,ENSG00000177963,0.273216161013408,0.714354722944955,0.167847635197784,0.000144513776792542,missense|LC,11000205185,11,205185,
STX1B,ENSG00000099365,0.273245321078123,0.158408192739485,0.819796492218241,0.00365581820128614,missense|LC,16030984902,16,30984902,
OR5P3,ENSG00000182334,0.273249182457433,0.16939578587797,0.635806083407607,-0.000741200507535238,missense|LC,11007824976,11,7824976,
DSG4,ENSG00000175065,0.273283305101103,0.160823148685281,0.67158547650359,0.00039245964906284,missense|LC,18031376890,18,31376890,
ZNF449,ENSG00000173275,0.27341640362263,0.163944145164147,0.676198894723953,0.00112698894417881,missense|LC,23135347044,X,135347044,
ZDHHC8,ENSG00000099904,0.273643311370402,0.781441578054561,0.158485154084779,0.000113085269738223,missense|LC,22020126952,22,20126952,
SLC9A5,ENSG00000135740,0.273816481147165,0.156218900459194,0.66974193526023,0.000727487227786991,missense|LC,16067247102,16,67247102,
ANKS3,ENSG00000168096,0.273930686738949,0.209048524905028,0.165426715239835,0.00038140086023757,missense|LC,16004693599,16,4693599,
PCCA,ENSG00000175198,0.273996446400039,0.237897393065715,0.171756857872517,0.000449164811338179,missense|LC,13100088993,13,100088993,
ATP10D,ENSG00000145246,0.27400559464975,0.154182543469779,0.481702009684627,-0.000556857897784613,missense|LC,4047512472,4,47512472,
FAM81A,ENSG00000157470,0.274064333578091,0.510797455426534,0.162590504982308,-0.000488367253988702,missense|LC,15059458507,15,59458507,
GLIPR1,ENSG00000139278,0.274144888763684,0.297803777860414,0.164371893660063,0.000732723584847898,missense|LC,12075480826,12,75480826,
CELF1,ENSG00000149187,0.274165241492079,0.155528598405425,0.832899052510212,0.00219684167081376,missense|LC,11047472134,11,47472134,
RRAGA,ENSG00000155876,0.274297595407744,0.534128879169387,0.171254915652186,0.000710292444665277,missense|LC,9019049601,9,19049601,
AL662884.4,ENSG00000285085,0.274356340670059,0.20485023678671,0.343459030049728,-0.0014866838726595,missense|LC,6032149147,6,32149147,
TMEM86B,ENSG00000180089,0.274416161712621,0.732752451070372,0.17542642149752,-0.000154971897608309,missense|LC,19055227059,19,55227059,
H2BC14,ENSG00000273703,0.274453222108141,0.156651748979876,0.31806778702435,-0.00229181539199044,missense|LC,6027810026,6,27810026,
MON1B,ENSG00000103111,0.274559646034715,0.158797086325217,0.353516669591316,0.000889436821131914,missense|LC,16077191138,16,77191138,
TET1,ENSG00000138336,0.274731871835735,0.277831450286044,0.156960302417721,0.000264493806762453,missense|LC,10068572265,10,68572265,
TM7SF2,ENSG00000149809,0.274816778555728,0.157652190495321,0.445582495570059,-0.000772443245916759,missense|LC,11065107471,11,65107471,
ZNF436,ENSG00000125945,0.274951055273766,0.153536844276148,0.888208769711968,0.00148020140986768,missense|LC,1023361878,1,23361878,
SLC25A47,ENSG00000140107,0.274951610694904,0.650255599865204,0.177709236260429,0.000102104241995177,missense|LC,14100323321,14,100323321,
DIXDC1,ENSG00000150764,0.274995640877061,0.391199049335903,0.155167479317667,-0.000579387757105561,missense|LC,11111937156,11,111937156,
CFAP47,ENSG00000165164,0.275022333243848,0.845669450147292,0.160302510999459,-0.0000653370562581788,missense|LC,23035919718,X,35919718,
SLCO1B3,ENSG00000111700,0.27506187944581,0.164599693287526,0.215602828002853,0.00056017379254312,missense|LC,12020815710,12,20815710,
ZFAND1,ENSG00000104231,0.275110579855917,0.960239200769885,0.159666120920588,-0.0000405183847646177,missense|LC,8081702625,8,81702625,
NIM1K,ENSG00000177453,0.275151165909262,0.168892201241003,0.447084563624304,-0.000748730109121133,missense|LC,5043232411,5,43232411,
RBMX2,ENSG00000134597,0.27519826109144,0.16206365660172,0.559507525093817,-0.00116150902143207,missense|LC,23130401932,X,130401932,
YIF1B,ENSG00000167645,0.2752381765475,0.16096372897607,0.584281788879046,0.00117407558060804,missense|LC,19038304161,19,38304161,
NOL6,ENSG00000165271,0.275346533439763,0.714936326835351,0.157502711866014,0.0000940532183614637,missense|LC,9033462568,9,33462568,
POMGNT2,ENSG00000144647,0.27541418207615,0.394249232259398,0.15445307370479,-0.000441928848677584,missense|LC,3043079622,3,43079622,
COX6B2,ENSG00000160471,0.275434516324796,0.599485257189418,0.203717978480832,0.000394976943322045,missense|LC,19055346110,19,55346110,
MIS18BP1,ENSG00000129534,0.275464162781959,0.167215385856622,0.243278152083612,0.000386415311899287,missense|LC,14045198622,14,45198622,
VDAC1,ENSG00000213585,0.275561841969222,0.264778816145937,0.158126446761197,0.0014665257894557,missense|LC,5133968323,5,133968323,
RBFOX2,ENSG00000100320,0.275731795872855,0.159026890157808,0.463716413995966,-0.00167194020840111,missense|LC,22035744133,22,35744133,
POMK,ENSG00000185900,0.275735046361703,0.823107031603862,0.162207033307344,-0.000174545861477399,missense|LC,8043103455,8,43103455,
ALG13,ENSG00000101901,0.275743333009186,0.160112317080236,0.4431200663898,-0.00045146036151885,missense|LC,23111681160,X,111681160,
SPNS1,ENSG00000169682,0.275878934521371,0.64356690186764,0.173175665595108,0.000182645993648033,missense|LC,16028974651,16,28974651,
DMTF1,ENSG00000135164,0.275934799881563,0.155547123805324,0.874013471468784,-0.00112539390096801,missense|LC,7087164904,7,87164904,
SCRT2,ENSG00000215397,0.275994258284712,0.163991749223128,0.434377801335685,0.000973246626048271,missense|LC,20000663568,20,663568,
OAS1,ENSG00000089127,0.276029914135978,0.318498597169369,0.156652872676542,0.000695127711652429,missense|LC,12112906955,12,112906955,
NANOS2,ENSG00000188425,0.276158684138355,0.171507434167986,0.320536454716203,0.00111793413931956,missense|LC,19045914186,19,45914186,
LAGE3,ENSG00000196976,0.276170488196842,0.187681451690955,0.350788482692308,0.000772791968836814,missense|LC,23154477912,X,154477912,
THAP8,ENSG00000161277,0.276178536222263,0.309139322718488,0.162124741448903,0.000571564445050281,missense|LC,19036032144,19,36032144,
LRIG2,ENSG00000198799,0.276232095699805,0.798212600420751,0.157030170886595,-0.000120586344268536,missense|LC,1113073357,1,113073357,
TDRD7,ENSG00000196116,0.276449174014175,0.154601361640108,0.399658850343974,0.000680697297565471,missense|LC,9097428385,9,97428385,
CPA3,ENSG00000163751,0.276590613235128,0.169164837202536,0.412274870863598,0.000477691152063203,missense|LC,3148865226,3,148865226,
ALOX12,ENSG00000108839,0.27666175266919,0.168708734484098,0.27829984888762,0.00107981915055239,missense|LC,17006995991,17,6995991,
GPR119,ENSG00000147262,0.27668807037934,0.642558296492389,0.187211281461053,0.000256475029394868,missense|LC,23130384386,X,130384386,
ASTN1,ENSG00000152092,0.276709816365705,0.70879542068885,0.167889792042058,0.000145786309005587,missense|LC,1176860997,1,176860997,
NTSR1,ENSG00000101188,0.276798725291476,0.903043742204732,0.163926170841245,-0.0000318487724057974,missense|LC,20062709130,20,62709130,
RUBCN,ENSG00000145016,0.276953346929496,0.169371279550812,0.559856728698003,-0.000331522106479745,missense|LC,3197674949,3,197674949,
LTF,ENSG00000012223,0.277011565568501,0.522790832634151,0.160973333532162,-0.000219987297031696,missense|LC,3046436118,3,46436118,
NDUFAB1,ENSG00000004779,0.277076140905926,0.860111517466475,0.159278852031911,-0.000209197559318033,missense|LC,16023582150,16,23582150,
TFAM,ENSG00000108064,0.277085665603009,0.162967209006192,0.257271868094574,-0.00167661730518822,missense|LC,10058385494,10,58385494,
CLDND1,ENSG00000080822,0.277174347843555,0.198722253477161,0.168335444977127,0.00125092445256501,missense|LC,3098515551,3,98515551,
PRC1,ENSG00000198901,0.277187898936181,0.490956139655682,0.157302361621053,0.000479747320691457,missense|LC,15090961043,15,90961043,
SETMAR,ENSG00000170364,0.277401297901095,0.477625192725067,0.166301660727463,0.000297547144399509,missense|LC,3004303264,3,4303264,
CD69,ENSG00000110848,0.277414118136577,0.850852019069752,0.161760619856354,0.000351120515778526,missense|LC,12009753501,12,9753501,
UBA3,ENSG00000144744,0.277475013247272,0.376246130437865,0.157212772811392,-0.000772237213078879,missense|LC,3069051837,3,69051837,
ZMYM1,ENSG00000197056,0.277478578832799,0.163764380284348,0.517491184818221,-0.000581856698693976,missense|LC,1035030468,1,35030468,
NQO2,ENSG00000124588,0.277581590072626,0.239644913204368,0.160490230924777,-0.00124946549501938,missense|LC,6003002299,6,3002299,
ZNF431,ENSG00000196705,0.277610369919345,0.174820144730801,0.585539236559321,0.000614770562012339,missense|LC,19021142072,19,21142072,
ALKBH1,ENSG00000100601,0.277705639553876,0.717340478514926,0.157816072021346,-0.000266237832084398,missense|LC,14077673723,14,77673723,
C6orf226,ENSG00000221821,0.277736801698162,0.163738372290941,0.316881170673825,-0.00154543106136666,missense|LC,6042885957,6,42885957,
SLC36A2,ENSG00000186335,0.277741167759447,0.169851081085819,0.892882760649068,-0.00048092588782811,missense|LC,5151316708,5,151316708,
ZNF705E,ENSG00000214534,0.277896309650935,0.363292789190469,0.177394422203845,-0.000360542900448776,missense|LC,11071816439,11,71816439,
C11orf54,ENSG00000182919,0.277969408715216,0.304340178237638,0.157855312961047,-0.00109528689650699,missense|LC,11093736673,11,93736673,
OR1E2,ENSG00000127780,0.277975584832537,0.302546221164415,0.162846861998694,-0.000582112948300898,missense|LC,17003432784,17,3432784,
USF3,ENSG00000176542,0.277986336741922,0.157082960399185,0.504337297121733,-0.000421586384717954,missense|LC,3113654848,3,113654848,
VCX3B,ENSG00000205642,0.278104315172648,0.288932545535151,0.167883611929691,-0.000968769078144818,missense|LC,23008465346,X,8465346,
GGT7,ENSG00000131067,0.278149404074609,0.158890550529277,0.349716498197293,0.000875603159617978,missense|LC,20034845246,20,34845246,
TMPRSS6,ENSG00000187045,0.278238274513877,0.161888133153267,0.561366601453512,-0.000474763349018072,missense|LC,22037060677,22,37060677,
RBM20,ENSG00000203867,0.278246602727946,0.331851855149608,0.161501522266836,0.000258619246345446,missense|LC,10110644374,10,110644374,
KPNA3,ENSG00000102753,0.278271946966108,0.34160776427544,0.218626890592066,-0.000511921577741667,missense|LC,13049701789,13,49701789,
FAM90A1,ENSG00000171847,0.278297442726104,0.168271891147841,0.707341345550913,0.000278525751605708,missense|LC,12008221734,12,8221734,
DOK7,ENSG00000175920,0.27832236091696,0.302924171708458,0.157490079680368,-0.000306608365806211,missense|LC,4003463244,4,3463244,
GSG1L,ENSG00000169181,0.278355215137477,0.17926109838503,0.284257977794654,0.00124979781415502,missense|LC,16027791327,16,27791327,
ZPLD1,ENSG00000170044,0.278463742320446,0.171826340721905,0.192320883575975,0.00104968698615029,missense|LC,3102435032,3,102435032,
DNASE1,ENSG00000213918,0.278479244194537,0.167043058549124,0.335952364037776,0.000397515183653685,missense|LC,16003655250,16,3655250,
KISS1R,ENSG00000116014,0.278554942085349,0.160112319969026,0.496336097501434,0.0010850639818588,missense|LC,19000913049,19,913049,
CELF3,ENSG00000159409,0.278594566993173,0.424433464439935,0.169409211513542,0.000558801786060901,missense|LC,1151704930,1,151704930,
CD27,ENSG00000139193,0.278598602603225,0.160820656713979,0.803695695046424,0.00151464742081072,missense|LC,12006444995,12,6444995,
ZSCAN18,ENSG00000121413,0.278746843944613,0.18605516713063,0.173293491207578,-0.000567196969477412,missense|LC,19058084588,19,58084588,
SFRP1,ENSG00000104332,0.278816231399464,0.388416856330547,0.157704093546769,0.00102412526792636,missense|LC,8041265148,8,41265148,
NPFFR1,ENSG00000148734,0.278826467380072,0.166841491289981,0.279987649160715,0.000607256384160084,missense|LC,10070254833,10,70254833,
RANBP3,ENSG00000031823,0.278829810616282,0.165232198415099,0.407190490253421,0.000642541304118177,missense|LC,19005914018,19,5914018,
SLC26A9,ENSG00000174502,0.278907397625478,0.160866118101838,0.325000985563846,-0.000379036745777261,missense|LC,1205914782,1,205914782,
RAB3IL1,ENSG00000167994,0.278945657054544,0.711276405816551,0.156398641128775,-0.000299841506320745,missense|LC,11061898205,11,61898205,
SLC29A2,ENSG00000174669,0.278986368555225,0.76758518333253,0.162268954578682,0.000174001766504183,missense|LC,11066363387,11,66363387,
PIK3C2G,ENSG00000139144,0.278990237777045,0.160131254215702,0.74324902551223,-0.000388674751449914,missense|LC,12018282060,12,18282060,
PRAF2,ENSG00000243279,0.279014870167674,0.22269335355922,0.300293515695917,-0.00058607391053922,missense|LC,23049067126,X,49067126,
BTBD19,ENSG00000222009,0.279202511788736,0.180478385494011,0.217450483983448,-0.00063469505608402,missense|LC,1044803485,1,44803485,
CTNNA2,ENSG00000066032,0.279208101146212,0.160721965782119,0.289888373136947,0.0024007992662378,missense|LC,2079651555,2,79651555,
HIVEP1,ENSG00000095951,0.279224175934371,0.181900778441048,0.203034814812525,0.000271127756784446,missense|LC,6012015572,6,12015572,
PARK7,ENSG00000116288,0.279260308489843,0.477584357614072,0.163098230999677,-0.00075006318335958,missense|LC,1007962725,1,7962725,
RABEP1,ENSG00000029725,0.279283426414937,0.789036089079262,0.157835917672871,-0.000183759573733695,missense|LC,17005282411,17,5282411,
IFFO2,ENSG00000169991,0.279297221137606,0.164720421160848,0.504040942325333,-0.00076442190368127,missense|LC,1018900770,1,18900770,
PSMB10,ENSG00000205220,0.27931289052611,0.225064331896545,0.178877152953542,0.00100729843482061,missense|LC,16067929839,16,67929839,
CEP250,ENSG00000126001,0.279342707654239,0.611077531900078,0.167072081671254,-0.0000993311795159906,missense|LC,20035462304,20,35462304,
DISP3,ENSG00000204624,0.279408305251016,0.173394687600595,0.184541266492602,0.000502225546498025,missense|LC,1011500897,1,11500897,
LIN52,ENSG00000205659,0.279492206577728,0.171251504951582,0.235243137648658,-0.00310649802194448,missense|LC,14074084222,14,74084222,
S1PR3,ENSG00000213694,0.279525283038034,0.621676094720972,0.170054412114006,-0.000193297176380612,missense|LC,9089001100,9,89001100,
RCAN2,ENSG00000172348,0.279533232003389,0.190350236782845,0.286928003614212,0.000625426358240211,missense|LC,6046223063,6,46223063,
IRX1,ENSG00000170549,0.279585953289062,0.15890630995426,0.351423279455909,0.000933880111808705,missense|LC,5003596015,5,3596015,
AC008695.1,ENSG00000273217,0.279731004832248,0.358728072555408,0.161253699044483,-0.00037308513732413,missense|LC,5131427201,5,131427201,
HARS1,ENSG00000170445,0.279782101277754,0.175069463638764,0.600823083662952,-0.000553438160334658,missense|LC,5140668910,5,140668910,
ZNF594,ENSG00000180626,0.279837658860676,0.16417793125904,0.474845833800903,-0.000384392972254348,missense|LC,17005181096,17,5181096,
PDE6A,ENSG00000132915,0.279857419622494,0.164992215766825,0.742681131390682,0.000392074713649202,missense|LC,5149860840,5,149860840,
GGA3,ENSG00000125447,0.27987244253134,0.98116265506706,0.170675135643725,-0.00000318126439970274,missense|LC,17075237416,17,75237416,
OR51A2,ENSG00000205496,0.279973797800894,0.165959237957404,0.27491678784706,0.00137124233738127,missense|LC,11004954970,11,4954970,
MMP3,ENSG00000149968,0.279988162149029,0.259133547143766,0.166473558232544,0.00056329473704294,missense|LC,11102836095,11,102836095,
ZNF837,ENSG00000152475,0.280007152555804,0.82363675351473,0.165392082874463,-0.0000732071778595407,missense|LC,19058367610,19,58367610,
ADA,ENSG00000196839,0.280007232787391,0.535393384331584,0.156746327724831,-0.000591242704859871,missense|LC,20044614524,20,44614524,
AP001054.1,ENSG00000288593,0.280032697966915,0.222874669580234,0.409359896794162,-0.0033484817208759,missense|LC,21043954941,21,43954941,
TSPEAR,ENSG00000175894,0.280061697696797,0.161235613799713,0.74143260615645,0.000399843139121266,missense|LC,21044499679,21,44499679,
SCN4A,ENSG00000007314,0.280062604835257,0.969862332702452,0.161459943650592,-0.00000729653058157196,missense|LC,17063940656,17,63940656,
PPP3R2,ENSG00000188386,0.280117723179328,0.603858543702706,0.180238563327163,0.000267697624955561,missense|LC,9101594291,9,101594291,
TAS2R50,ENSG00000212126,0.280130954104956,0.287154020414296,0.158832230445322,-0.000962625814329681,missense|LC,12010985881,12,10985881,
GAGE12J,ENSG00000224659,0.28017448269808,0.309638545300468,0.181380931115283,0.00115405350533812,missense|LC,23049317087,X,49317087,
CD70,ENSG00000125726,0.280270904468563,0.640238979906634,0.171959237950969,-0.000501274271023403,missense|LC,19006586149,19,6586149,
ALKBH3,ENSG00000166199,0.280287966843824,0.765584069722562,0.175221621571561,0.000137184711052505,missense|LC,11043882580,11,43882580,
TM2D1,ENSG00000162604,0.280320037251193,0.63708384470231,0.161175239598788,0.000470824394060745,missense|LC,1061683445,1,61683445,
DNAH5,ENSG00000039139,0.280383898408402,0.155368838155828,0.481787394945206,-0.000231784084361269,missense|LC,5013691884,5,13691884,
RAD54B,ENSG00000197275,0.280397971876997,0.674225691201969,0.161782710236649,-0.000169843095557761,missense|LC,8094372008,8,94372008,
HEMK1,ENSG00000114735,0.280409298018801,0.161048799534707,0.549880191106404,-0.00104570613259481,missense|LC,3050565428,3,50565428,
STARD7,ENSG00000084090,0.280426377294569,0.166182127287577,0.767152935987277,0.000823723526025392,missense|LC,2096186668,2,96186668,
KHDC1L,ENSG00000256980,0.280443381759076,0.606448103545348,0.165107240288966,-0.000796266339589725,missense|LC,6073223694,6,73223694,
NUDT11,ENSG00000196368,0.280455286742698,0.164912253619719,0.471612870863729,0.00349120654920615,missense|LC,23051495829,X,51495829,
OR2D2,ENSG00000166368,0.28048202200545,0.173251433003153,0.312689872977578,-0.000651175548206034,missense|LC,11006891508,11,6891508,
AQP11,ENSG00000178301,0.280489736678329,0.396936299894309,0.228159769840428,-0.00024384400926998,missense|LC,11077589883,11,77589883,
OR2T27,ENSG00000187701,0.280569826816365,0.164288722633781,0.357373721056082,-0.000425765754173882,missense|LC,1248649909,1,248649909,
DHRS7B,ENSG00000109016,0.280614940155347,0.808348615117115,0.157067244522765,-0.00027125486478539,missense|LC,17021126860,17,21126860,
SLC39A5,ENSG00000139540,0.280796619310521,0.672681340508257,0.167300662758334,-0.000163167909045015,missense|LC,12056225660,12,56225660,
C5,ENSG00000106804,0.280948819272117,0.160964420984093,0.309970807233787,-0.000764976219593263,missense|LC,9120952659,9,120952659,
FKBP3,ENSG00000100442,0.281237533347014,0.158264011981044,0.623760352841658,0.00203151098181629,missense|LC,14045110605,14,45110605,
STX6,ENSG00000135823,0.281272944117219,0.16255445721555,0.514893273932992,-0.00135113427985442,missense|LC,1180976518,1,180976518,
DACT1,ENSG00000165617,0.281377142583452,0.159216421509072,0.793628786583389,0.00063078734010216,missense|LC,14058638179,14,58638179,
SCRT1,ENSG00000261678,0.281395471119886,0.167061582914375,0.391362713851601,0.00123818719917249,missense|LC,8144326340,8,144326340,
TSSK1B,ENSG00000212122,0.281437575234672,0.235416728913078,0.179472470945852,-0.000402029071387501,missense|LC,5113433629,5,113433629,
GTF2A2,ENSG00000140307,0.281441903572927,0.176043329474377,0.231177038566398,0.00410175240697661,missense|LC,15059639139,15,59639139,
VTCN1,ENSG00000134258,0.281447530911461,0.191758539486637,0.336362677409826,-0.000739075911254382,missense|LC,1117147546,1,117147546,
APCDD1L,ENSG00000198768,0.281484431957294,0.162874692066827,0.566116706819636,-0.000514605641035034,missense|LC,20058460667,20,58460667,
AC119674.2,ENSG00000284686,0.281514201194034,0.250814387840604,0.161216236966226,-0.00190374529442475,missense|LC,1056496442,1,56496442,
G3BP1,ENSG00000145907,0.281523338185194,0.164633606772819,0.415579590850664,0.00113643728950179,missense|LC,5151770308,5,151770308,
TRIM27,ENSG00000204713,0.281561227467698,0.538620882407457,0.17071840707451,0.000597271690117041,missense|LC,6028904010,6,28904010,
RUNX1,ENSG00000159216,0.281586607156249,0.162759311004786,0.384434300006785,0.0012511545170772,missense|LC,21034792080,21,34792080,
SMC4,ENSG00000113810,0.281594869517917,0.155986339320563,0.756376555486613,0.000740266505165018,missense|LC,3160400694,3,160400694,
ARPC4-TTLL3,ENSG00000250151,0.281622793166959,0.849959692362679,0.163283670276107,0.0000786519033586963,missense|LC,3009789442,3,9789442,
GABRA4,ENSG00000109158,0.281655123199953,0.486485893237314,0.184847755398729,-0.000388792796689284,missense|LC,4046928162,4,46928162,
MED8,ENSG00000159479,0.281672885812705,0.577503727647827,0.17156679425761,0.000407985779373667,missense|LC,1043384329,1,43384329,
RIBC1,ENSG00000158423,0.281684964980477,0.172332195451766,0.235477558759606,0.00109002047496928,missense|LC,23053421829,X,53421829,
GGTLC2,ENSG00000100121,0.281725472865791,0.170792109800838,0.456551111322378,0.000561408004335581,missense|LC,22022646063,22,22646063,
MOGAT2,ENSG00000166391,0.281733453277993,0.293998336354554,0.165873958600799,0.000650739112188891,missense|LC,11075717814,11,75717814,
CHGA,ENSG00000100604,0.281748270600693,0.175605198504,0.339154886350529,-0.000449611874910964,missense|LC,14092923256,14,92923256,
CCDC117,ENSG00000159873,0.281788318816769,0.742852065494372,0.16859102524641,-0.000278557807846855,missense|LC,22028772761,22,28772761,
TSKU,ENSG00000182704,0.281813907902862,0.165748598488306,0.59327595543472,-0.000676723286271639,missense|LC,11076795503,11,76795503,
SPRR2A,ENSG00000241794,0.281894474390863,0.763392972561134,0.164026982665938,0.000565878658634822,missense|LC,1153056354,1,153056354,
ARSJ,ENSG00000180801,0.281895594947852,0.176156821751379,0.474278272917857,0.000685971534147174,missense|LC,4113902047,4,113902047,
COPG2,ENSG00000158623,0.281932079777382,0.174653919168204,0.217205382177586,-0.00171550795084361,missense|LC,7130502599,7,130502599,
TFB2M,ENSG00000162851,0.28211464139063,0.531560365719359,0.174190480957031,-0.000288172950927583,missense|LC,1246540947,1,246540947,
NLRC5,ENSG00000140853,0.282140233603571,0.167122323773196,0.261515039813947,-0.000386186510147798,missense|LC,16057020649,16,57020649,
KLHL7,ENSG00000122550,0.282154882274102,0.822124005976929,0.157592198422416,0.000363623433542809,missense|LC,7023105895,7,23105895,
GRK6,ENSG00000198055,0.282207647996671,0.169196616892523,0.413476895054308,0.000676992671333304,missense|LC,5177426777,5,177426777,
CEP295NL,ENSG00000178404,0.282220429857099,0.203877312004393,0.170482404009726,0.00064082105583629,missense|LC,17078890536,17,78890536,
NCK2,ENSG00000071051,0.282260494006584,0.178313672171834,0.345667969558681,-0.00108967173226741,missense|LC,2105855002,2,105855002,
VEGFD,ENSG00000165197,0.282303739157151,0.508844101445633,0.16087457637404,0.000604250319984748,missense|LC,23015346052,X,15346052,
MBP,ENSG00000197971,0.282448869646561,0.631659089577452,0.184420707339743,-0.000285248781872705,missense|LC,18077012779,18,77012779,
ZNF33A,ENSG00000189180,0.282551340741314,0.190765419269384,0.196305251230817,0.000367082213943502,missense|LC,10038010641,10,38010641,
IGF1R,ENSG00000140443,0.282570114526011,0.165677504938518,0.777793950375941,0.000455441779266444,missense|LC,15098649579,15,98649579,
B9D1,ENSG00000108641,0.282610875085919,0.161693370181686,0.775458898064048,0.00128007002085984,missense|LC,17019341055,17,19341055,
CCDC186,ENSG00000165813,0.282664155911984,0.195620149313966,0.173412475709325,-0.000518471269945549,missense|LC,10114125099,10,114125099,
PCDHGC5,ENSG00000240764,0.282717167968787,0.162926106636364,0.644092179818707,0.000615168106840803,missense|LC,5141485129,5,141485129,
LRRC15,ENSG00000172061,0.282765974432929,0.346872696893795,0.166685919982467,-0.000505543206888758,missense|LC,3194359221,3,194359221,
TRIM37,ENSG00000108395,0.282769606464496,0.182363344916625,0.334873115725209,-0.00787827587078805,missense|LC,17058998137,17,58998137,
SSBP3,ENSG00000157216,0.282776340108014,0.179885604628231,0.214401769319098,0.00156541454215016,missense|LC,1054225010,1,54225010,
CCDC83,ENSG00000150676,0.282776909399157,0.887945767255241,0.169440963568188,-0.0000705265674597654,missense|LC,11085865098,11,85865098,
HOXA3,ENSG00000105997,0.282831216355633,0.785309875557899,0.160813421616426,0.000242604815505196,missense|LC,7027101194,7,27101194,
CDC20,ENSG00000117399,0.282854602573999,0.894384221768158,0.187096093624281,0.0000656851245029947,missense|LC,1043359136,1,43359136,
MESD,ENSG00000117899,0.282859196177944,0.207106991011278,0.170070697445221,0.00106563143431523,missense|LC,15080979097,15,80979097,
CXXC4,ENSG00000168772,0.282875196639251,0.161223120744751,0.389056232677435,0.000896364545824119,missense|LC,4104472285,4,104472285,
SPEM1,ENSG00000181323,0.282889077320962,0.167353021692951,0.49166827783105,0.000594775706667866,missense|LC,17007415455,17,7415455,
ANXA13,ENSG00000104537,0.282916709798767,0.924299803493715,0.160640462436617,-0.0000613015435101342,missense|LC,8123681109,8,123681109,
GRM2,ENSG00000164082,0.282969184016423,0.163277318101901,0.443670932271689,0.000562136397414322,missense|LC,3051703630,3,51703630,
THEMIS,ENSG00000172673,0.283000413391784,0.163262976491547,0.54849056907386,-0.000812782090754708,missense|LC,6127709917,6,127709917,
TRAPPC9,ENSG00000167632,0.283020600660148,0.175258103183725,0.706894328903721,0.000632047401201517,missense|LC,8139730981,8,139730981,
PRAMEF5,ENSG00000270601,0.283147846595838,0.199773077651935,0.52830055517636,0.000370667862741231,missense|LC,1013260081,1,13260081,
IGF2BP2,ENSG00000073792,0.283198662107101,0.693737439090023,0.158767066630278,-0.000375603221344137,missense|LC,3185645499,3,185645499,
IGHV4-39,ENSG00000211959,0.28320991166926,0.166887805119458,0.29966524235029,0.00392636475274277,missense|LC,14106421896,14,106421896,
C2orf80,ENSG00000188674,0.283240379699291,0.660302105801178,0.165718043791355,-0.000418183156496998,missense|LC,2208160776,2,208160776,
MRPL33,ENSG00000243147,0.283254786355292,0.184931986397254,0.224414182262774,-0.00247297321632681,missense|LC,2027771683,2,27771683,
KRT72,ENSG00000170486,0.283272150780954,0.17023259439778,0.533559811427629,0.000520972493365674,missense|LC,12052585914,12,52585914,
STYK1,ENSG00000060140,0.2835036909959,0.280534490118328,0.168275216813245,0.000641559860037819,missense|LC,12010620063,12,10620063,
AMFR,ENSG00000159461,0.283578833479775,0.22973143526646,0.162942626491721,0.000808764363225334,missense|LC,16056362800,16,56362800,
CLDN1,ENSG00000163347,0.283799049582957,0.179292262042833,0.525005286970604,-0.000967550785499503,missense|LC,3190308187,3,190308187,
SVBP,ENSG00000177868,0.283804260933926,0.476574990952162,0.182307942165514,-0.00160148193677499,missense|LC,1042807371,1,42807371,
VSIG2,ENSG00000019102,0.283861947043734,0.455354407177663,0.161256823623006,0.000710513344109258,missense|LC,11124745443,11,124745443,
FOXJ3,ENSG00000198815,0.283946834772055,0.161809495431642,0.662441534377376,0.00108135549608793,missense|LC,1042179695,1,42179695,
ITPRIPL2,ENSG00000205730,0.283971606453947,0.186205019873182,0.523870315679485,0.000504067742731158,missense|LC,16019114384,16,19114384,
ATP6V1F,ENSG00000128524,0.284052052423972,0.313431778078961,0.17606274960383,-0.000837365653292774,missense|LC,7128857977,7,128857977,
GLUD1,ENSG00000148672,0.284122631782878,0.160372751648835,0.717961154958666,0.00173333691136688,missense|LC,10087051687,10,87051687,
RLIM,ENSG00000131263,0.28414818504147,0.684183814928127,0.177593408374724,0.000223555150105097,missense|LC,23074583090,X,74583090,
HLA-DPB1,ENSG00000223865,0.284158102566131,0.20312265840142,0.505375499348458,-0.000321110890991285,missense|LC,6033073441,6,33073441,
CSNK1G3,ENSG00000151292,0.28417594910848,0.98448405907148,0.162955913093349,0.00000663752041254522,missense|LC,5123545644,5,123545644,
CHRFAM7A,ENSG00000166664,0.284176002510249,0.338044223568616,0.179019591451038,-0.000772053629129906,missense|LC,15030362908,15,30362908,
NOX5,ENSG00000255346,0.2842455389883,0.171036895709262,0.244499159671731,0.000616871823187236,missense|LC,15069014652,15,69014652,
THEGL,ENSG00000249693,0.28424647040123,0.172911287332522,0.207418649209605,-0.000626576781856094,missense|LC,4056530537,4,56530537,
ADAMTS4,ENSG00000158859,0.284257835231917,0.510687371725915,0.165895427706513,0.000183237703232629,missense|LC,1161191034,1,161191034,
UPK3BL2,ENSG00000284981,0.284268537534634,0.244524826057521,0.349906238973648,0.00310792297357892,missense|LC,7102541571,7,102541571,
CLSTN1,ENSG00000171603,0.284375888406553,0.158812387593744,0.626598920042608,0.000644889932543067,missense|LC,1009723939,1,9723939,
RNF152,ENSG00000176641,0.284417528092115,0.197394756633434,0.248171929733911,0.000745911172415404,missense|LC,18061815757,18,61815757,
SHCBP1,ENSG00000171241,0.284432467714613,0.518980350554636,0.175157514675658,-0.000266321018717165,missense|LC,16046581678,16,46581678,
FAN1,ENSG00000198690,0.284557058778914,0.657841108576926,0.17047089211137,0.000129848196106058,missense|LC,15030904596,15,30904596,
MALRD1,ENSG00000204740,0.284568740503511,0.763055667206876,0.159826021165084,-0.0000656925960337094,missense|LC,10019048855,10,19048855,
ENDOU,ENSG00000111405,0.284568842745047,0.515268770188136,0.18274469559235,0.000254474219852102,missense|LC,12047710778,12,47710778,
ATP6V1G3,ENSG00000151418,0.284607281663168,0.594287933185599,0.177654127381182,0.000457253557848269,missense|LC,1198523342,1,198523342,
CAMK2A,ENSG00000070808,0.284636082829812,0.447629178884131,0.164157478311859,-0.00140106740635928,missense|LC,5150222622,5,150222622,
PROK1,ENSG00000143125,0.28465365462414,0.770342836491906,0.165598621332596,-0.000435273542133819,missense|LC,1110451144,1,110451144,
IKBKE,ENSG00000263528,0.284744909446668,0.164341588442109,0.456875188088681,0.000675654346885202,missense|LC,1206473174,1,206473174,
PHLDA1,ENSG00000139289,0.284795519042812,0.163684960117642,0.432961111317547,0.000999746885079264,missense|LC,12076030458,12,76030458,
SIRT7,ENSG00000187531,0.284815467133906,0.174251215110436,0.334560497265143,-0.000802387791220308,missense|LC,17081906939,17,81906939,
GOLGA8Q,ENSG00000178115,0.284916501549391,0.1721463428837,0.236541066865485,0.00553475864345685,missense|LC,15030557684,15,30557684,
DUSP3,ENSG00000108861,0.284950342778056,0.572076769295022,0.162822734438564,-0.000938986149354518,missense|LC,17043769520,17,43769520,
PNMA8A,ENSG00000182013,0.285108982525066,0.163475034977398,0.454359530417383,0.00107265734350239,missense|LC,19046468494,19,46468494,
PRB2,ENSG00000121335,0.285134115579453,0.850041512078714,0.167789705986861,0.0000737514335963799,missense|LC,12011392772,12,11392772,
AC009163.5,ENSG00000261717,0.285140080934594,0.192198399552425,0.459340684889281,0.000843102888335261,missense|LC,16075411755,16,75411755,
USP44,ENSG00000136014,0.28518256741427,0.530023666390446,0.171927155606565,-0.000275535681400823,missense|LC,12095511861,12,95511861,
RNF11,ENSG00000123091,0.285215924282349,0.16055484350347,0.553977586397562,-0.00371669241430925,missense|LC,1051236637,1,51236637,
FKBP5,ENSG00000096060,0.285264956055205,0.674691624431136,0.176524101040026,-0.000275116320954813,missense|LC,6035575808,6,35575808,
BSPRY,ENSG00000119411,0.285278129967404,0.515345543158936,0.169911764366539,0.000240633346069565,missense|LC,9113349461,9,113349461,
ZACN,ENSG00000186919,0.285336375678639,0.579152023676942,0.17372840003092,0.000210590460766708,missense|LC,17076074787,17,76074787,
ARL8B,ENSG00000134108,0.285466268833017,0.235337655659102,0.217488467827254,0.00118563427695913,missense|LC,3005122198,3,5122198,
SLC5A12,ENSG00000148942,0.285555633298865,0.165904732634137,0.453059249583694,0.000814287659217595,missense|LC,11026671018,11,26671018,
ROBO2,ENSG00000185008,0.285674540515442,0.16907875943864,0.588991517928204,-0.00487877625714206,missense|LC,3075937454,3,75937454,
SNX18,ENSG00000178996,0.285678371808581,0.683898623781391,0.161545305791296,0.000244746130506962,missense|LC,5054517866,5,54517866,
HDAC6,ENSG00000094631,0.285942622652786,0.173915077278974,0.342976943215364,-0.000402651424251925,missense|LC,23048801778,X,48801778,
BICDL2,ENSG00000162069,0.286005044677158,0.724898247549868,0.167032087518101,-0.000128952371131243,missense|LC,16003022776,16,3022776,
SLC22A24,ENSG00000197658,0.286029560954062,0.161101931019064,0.741570371340506,0.000759327671476558,missense|LC,11063079904,11,63079904,
ENTPD6,ENSG00000197586,0.286030549325748,0.70247128651971,0.170747571979898,0.000147561792402997,missense|LC,20025195771,20,25195771,
TMEM60,ENSG00000135211,0.286079591940421,0.248317590820632,0.219952485202667,0.00111608941592966,missense|LC,7077793874,7,77793874,
KLRB1,ENSG00000111796,0.286183400908101,0.215277958937102,0.203881001342017,-0.000696016224699674,missense|LC,12009595218,12,9595218,
PAX6,ENSG00000007372,0.286186814358804,0.450815211087248,0.161260965061269,0.00116769220302457,missense|LC,11031783323,11,31783323,
FAM71D,ENSG00000172717,0.28620238578117,0.27358167049454,0.165408563054657,0.000718590427042559,missense|LC,14067198056,14,67198056,
PDIA2,ENSG00000185615,0.286213940085542,0.557103922257302,0.16505837301933,0.000133997988920388,missense|LC,16000280625,16,280625,
OR5M8,ENSG00000181371,0.286248346273578,0.173019524368341,0.568299542302243,0.000510236696913624,missense|LC,11056490425,11,56490425,
ADPGK,ENSG00000159322,0.286302122002469,0.203102756084071,0.178933978798049,0.000552131700397554,missense|LC,15072752256,15,72752256,
ZBTB2,ENSG00000181472,0.28631510078747,0.897038858480501,0.178309892231156,-0.0000844525172171705,missense|LC,6151365425,6,151365425,
VPS37D,ENSG00000176428,0.286336753127108,0.16707529222458,0.614084722145004,-0.00091974222207078,missense|LC,7073667922,7,73667922,
SOAT1,ENSG00000057252,0.286337121517756,0.783719374664864,0.168949664499441,0.000191483612480988,missense|LC,1179302645,1,179302645,
FAM83G,ENSG00000188522,0.286400817047379,0.174382757208529,0.823519090722495,-0.000440921530561291,missense|LC,17018968967,17,18968967,
DDX3X,ENSG00000215301,0.286441299529754,0.207183486541469,0.171677476469705,-0.00181341924347672,missense|LC,23041334189,X,41334189,
IL20,ENSG00000162891,0.286581551774695,0.169713201935402,0.281927442916428,0.00156362102135979,missense|LC,1206865425,1,206865425,
DPH7,ENSG00000148399,0.286600504598306,0.16961963926275,0.264108116620431,-0.000877858938698628,missense|LC,9137550073,9,137550073,
PSMA7,ENSG00000101182,0.286622085566541,0.171434318880132,0.275443391510742,0.00279231681002033,missense|LC,20062133181,20,62133181,
AC104472.3,ENSG00000284952,0.28662298439753,0.216058064066059,0.185640015613071,-0.0010473422082288,missense|LC,3155763446,3,155763446,
TRARG1,ENSG00000184811,0.286684055340551,0.219724723876049,0.196598535164295,0.000661758181421074,missense|LC,17001279891,17,1279891,
HMGCR,ENSG00000113161,0.286723914792612,0.331005676584094,0.164440014344469,-0.000729277933277909,missense|LC,5075336519,5,75336519,
CYP7A1,ENSG00000167910,0.286728662573758,0.17534917813762,0.788453184035666,-0.00052016787602184,missense|LC,8058491416,8,58491416,
MBOAT1,ENSG00000172197,0.286781044909209,0.981476641021217,0.167129203359894,0.00000683721424604574,missense|LC,6020102200,6,20102200,
CHCHD4,ENSG00000163528,0.286782553286136,0.404091180175142,0.169917450077819,0.00123075535231701,missense|LC,3014112810,3,14112810,
YY1AP1,ENSG00000163374,0.286899495651036,0.273939276931982,0.17379600046952,0.000369133819213955,missense|LC,1155659561,1,155659561,
TCERG1,ENSG00000113649,0.286900884224422,0.689127095612367,0.166041135850291,-0.000158357308802408,missense|LC,5146447233,5,146447233,
SARAF,ENSG00000133872,0.287180730515051,0.186178894729511,0.204021528183974,0.00115362246760171,missense|LC,8030063830,8,30063830,
PLCZ1,ENSG00000139151,0.287221876854047,0.925600084745618,0.166638163946602,-0.0000575107569806862,missense|LC,12018683190,12,18683190,
ZNHIT2,ENSG00000174276,0.287247517203113,0.8392633930229,0.171383691815774,-0.0000928264996503225,missense|LC,11065111403,11,65111403,
TMEM156,ENSG00000121895,0.287357452063884,0.305626022260883,0.164147251490255,0.00121241827824886,missense|LC,4038971008,4,38971008,
FBXO38,ENSG00000145868,0.287458929419337,0.193833932780385,0.185995080803727,-0.000474834772943354,missense|LC,5148394685,5,148394685,
HGSNAT,ENSG00000165102,0.287589610695236,0.449667382036177,0.174147130546813,0.000328543544404567,missense|LC,8043140446,8,43140446,
IQCB1,ENSG00000173226,0.28759904079713,0.182494940763037,0.434713334665685,0.000687249934545299,missense|LC,3121770320,3,121770320,
H3-2,ENSG00000273213,0.287616788999652,0.261131644977042,0.18233582975448,0.000945095337488307,missense|LC,1143904188,1,143904188,
PPY,ENSG00000108849,0.287625436122629,0.689776511623979,0.183703934074545,-0.000425210830944875,missense|LC,17043940809,17,43940809,
MYH4,ENSG00000264424,0.287763548076917,0.454808822261507,0.168132944997731,-0.000220105456920354,missense|LC,17010443284,17,10443284,
TNRC18,ENSG00000182095,0.287811849365097,0.160481508055021,0.481387860546411,0.000224463197783314,missense|LC,7005302705,7,5302705,
TENT2,ENSG00000164329,0.287852551796178,0.427731168424398,0.175169060841506,0.000437955438009885,missense|LC,5079619558,5,79619558,
DCUN1D4,ENSG00000109184,0.287855153298896,0.908909460772198,0.184202516266804,-0.0000717440113751738,missense|LC,4051842978,4,51842978,
KIRREL3,ENSG00000149571,0.287863287652731,0.790566064140912,0.167508099416727,-0.000122814702734895,missense|LC,11126424497,11,126424497,
FBXW11,ENSG00000072803,0.287871179072967,0.19061526902841,0.197031311350148,-0.00203924627407264,missense|LC,5171868544,5,171868544,
KRTAP13-3,ENSG00000240432,0.288016774247985,0.529854473912606,0.16446664683874,-0.000976304616250765,missense|LC,21030425332,21,30425332,
CACNA1H,ENSG00000196557,0.288098979713099,0.206739903984503,0.174394232941162,-0.000197047871112912,missense|LC,16001153649,16,1153649,
FAM151B,ENSG00000152380,0.288125876424557,0.785434947994154,0.164065765223342,-0.000330944581180013,missense|LC,5080488009,5,80488009,
SMARCE1,ENSG00000073584,0.28820627441914,0.203514331412204,0.616023431882816,0.000842048262668686,missense|LC,17040628728,17,40628728,
NCAM2,ENSG00000154654,0.288289154672792,0.180281845847393,0.677101328682893,-0.0104378369452488,missense|LC,21020998475,21,20998475,
NCF4,ENSG00000100365,0.288405102827044,0.168897237551933,0.8721967756187,0.000775229397888651,missense|LC,22036861056,22,36861056,
POP5,ENSG00000167272,0.288406675767962,0.169909262357856,0.603190565953705,0.00150511485519836,missense|LC,12120575548,12,120575548,
FAM47B,ENSG00000189132,0.288416322748056,0.179380401424516,0.198867163556198,0.000452438962153157,missense|LC,23034942718,X,34942718,
NPY1R,ENSG00000164128,0.288488324104832,0.264745287124877,0.190750577757545,-0.000525226157636446,missense|LC,4163325269,4,163325269,
BPIFC,ENSG00000184459,0.288531761732945,0.16890553616984,0.459116847273014,0.000622506683802197,missense|LC,22032408849,22,32408849,
WASHC5,ENSG00000164961,0.288621160523356,0.681406167830124,0.167041679656463,-0.000173467199712751,missense|LC,8125020757,8,125020757,
OPN1LW,ENSG00000102076,0.288684136162353,0.759241350940942,0.172426314498843,0.000141639697070343,missense|LC,23154144155,X,154144155,
CNDP2,ENSG00000133313,0.288690190333071,0.171929075151514,0.712796352725178,-0.00068827333466713,missense|LC,18074499905,18,74499905,
SULF1,ENSG00000137573,0.288696703540441,0.929655689102132,0.175078076847497,0.0000275423040842249,missense|LC,8069563894,8,69563894,
TXNDC16,ENSG00000087301,0.288754313187219,0.167988247751725,0.899481770861148,0.000428783580185141,missense|LC,14052432226,14,52432226,
AL358472.7,ENSG00000285779,0.288942674463171,0.571968265300965,0.207447853382631,-0.000613121016348946,missense|LC,1153954206,1,153954206,
GDF11,ENSG00000135414,0.288948453228027,0.449387150002561,0.185595826829918,0.000333256180711108,missense|LC,12055743283,12,55743283,
C18orf25,ENSG00000152242,0.288964043790554,0.307911208748364,0.19179646510481,-0.000417825624793347,missense|LC,18046215811,18,46215811,
SHANK1,ENSG00000161681,0.289033358054043,0.606592310687437,0.163715215207104,-0.000143540497944961,missense|LC,19050657864,19,50657864,
DEFB125,ENSG00000178591,0.289110260527203,0.195480070489139,0.256475397981968,-0.000780224717265546,missense|LC,20000087631,20,87631,
IGFBP3,ENSG00000146674,0.289139470526695,0.257990678156588,0.188370575897235,0.000707981812203982,missense|LC,7045914723,7,45914723,
TRIM50,ENSG00000146755,0.289150523571016,0.17950072413314,0.819708796069669,-0.00047915183471031,missense|LC,7073307536,7,73307536,
SLC4A9,ENSG00000113073,0.289176758102449,0.16381401303067,0.76799756358341,0.000699612524795067,missense|LC,5140360174,5,140360174,
PDCD5,ENSG00000105185,0.289185021133932,0.548109729386562,0.171600622064789,0.000835978059592215,missense|LC,19032581198,19,32581198,
ZCCHC3,ENSG00000247315,0.289248963707772,0.259980399138232,0.164266716523532,-0.0011036220171059,missense|LC,20000297485,20,297485,
GBX2,ENSG00000168505,0.289253379266548,0.92961908519472,0.179062120576906,-0.0000485853403528313,missense|LC,2236165862,2,236165862,
H2BC11,ENSG00000124635,0.289288947417729,0.165310960201868,0.57173292322114,0.00171086274796266,missense|LC,6027132228,6,27132228,
PTCHD3,ENSG00000182077,0.289308723400519,0.97343051414566,0.169552323091667,0.00000593590033534543,missense|LC,10027398282,10,27398282,
GHRL,ENSG00000157017,0.289335542516409,0.218341209200957,0.579792700982903,0.00073068633414268,missense|LC,3010285815,3,10285815,
ZNF630,ENSG00000221994,0.289375470050055,0.751959297387545,0.166799128163761,0.000177933179272626,missense|LC,23048058409,X,48058409,
PCDH10,ENSG00000138650,0.28943911055955,0.41860630559088,0.172449421785333,-0.000455753327385714,missense|LC,4133149997,4,133149997,
RAI14,ENSG00000039560,0.289450889603595,0.861619302854099,0.167659767760331,-0.0000968827347739126,missense|LC,5034686843,5,34686843,
OR2T35,ENSG00000177151,0.289454772220696,0.179964239671709,0.38621463819082,-0.000948540205352873,missense|LC,1248638511,1,248638511,
VCX2,ENSG00000177504,0.289467275655764,0.171455110517226,0.276255497639708,-0.000461714275066639,missense|LC,23008169940,X,8169940,
HR,ENSG00000168453,0.28950223179996,0.180651766522207,0.221571715798139,-0.000279605341842278,missense|LC,8022115640,8,22115640,
ALKBH7,ENSG00000125652,0.289519066856218,0.173288440825385,0.246192834858673,0.00153778398787986,missense|LC,19006368460,19,6368460,
EMP1,ENSG00000134531,0.289529309871808,0.652541033548176,0.18727603208929,-0.000297249724596966,missense|LC,12013211434,12,13211434,
HEMGN,ENSG00000136929,0.289591352669383,0.599432240475776,0.170740810256393,0.000369186756803841,missense|LC,9097922376,9,97922376,
NDUFAF2,ENSG00000164182,0.289603053260285,0.745305570536196,0.198140580589743,0.000552537791450667,missense|LC,5060944894,5,60944894,
VPS13C,ENSG00000129003,0.289635296659662,0.202137634597149,0.182361229057927,-0.000192372347646066,missense|LC,15061854399,15,61854399,
DDX39A,ENSG00000123136,0.289720144773847,0.220402150068431,0.169896677864761,-0.00125276419039662,missense|LC,19014404305,19,14404305,
PLB1,ENSG00000163803,0.289822713222137,0.859591577791026,0.166201118368169,-0.0000425665264299063,missense|LC,2028496049,2,28496049,
AL121758.1,ENSG00000270299,0.289825674385942,0.89828337101845,0.197299302332601,-0.00013353083292147,missense|LC,20000648623,20,648623,
UGT1A4,ENSG00000244474,0.289927499979508,0.487096935952949,0.167414975245995,-0.000243700519043809,missense|LC,2233713736,2,233713736,
GNAZ,ENSG00000128266,0.289930517578891,0.238300906011091,0.169975193280014,0.00160599809014705,missense|LC,22023095595,22,23095595,
TTC4,ENSG00000243725,0.289957192277635,0.168850736505313,0.815822392992062,-0.00103463532870964,missense|LC,1054715843,1,54715843,
NPAT,ENSG00000149308,0.28996765845825,0.272980685068624,0.170529306312542,0.000300276677491875,missense|LC,11108158921,11,108158921,
DBH,ENSG00000123454,0.289973095859385,0.863032269733183,0.166660443539178,0.0000461472258684336,missense|LC,9133636309,9,133636309,
MTUS2,ENSG00000132938,0.290041288245414,0.174720729987545,0.30839416321954,-0.000944687536418143,missense|LC,13029428650,13,29428650,
NT5DC3,ENSG00000111696,0.290101834216917,0.508311104796207,0.195758640099932,-0.000325670586580055,missense|LC,12103777736,12,103777736,
LYZL1,ENSG00000120563,0.29021628327428,0.166648041771389,0.639457327764792,-0.00168950252986112,missense|LC,10029289032,10,29289032,
CSGALNACT2,ENSG00000169826,0.290262580266291,0.749704816025286,0.163631569149204,0.000242825867114836,missense|LC,10043155108,10,43155108,
TUBA1C,ENSG00000167553,0.290278526089898,0.550384015127149,0.164678352560339,0.000574784534145123,missense|LC,12049227867,12,49227867,
AC004223.3,ENSG00000267618,0.290318071986904,0.940725619605193,0.167098941908254,-0.0000770724562318402,missense|LC,17035011894,17,35011894,
ZBED6CL,ENSG00000188707,0.290327269966419,0.180061406844165,0.227906196473943,-0.00126030113475744,missense|LC,7150330687,7,150330687,
AL139260.3,ENSG00000274944,0.290345566445507,0.179455994815763,0.24344235246323,-0.00328884745361627,missense|LC,1038859525,1,38859525,
SUMF1,ENSG00000144455,0.290391305410896,0.174317537875744,0.906192319671997,0.000759448400712613,missense|LC,3004362073,3,4362073,
METTL2A,ENSG00000087995,0.290416049513185,0.168093703600242,0.582752781066452,-0.00104518387746595,missense|LC,17062423773,17,62423773,
NDUFB11,ENSG00000147123,0.29045697206008,0.894400009394734,0.17422771612903,0.000113457537229949,missense|LC,23047142206,X,47142206,
AC011330.3,ENSG00000284772,0.290503904903409,0.173703584591606,0.658925515272662,-0.0052157861386828,missense|LC,15043609213,15,43609213,
COQ5,ENSG00000110871,0.290571135289101,0.169184827318497,0.727191571321405,0.00131345510121477,missense|LC,12120498279,12,120498279,
CDRT4,ENSG00000239704,0.290607519434819,0.166786820604821,0.740114413867697,-0.00171295675434741,missense|LC,17015437694,17,15437694,
WDFY4,ENSG00000128815,0.290695797384447,0.833622009373728,0.16459931578603,-0.0000420866045935142,missense|LC,10048709646,10,48709646,
SPNS3,ENSG00000182557,0.29076477511371,0.797644489093271,0.16789356075659,-0.0000843764732140387,missense|LC,17004433883,17,4433883,
SRP54,ENSG00000100883,0.290861798153204,0.673262784370486,0.171214901054628,0.00212131110374814,missense|LC,14034996675,14,34996675,
NAV1,ENSG00000134369,0.290884502775497,0.166115466272732,0.84583035610665,0.000482006936807405,missense|LC,1201648160,1,201648160,
MVK,ENSG00000110921,0.290887123443105,0.180138752374883,0.556539403477076,-0.000875090833947046,missense|LC,12109568798,12,109568798,
OR5F1,ENSG00000149133,0.290982406448551,0.307564029535513,0.178350395356848,-0.000386166303057464,missense|LC,11055993666,11,55993666,
OAT,ENSG00000065154,0.290990407398624,0.424795015349804,0.169935767953978,-0.000554704864776249,missense|LC,10124397844,10,124397844,
AC021087.5,ENSG00000286001,0.291061121518677,0.165262459612083,0.351673126743183,0.00120765329651727,missense|LC,5000216640,5,216640,
NAAA,ENSG00000138744,0.291099533611935,0.166906687672056,0.861575450794565,-0.00097206101960824,missense|LC,4075913598,4,75913598,
PLA2G4F,ENSG00000168907,0.29110779299263,0.683768523819363,0.168120779311094,0.000121900854909047,missense|LC,15042141906,15,42141906,
ERO1B,ENSG00000086619,0.2912251810807,0.907849905473449,0.184238792476931,0.0000586916703206126,missense|LC,1236218412,1,236218412,
SLC19A1,ENSG00000173638,0.291242293924715,0.167353293206679,0.339855973990581,-0.000580989209337009,missense|LC,21045507566,21,45507566,
MICOS13,ENSG00000174917,0.291376871082279,0.177005502615949,0.340203111546097,-0.00183194752202808,missense|LC,19005678479,19,5678479,
AC005520.1,ENSG00000258653,0.291401502800706,0.181855028736872,0.208773046702725,-0.00154657619452071,missense|LC,14073858805,14,73858805,
ECSCR,ENSG00000249751,0.291435111796523,0.613056492744238,0.201715171398339,0.000531307336372573,missense|LC,5139448659,5,139448659,
AC142391.1,ENSG00000279686,0.291435111796523,0.613056492744238,0.201715171398339,0.000531307336372573,missense|LC,5139437318,5,139437318,
SBF1,ENSG00000100241,0.291479737154206,0.851702140770348,0.163195414838266,0.0000434429549378258,missense|LC,22050440008,22,50440008,
ASB8,ENSG00000177981,0.29160218736465,0.167902950586517,0.300356599578547,-0.00145688233083313,missense|LC,12048142791,12,48142791,
ELAVL4,ENSG00000162374,0.29163726186103,0.760480676292394,0.168656940703438,-0.000381205299761992,missense|LC,1050103823,1,50103823,
SLC35A5,ENSG00000138459,0.291710789189004,0.722565505567376,0.177637448209518,-0.000189164810698266,missense|LC,3112558330,3,112558330,
NMB,ENSG00000197696,0.291759871388781,0.17025061779642,0.292243113377608,0.00173267058587954,missense|LC,15084652693,15,84652693,
SRI,ENSG00000075142,0.291853146851995,0.50258302891223,0.166202320063178,-0.00113828294732416,missense|LC,7088206395,7,88206395,
RRAD,ENSG00000166592,0.291861339664162,0.166143624527798,0.415546063041521,0.00121510816792764,missense|LC,16066917601,16,66917601,
GRB14,ENSG00000115290,0.291868352174636,0.167954262184785,0.538396938002514,-0.000867025366299502,missense|LC,2164492960,2,164492960,
AC011005.1,ENSG00000230626,0.291882682635324,0.182300964707296,0.653323522086727,-0.000644452069911716,missense|LC,7129126467,7,129126467,
STPG4,ENSG00000239605,0.291938491707876,0.2002809745291,0.189983237576419,0.000775146782897981,missense|LC,2047086904,2,47086904,
RTL4,ENSG00000187823,0.291958878951644,0.169312074414319,0.769899685756586,-0.000952002324488899,missense|LC,23112454684,X,112454684,
ERCC1,ENSG00000012061,0.292025792540384,0.166019579895434,0.910332191981742,0.0013828332949458,missense|LC,19045413506,19,45413506,
MRPL10,ENSG00000159111,0.292084496613614,0.167578655047779,0.363798635711984,-0.00116903328350182,missense|LC,17047818469,17,47818469,
LCN15,ENSG00000177984,0.292140425771869,0.174202074571397,0.274815191255884,-0.00106223136393996,missense|LC,9136754637,9,136754637,
CYP2C9,ENSG00000138109,0.292199432298372,0.172524884380238,0.784558802902015,-0.000549119331668503,missense|LC,10094938605,10,94938605,
DCBLD1,ENSG00000164465,0.292237528921233,0.1757537669983,0.247196014217026,0.000817220433937864,missense|LC,6117482514,6,117482514,
STARD9,ENSG00000159433,0.292265903628234,0.248934632235925,0.164944357594495,-0.000161447661073495,missense|LC,15042571974,15,42571974,
SHROOM1,ENSG00000164403,0.292313766131883,0.317710080445693,0.176103619232206,0.000315857345984881,missense|LC,5132822689,5,132822689,
GCSAM,ENSG00000174500,0.292350748788457,0.171086099658663,0.287226519943683,-0.00160308093652772,missense|LC,3112123288,3,112123288,
AC004997.1,ENSG00000248751,0.292359320478827,0.489057075072891,0.170186882824064,0.00042338380822849,missense|LC,22030285575,22,30285575,
ITPRIP,ENSG00000148841,0.292411171207242,0.260798883052412,0.179740241264774,0.000479230686902869,missense|LC,10104312548,10,104312548,
CALHM6,ENSG00000188820,0.292538919330534,0.934936197907738,0.172953934509855,0.0000458874497983265,missense|LC,6116461342,6,116461342,
INS-IGF2,ENSG00000129965,0.292599178818973,0.169020624568491,0.324111765182753,-0.00165471787656745,missense|LC,11002147549,11,2147549,
EMILIN1,ENSG00000138080,0.292607265737355,0.659733095273562,0.163152517969934,-0.000199530706150914,missense|LC,2027078998,2,27078998,
PRORP,ENSG00000100890,0.292615767075323,0.221381378528498,0.176988672661807,0.000614691095935606,missense|LC,14035121819,14,35121819,
AL121594.1,ENSG00000258790,0.292615767075323,0.221381378528498,0.176988672661807,0.000614691095935606,missense|LC,14035121819,14,35121819,
TUBA3D,ENSG00000075886,0.292649094412793,0.713036336972093,0.173000087220953,0.000255916930177164,missense|LC,2131471963,2,131471963,
MFAP3L,ENSG00000198948,0.292658450455633,0.511571034280351,0.165723128148202,-0.000852824656447079,missense|LC,4169991291,4,169991291,
RABGAP1L,ENSG00000152061,0.292669427512648,0.303914240077,0.16807192441861,-0.000690443962653643,missense|LC,1174219083,1,174219083,
PPIE,ENSG00000084072,0.292785930653718,0.556560190081129,0.171539032048819,-0.000632203081842404,missense|LC,1039738786,1,39738786,
HDAC4,ENSG00000068024,0.292806990273142,0.654492368838305,0.173734951487995,0.000151707264749292,missense|LC,2239053006,2,239053006,
MCU,ENSG00000156026,0.292808615985134,0.194516759336229,0.493673061901594,-0.000600950392367107,missense|LC,10072692026,10,72692026,
SARDH,ENSG00000123453,0.292867966724872,0.170950452605088,0.449441687495165,-0.000404973636059213,missense|LC,9133658544,9,133658544,
TRPC1,ENSG00000144935,0.292957068861147,0.166575040703939,0.503956494863552,-0.00112039081771781,missense|LC,3142724461,3,142724461,
NIP7,ENSG00000132603,0.29299434886416,0.580619968336172,0.176671907597097,0.000556750768782088,missense|LC,16069334775,16,69334775,
MFSD14B,ENSG00000148110,0.29303380784732,0.183816929230418,0.596335365204834,-0.000964095556504026,missense|LC,9094374870,9,94374870,
SNRPN,ENSG00000128739,0.293068222276293,0.214666858209686,0.174364030359364,0.00263005686532939,missense|LC,15024909181,15,24909181,
SEC31B,ENSG00000075826,0.293085520767395,0.170932073166206,0.416989813954213,-0.000352784154567855,missense|LC,10100481782,10,100481782,
SRSF5,ENSG00000100650,0.293102672030824,0.19678440367977,0.184955448025784,0.00111025766434087,missense|LC,14069768045,14,69768045,
KLK13,ENSG00000167759,0.293409020035849,0.849470963700469,0.175292565115424,-0.000144889260653567,missense|LC,19051056515,19,51056515,
SAMD7,ENSG00000187033,0.293483162655677,0.169259298853165,0.690544750543995,0.00101553498820423,missense|LC,3169919457,3,169919457,
PPA1,ENSG00000180817,0.293521767519064,0.1677385015632,0.868795874442264,0.00173870269736288,missense|LC,10070203087,10,70203087,
RAPGEF6,ENSG00000158987,0.293658826031121,0.58188330453944,0.170948545260192,-0.000230807779019039,missense|LC,5131427201,5,131427201,
CDC42EP3,ENSG00000163171,0.293731571474186,0.194160177746105,0.185642454653222,0.00108423759234029,missense|LC,2037645764,2,37645764,
TEFM,ENSG00000172171,0.293828309041177,0.345840224078171,0.168713374657998,0.000836110465721009,missense|LC,17030893998,17,30893998,
LRRTM1,ENSG00000162951,0.293830771040447,0.182221996245698,0.869372875556969,0.000745855955317925,missense|LC,2080302138,2,80302138,
ZDHHC16,ENSG00000171307,0.293908388714896,0.16900577116999,0.320446601319351,0.00125019236298342,missense|LC,10097441176,10,97441176,
TGFBR3L,ENSG00000260001,0.293908697084377,0.866163122978245,0.181008776037978,-0.000102114811308159,missense|LC,19007911147,19,7911147,
GRHPR,ENSG00000137106,0.293962537390249,0.174843626436095,0.410542893266884,-0.000779223043620006,missense|LC,9037422698,9,37422698,
GRID2,ENSG00000152208,0.294010162316291,0.468872463669537,0.175186575206533,-0.00217434998295305,missense|LC,4092304624,4,92304624,
FASTK,ENSG00000164896,0.294034824597722,0.232664817751177,0.188732405053772,0.000552522673475345,missense|LC,7151071629,7,151071629,
DISP2,ENSG00000140323,0.294126337123786,0.169778707542434,0.4050026685253,0.000396104982391518,missense|LC,15040353248,15,40353248,
SGK1,ENSG00000118515,0.294135144777277,0.380800977857989,0.165302573315454,-0.000907038281823243,missense|LC,6134170202,6,134170202,
AL512506.3,ENSG00000281883,0.294178893568464,0.233404882215919,0.189795539384229,0.00186131022844429,missense|LC,13043880931,13,43880931,
BTBD17,ENSG00000204347,0.294231174261871,0.179553015533792,0.319648162156101,-0.000704689035869384,missense|LC,17074351750,17,74351750,
BPI,ENSG00000101425,0.294290824527488,0.506928356450802,0.181918372866503,-0.000247788129722789,missense|LC,20038304100,20,38304100,
PIWIL3,ENSG00000184571,0.294393554007291,0.177471613482394,0.36602732703388,0.000444737392228708,missense|LC,22024719424,22,24719424,
PHETA1,ENSG00000198324,0.294549531180551,0.181951094058062,0.385942813520127,-0.00079139459679916,missense|LC,12111362467,12,111362467,
INMT-MINDY4,ENSG00000254959,0.294617080174795,0.284715576763773,0.200836746737982,-0.00054072355754606,missense|LC,7030752022,7,30752022,
C5orf63,ENSG00000164241,0.294668750406982,0.182335933905801,0.405787335579588,-0.00251890234625859,missense|LC,5127051240,5,127051240,
NAT14,ENSG00000090971,0.294671015957651,0.173793430065581,0.323665317614954,-0.001077702023351,missense|LC,19055481075,19,55481075,
CHAD,ENSG00000136457,0.294745414030374,0.82406336448052,0.193282346107157,0.000117073854365219,missense|LC,17050460598,17,50460598,
ZNF492,ENSG00000229676,0.294747427542325,0.460510060640711,0.18042455954633,0.00022299753495661,missense|LC,19022653209,19,22653209,
DMRT3,ENSG00000064218,0.294804939733334,0.177535989387574,0.362897738247831,0.000416300477547095,missense|LC,9000976887,9,976887,
OR4D10,ENSG00000254466,0.294836001394501,0.32737465489102,0.172716387680042,-0.000678564194693901,missense|LC,11059477386,11,59477386,
GAMT,ENSG00000130005,0.294880671043821,0.3895109697446,0.186750035790726,0.000429217494568138,missense|LC,19001393178,19,1393178,
TAX1BP1,ENSG00000106052,0.29490149808689,0.582084589140464,0.196947269496296,-0.000212413232172649,missense|LC,7027748465,7,27748465,
RABEPK,ENSG00000136933,0.294982776814701,0.723169445107591,0.18048764739679,0.000146893165244068,missense|LC,9125202966,9,125202966,
TEX33,ENSG00000185264,0.295033330412858,0.978335566505541,0.171602494926214,-0.0000288884206313298,missense|LC,22036991113,22,36991113,
MAN1A1,ENSG00000111885,0.295104139045773,0.239709203200313,0.167399641557035,0.000888559283044423,missense|LC,6119179747,6,119179747,
OTOL1,ENSG00000182447,0.2951115134444,0.321554163323661,0.180260607764921,-0.000387473148381536,missense|LC,3161496735,3,161496735,
CCPG1,ENSG00000260916,0.295126196259658,0.654755087588342,0.179069290914015,0.000138449422695797,missense|LC,15055350678,15,55350678,
DLX3,ENSG00000064195,0.295144676971082,0.487072239126731,0.192689193607776,-0.000384616130915233,missense|LC,17049991449,17,49991449,
IRF5,ENSG00000128604,0.295185351118224,0.619995892142718,0.168342799621732,0.000452257130562353,missense|LC,7128942014,7,128942014,
ZNF780B,ENSG00000128000,0.295210813168138,0.171714673079796,0.497521028996881,-0.000525054030768762,missense|LC,19040024379,19,40024379,
PGAM2,ENSG00000164708,0.295264133179935,0.239562731973541,0.178030141921411,0.000590443819238783,missense|LC,7044057733,7,44057733,
NUP188,ENSG00000095319,0.29534717788913,0.172051743205288,0.700645912208535,-0.000451041878826125,missense|LC,9128945589,9,128945589,
PRICKLE1,ENSG00000139174,0.295369980991298,0.420012121038642,0.190710842718938,-0.000292664529121308,missense|LC,12042459714,12,42459714,
WDR3,ENSG00000065183,0.295389319281576,0.179669267070674,0.403303477461935,0.000495685651939524,missense|LC,1117933216,1,117933216,
LCP1,ENSG00000136167,0.295404965042032,0.681586952335641,0.195209553033141,0.000188202829521583,missense|LC,13046121030,13,46121030,
EPHB1,ENSG00000154928,0.29544578950576,0.919011135879175,0.182257813938509,0.0000803643578852224,missense|LC,3134795555,3,134795555,
SNRNP70,ENSG00000104852,0.295584949741588,0.169895257990537,0.641136342880561,0.00104596355533122,missense|LC,19049086304,19,49086304,
GUCD1,ENSG00000138867,0.295628100408284,0.914770682249076,0.172682358888605,0.0000977933976508164,missense|LC,22024542972,22,24542972,
BCL2L2-PABPN1,ENSG00000258643,0.295715441008231,0.178911847474195,0.409050573501915,0.00127896906566811,missense|LC,14023301953,14,23301953,
STK39,ENSG00000198648,0.295720500657053,0.673348964918359,0.177774598363868,-0.00212037896113265,missense|LC,2167955416,2,167955416,
FLNC,ENSG00000128591,0.295774309481603,0.515657600704025,0.168343634990775,0.000157408082372182,missense|LC,7128830580,7,128830580,
FGF9,ENSG00000102678,0.295783099659784,0.172044016094485,0.67886736415913,-0.00284284793665664,missense|LC,13021671827,13,21671827,
CREB1,ENSG00000118260,0.29584629474206,0.787295094707244,0.167185282264227,-0.000550017881078936,missense|LC,2207555607,2,207555607,
CEP76,ENSG00000101624,0.29586277258067,0.169528868796076,0.317661380731575,0.000913839187603186,missense|LC,18012672578,18,12672578,
ELOVL4,ENSG00000118402,0.29589687810772,0.208812473040483,0.408569418777431,0.00064253356345413,missense|LC,6079916510,6,79916510,
BSX,ENSG00000188909,0.295904720867397,0.194647129107492,0.338061725832588,-0.00117068592245446,missense|LC,11122977535,11,122977535,
DDX51,ENSG00000185163,0.295908538135567,0.64247514703335,0.183299644324557,-0.000111401306794094,missense|LC,12132139131,12,132139131,
CCDC22,ENSG00000101997,0.296024445603845,0.621919934557186,0.179848568252727,-0.000116998147170625,missense|LC,23049230474,X,49230474,
BUD13,ENSG00000137656,0.296074537780268,0.850026765077017,0.177699546507633,0.000072225174959213,missense|LC,11116748424,11,116748424,
CYP1B1,ENSG00000138061,0.296111392119211,0.183222379508996,0.747288003823307,-0.00050661274535382,missense|LC,2038066913,2,38066913,
PCDHB12,ENSG00000120328,0.296208425143801,0.718397383797664,0.17975329937801,-0.0000698783637559456,missense|LC,5141208838,5,141208838,
LPCAT3,ENSG00000111684,0.296230718423946,0.844652655697767,0.172431179097831,-0.000174041530911155,missense|LC,12006974306,12,6974306,
SH3BP5L,ENSG00000175137,0.296319489295692,0.172538186425441,0.463451862691818,0.00104846509439193,missense|LC,1248811847,1,248811847,
SELP,ENSG00000174175,0.296322169774551,0.580050448073398,0.168454126195108,0.000258996918048973,missense|LC,1169586133,1,169586133,
POLR1E,ENSG00000137054,0.296337632942418,0.178548409851361,0.425134484995733,0.000895398228426629,missense|LC,9037485936,9,37485936,
PRRC1,ENSG00000164244,0.296390793505534,0.175780169303629,0.268263183294943,0.000955856799007095,missense|LC,5127523456,5,127523456,
ZNF277,ENSG00000198839,0.296537293019693,0.168713284693671,0.365395932909346,-0.00129566452763424,missense|LC,7112206006,7,112206006,
NAP1L1,ENSG00000187109,0.296592584802422,0.172480535929175,0.655890723201478,-0.00155947774463255,missense|LC,12076031586,12,76031586,
CCDC6,ENSG00000108091,0.296636751140726,0.725127524017174,0.18773020410371,0.00022224894612507,missense|LC,10059792850,10,59792850,
PDE4B,ENSG00000184588,0.296667299932438,0.242425454028401,0.172225465620197,-0.00307350813874325,missense|LC,1065913252,1,65913252,
CFHR5,ENSG00000134389,0.296707439420064,0.184885624251117,0.602621841073684,0.000446360889003086,missense|LC,1196977621,1,196977621,
CADM1,ENSG00000182985,0.29674336821265,0.167908775022389,0.440737330844412,-0.00138530693012174,missense|LC,11115176312,11,115176312,
PRB4,ENSG00000230657,0.296844039019142,0.817612402855581,0.183091690006556,-0.0000827993337268831,missense|LC,12011308123,12,11308123,
PPRC1,ENSG00000148840,0.296895797354381,0.380268233877467,0.170158493837265,-0.000203088686369335,missense|LC,10102132912,10,102132912,
SUMO1,ENSG00000116030,0.296896159333898,0.213683043031647,0.1785324512259,0.00716660452241276,missense|LC,2202201235,2,202201235,
IFNE,ENSG00000184995,0.296919845576647,0.771351478199606,0.184302944771884,-0.000200954702335698,missense|LC,9021481013,9,21481013,
GOLGA8N,ENSG00000232653,0.296933897294276,0.210427085496427,0.182624365461299,0.00378492914305408,missense|LC,15032593437,15,32593437,
FOXG1,ENSG00000176165,0.296958792507748,0.43753225292226,0.168639907669641,0.000605413462921206,missense|LC,14028767170,14,28767170,
MC1R,ENSG00000258839,0.297123750420955,0.176652218554166,0.458060546145483,-0.000410313199143014,missense|LC,16089910510,16,89910510,
CXCL10,ENSG00000169245,0.297134719283091,0.332102562528643,0.246576442170845,-0.000576141756691905,missense|LC,4076021866,4,76021866,
SOX30,ENSG00000039600,0.297195563976549,0.18053196649713,0.270031400114584,0.000436297172598412,missense|LC,5157626267,5,157626267,
AMTN,ENSG00000187689,0.297208718098553,0.312355860140957,0.197406269287038,0.00064197120509796,missense|LC,4070518740,4,70518740,
C12orf54,ENSG00000177627,0.29721300643481,0.869698497781547,0.182996900388071,0.000188413763979904,missense|LC,12048483232,12,48483232,
TPTE,ENSG00000274391,0.297489517988739,0.609001129314359,0.18371074582313,-0.000176246992256353,missense|LC,21010538551,21,10538551,
TSC22D4,ENSG00000166925,0.297564804000448,0.183054889946908,0.434096851354109,0.000571583755698917,missense|LC,7100463307,7,100463307,
CARD9,ENSG00000187796,0.297589390524204,0.850468661045503,0.174204449545032,-0.0000829428434288618,missense|LC,9136361936,9,136361936,
FTMT,ENSG00000181867,0.297655796394979,0.184921989068277,0.956429768131589,0.000715244634084471,missense|LC,5121851849,5,121851849,
TARS3,ENSG00000185418,0.297842365624482,0.170171268350144,0.325695057287621,0.000702461003566565,missense|LC,15101649937,15,101649937,
ROR2,ENSG00000169071,0.297884635457544,0.597196085542342,0.176989126016189,0.000174387994934279,missense|LC,9091723535,9,91723535,
TRIT1,ENSG00000043514,0.29793732062479,0.332823239959663,0.188210113796544,-0.000439214590524816,missense|LC,1039841651,1,39841651,
CNOT9,ENSG00000144580,0.297947181719377,0.194160336460745,0.201757563581863,-0.00274781014893505,missense|LC,2218568853,2,218568853,
LYN,ENSG00000254087,0.297962724836916,0.383097081249821,0.173198948568319,-0.00115256287762076,missense|LC,8055941817,8,55941817,
INTS2,ENSG00000108506,0.297980016408497,0.172144192077691,0.340864452527983,-0.000683376752480024,missense|LC,17061861417,17,61861417,
GKAP1,ENSG00000165113,0.298081196912697,0.171500062791077,0.52148117007327,0.00173119016857985,missense|LC,9083739637,9,83739637,
AGRN,ENSG00000188157,0.298105540158204,0.40264206544775,0.172280601799415,0.000110593401273491,missense|LC,1001020132,1,1020132,
KIAA1522,ENSG00000162522,0.298165032045582,0.472600950646076,0.175266845601473,0.000179972076776355,missense|LC,1032741952,1,32741952,
RABIF,ENSG00000183155,0.298188877390154,0.515309151645015,0.172664740228373,0.00125592190627231,missense|LC,1202880618,1,202880618,
JAGN1,ENSG00000171135,0.298240023129186,0.311507270433082,0.173932243076557,-0.00110643295222756,missense|LC,3009890642,3,9890642,
CRAT,ENSG00000095321,0.298296391573845,0.176123285990637,0.283298761304729,0.000574339212332202,missense|LC,9129095314,9,129095314,
PARD6B,ENSG00000124171,0.298319789816956,0.275651822390624,0.201273191875841,-0.000513467970512124,missense|LC,20050731690,20,50731690,
TCHHL1,ENSG00000182898,0.298345221889953,0.231570151746411,0.176575913965016,0.000543841967819652,missense|LC,1152084881,1,152084881,
EMX2,ENSG00000170370,0.298370715187436,0.205275511285589,0.237355341934328,-0.00092809843227283,missense|LC,10117543186,10,117543186,
LRIG3,ENSG00000139263,0.298408928774787,0.276939543082735,0.168713739068392,0.000480413696219352,missense|LC,12058872455,12,58872455,
SIRT5,ENSG00000124523,0.298455641356899,0.945959045366899,0.17397770124389,-0.0000359345421274443,missense|LC,6013584068,6,13584068,
MRPL48,ENSG00000175581,0.298473369169842,0.203012448188326,0.220269670176751,0.00105930246072335,missense|LC,11073787857,11,73787857,
SLAMF6,ENSG00000162739,0.298503639706247,0.178728629972736,0.266282702618592,0.00149334168684902,missense|LC,1160486631,1,160486631,
CFTR,ENSG00000001626,0.298521538142361,0.176976348456947,0.421863650303553,-0.000227295486076744,missense|LC,7117480036,7,117480036,
ARX,ENSG00000004848,0.298645625500185,0.289442077917388,0.171759015709286,-0.0005624421552914,missense|LC,23025004529,X,25004529,
PRKAR2A,ENSG00000114302,0.298658618148285,0.573038356759603,0.179243945405441,0.000389166431815711,missense|LC,3048751469,3,48751469,
OR5L2,ENSG00000205030,0.298659326148524,0.215238818887336,0.192283895311861,0.000451563007190418,missense|LC,11055827122,11,55827122,
RELCH,ENSG00000134444,0.298726444688674,0.299816402009042,0.172920986392876,-0.000561228473051346,missense|LC,18062187412,18,62187412,
KXD1,ENSG00000105700,0.298796882199435,0.547803771536273,0.175504078297862,0.000836262758216624,missense|LC,19018561996,19,18561996,
UROD,ENSG00000126088,0.298876538890782,0.668448756239232,0.198449006749926,-0.000227513686215524,missense|LC,1045007262,1,45007262,
SEL1L2,ENSG00000101251,0.298920073858938,0.174930748785381,0.701062034675031,0.000941742985923325,missense|LC,20013849403,20,13849403,
DNTT,ENSG00000107447,0.298955644261751,0.94218425132044,0.180964395221868,-0.0000298210690826406,missense|LC,10096304394,10,96304394,
SLC13A5,ENSG00000141485,0.299126607215609,0.91581334047743,0.167858927525513,-0.0000755483370208869,missense|LC,17006686080,17,6686080,
LARP4,ENSG00000161813,0.299234895972778,0.211380409487799,0.181083770692754,0.00101727926893185,missense|LC,12050396207,12,50396207,
FGD2,ENSG00000146192,0.299243130834747,0.177541875883055,0.285294570327565,0.000417541116024129,missense|LC,6037005742,6,37005742,
NKG7,ENSG00000105374,0.299266164665022,0.246357091604921,0.176618375742442,0.000985738532690273,missense|LC,19051367071,19,51367071,
NCKAP5,ENSG00000176771,0.299410226976101,0.540325791688062,0.174802913838691,-0.00013590310831717,missense|LC,2132668287,2,132668287,
HCAR3,ENSG00000255398,0.299447839613101,0.615148927058018,0.17969338121976,0.00021977507862354,missense|LC,12122715484,12,122715484,
RBP3,ENSG00000265203,0.299514832824161,0.171572471383087,0.732574735718943,-0.000418874972366796,missense|LC,10047348386,10,47348386,
TNR,ENSG00000116147,0.299521978763427,0.874935641272979,0.177097441732268,-0.0000467545945421193,missense|LC,1175323233,1,175323233,
SQOR,ENSG00000137767,0.299535378730224,0.561642197263735,0.183228275053605,0.000336140115645457,missense|LC,15045658836,15,45658836,
CD300H,ENSG00000284690,0.299684728478475,0.194644788968843,0.225382218219125,0.00100134056518041,missense|LC,17074562792,17,74562792,
SNAPC3,ENSG00000164975,0.299750057319017,0.546872040583505,0.195804529804947,0.00026983456751465,missense|LC,9015422782,9,15422782,
ZFP41,ENSG00000181638,0.299760617144824,0.505431056068982,0.174887932019156,-0.000538640915872179,missense|LC,8143249692,8,143249692,
ZNF575,ENSG00000176472,0.299987191666755,0.64259048492415,0.176597802193074,0.000536732404957038,missense|LC,19043534345,19,43534345,
ARPC4,ENSG00000241553,0.300016063462488,0.476389042155373,0.17379521600987,0.00167303085126024,missense|LC,3009789442,3,9789442,
DNM2,ENSG00000079805,0.300077228281795,0.979838044816072,0.18262487743057,0.00000401810679624653,missense|LC,19010713081,19,10713081,
EIF3I,ENSG00000084623,0.300088000498593,0.561069828167029,0.174534827042739,-0.000821733077643224,missense|LC,1032217372,1,32217372,
SPRR3,ENSG00000163209,0.300141926662339,0.183621770996209,0.586241954453469,0.00147940909094722,missense|LC,1153002909,1,153002909,
ZNF488,ENSG00000265763,0.30020461020796,0.186354940500922,0.459568527321362,0.00046043854524755,missense|LC,10047367709,10,47367709,
RFPL3,ENSG00000128276,0.30022136345474,0.177568600381032,0.31160734202335,-0.000584207450271934,missense|LC,22032357790,22,32357790,
AQP5,ENSG00000161798,0.300236637316989,0.348322437502633,0.176825193464206,0.000551796094006598,missense|LC,12049961948,12,49961948,
PPP4C,ENSG00000149923,0.300274529082503,0.170433683172532,0.815888456586602,0.00322143109878962,missense|LC,16030076295,16,30076295,
LPCAT4,ENSG00000176454,0.300370739010981,0.173857010041946,0.795970211025165,-0.00111334855556542,missense|LC,15034353638,15,34353638,
AC104109.3,ENSG00000272772,0.300371656119007,0.182066865433561,0.615072707987947,0.00678605475802172,missense|LC,5134167155,5,134167155,
USP31,ENSG00000103404,0.300414393335071,0.193060782416071,0.203870435492409,-0.000387300305060224,missense|LC,16023067938,16,23067938,
XRCC6,ENSG00000196419,0.300451910879138,0.40764426952649,0.173913642309891,-0.000761688751514545,missense|LC,22041620670,22,41620670,
RAD21L1,ENSG00000244588,0.300528500131583,0.187685960194668,0.207504448496105,-0.00101525479433154,missense|LC,20001228386,20,1228386,
SPEN,ENSG00000065526,0.300755678071783,0.334529182683291,0.171246832717295,-0.000193648535607755,missense|LC,1015848002,1,15848002,
OR1N2,ENSG00000171501,0.300758306183497,0.18666619656726,0.227150353379537,0.00132798646439963,missense|LC,9122553126,9,122553126,
GALNT14,ENSG00000158089,0.300795352696474,0.223409452924632,0.184424507008962,-0.000474488077879964,missense|LC,2030910810,2,30910810,
TMIGD2,ENSG00000167664,0.300798611456172,0.300709325704068,0.174933659274609,0.000906566905205488,missense|LC,19004288129,19,4288129,
NTRK3,ENSG00000140538,0.300911978222717,0.174260471242428,0.415056825971095,0.00154923399675041,missense|LC,15087876851,15,87876851,
HOMER3,ENSG00000051128,0.300912368495056,0.185447248103119,0.653121562630116,-0.000546732481833103,missense|LC,19018924203,19,18924203,
INSR,ENSG00000171105,0.300940357629437,0.178092837520448,0.80420241632839,-0.000421742662643983,missense|LC,19007117013,19,7117013,
PPM1N,ENSG00000213889,0.300969645113082,0.213315196415596,0.187505421431821,0.00053449370804814,missense|LC,19045494035,19,45494035,
DDX43,ENSG00000080007,0.301105029209661,0.436967946166268,0.171625020314861,-0.000489279476452156,missense|LC,6073394774,6,73394774,
CSNK2B,ENSG00000204435,0.30115077675938,0.17220314716805,0.342019864173814,0.00459853017770999,missense|LC,6031662225,6,31662225,
HDLBP,ENSG00000115677,0.301266510471267,0.32103206413422,0.172318407007478,-0.000517402316690699,missense|LC,2241223118,2,241223118,
CNTNAP3B,ENSG00000154529,0.301472031638735,0.176212415831445,0.348677960803315,-0.000316620905003065,missense|LC,9041906685,9,41906685,
SH3GL1,ENSG00000141985,0.301542687979957,0.761671897188702,0.171706560893669,-0.000258338809632775,missense|LC,19004357153,19,4357153,
HSH2D,ENSG00000196684,0.301548855266758,0.928386673514139,0.189093029650458,-0.0000409893450321463,missense|LC,19016129476,19,16129476,
CENPI,ENSG00000102384,0.301601008785049,0.259991447629774,0.198628316875556,-0.000588820870404056,missense|LC,23101101088,X,101101088,
ERCC6,ENSG00000225830,0.301605255708795,0.406510951586832,0.175511202118816,-0.000185477240056629,missense|LC,10049458738,10,49458738,
PPCDC,ENSG00000138621,0.301692389409291,0.731387973945704,0.176707886110785,-0.000334388345159813,missense|LC,15075018750,15,75018750,
TEX29,ENSG00000153495,0.30179472741359,0.211799430534609,0.324772201646911,0.000626980242640907,missense|LC,13111320792,13,111320792,
CCDC9B,ENSG00000188549,0.301868760752424,0.182097342540585,0.661119229039855,-0.000486371433692098,missense|LC,15040335067,15,40335067,
PHF21B,ENSG00000056487,0.301887925387879,0.182461982315296,0.298941145906972,0.00069925589696082,missense|LC,22044882994,22,44882994,
PAICS,ENSG00000128050,0.301897515288887,0.22363466490353,0.193255223474848,0.000879116155232267,missense|LC,4056431369,4,56431369,
EPB41L3,ENSG00000082397,0.301900214934815,0.182074309926786,0.617841014913092,0.000530766278848819,missense|LC,18005394635,18,5394635,
RIT2,ENSG00000152214,0.301987408912182,0.819357960308995,0.172478849252096,-0.000547091563799244,missense|LC,18042743461,18,42743461,
TMEM115,ENSG00000126062,0.302057585858639,0.175636165339601,0.311554655321243,-0.00124274855618554,missense|LC,3050349751,3,50349751,
FZD3,ENSG00000104290,0.302082243708328,0.689651746206432,0.176971550884987,-0.000271265882205583,missense|LC,8028502980,8,28502980,
FAM135A,ENSG00000082269,0.302163045869272,0.932600090019925,0.17571421320754,0.0000317206235337817,missense|LC,6070412762,6,70412762,
FAIM,ENSG00000158234,0.302202805708126,0.174233086375182,0.894282794985741,-0.00174107108993344,missense|LC,3138610892,3,138610892,
R3HCC1,ENSG00000104679,0.302269120350344,0.595432294096904,0.170742409984363,0.000350822679655575,missense|LC,8023287868,8,23287868,
CPO,ENSG00000144410,0.302338783238711,0.176323025116179,0.783111267166695,-0.000987358419694241,missense|LC,2206939552,2,206939552,
DBNL,ENSG00000136279,0.302352633034623,0.304842907141019,0.180047113336771,-0.000560912405830821,missense|LC,7044040244,7,44040244,
C4orf3,ENSG00000164096,0.302380221870247,0.45248428829451,0.192167265728509,0.000404734092136732,missense|LC,4119292243,4,119292243,
SIPA1L3,ENSG00000105738,0.302426563617672,0.172302228780811,0.595713174856539,-0.000320159970023159,missense|LC,19038081484,19,38081484,
EPHA1,ENSG00000146904,0.302448237483764,0.694797442230463,0.173439469643215,0.000131270773587072,missense|LC,7143388110,7,143388110,
ZNF281,ENSG00000162702,0.302494457639611,0.17217526027657,0.410272568265168,-0.000675537372288076,missense|LC,1200406934,1,200406934,
C11orf88,ENSG00000183644,0.302542734680377,0.974262361098335,0.201931557944994,0.00000665287654873948,missense|LC,11111514726,11,111514726,
PPIAL4C,ENSG00000263464,0.302543623321611,0.634326447344087,0.192203677122969,-0.000278395976911623,missense|LC,1149583924,1,149583924,
SLC9A9,ENSG00000181804,0.302565054130471,0.360693317691684,0.174295637750423,0.000555033558665292,missense|LC,3143266625,3,143266625,
MOB2,ENSG00000182208,0.302568099546797,0.18664047493656,0.282720116913934,-0.000929785990556246,missense|LC,11001469978,11,1469978,
PARS2,ENSG00000162396,0.302576259478034,0.539794874444564,0.183019460404625,0.000391820390370207,missense|LC,1054757695,1,54757695,
KRT2,ENSG00000172867,0.302768222000859,0.181632027620753,0.800232724722205,0.000597791654704984,missense|LC,12052644941,12,52644941,
METTL15,ENSG00000169519,0.302944877146286,0.17584632214293,0.502334714025033,0.000935734460663077,missense|LC,11028113287,11,28113287,
B3GLCT,ENSG00000187676,0.302963930981782,0.193997920353492,0.219028016893289,0.000546495296785339,missense|LC,13031200020,13,31200020,
SMURF1,ENSG00000198742,0.303056299418606,0.178924063179698,0.376345753974195,0.000945848112055972,missense|LC,7099030528,7,99030528,
CROCC2,ENSG00000226321,0.303088646303475,0.959238142213406,0.174155498039154,-0.0000108369425366765,missense|LC,2240932779,2,240932779,
CYP26B1,ENSG00000003137,0.303093209979758,0.178134301772448,0.303403200416931,0.000801201164190273,missense|LC,2072132128,2,72132128,
RPP30,ENSG00000148688,0.303153270643711,0.183481937864403,0.441564581939146,-0.00108544281128797,missense|LC,10090871926,10,90871926,
AC037459.1,ENSG00000248235,0.303252024171776,0.197297392650209,0.717614530923992,-0.000466800582822985,missense|LC,8022584749,8,22584749,
NADK2,ENSG00000152620,0.303265297796618,0.752480665035782,0.188470336526946,0.000194515067117031,missense|LC,5036195046,5,36195046,
RBM28,ENSG00000106344,0.303298221221558,0.764578648585477,0.180718245004547,-0.0000879109076519894,missense|LC,7128310697,7,128310697,
MARCHF1,ENSG00000145416,0.303329579866025,0.428045171700305,0.174383035108674,-0.000830594595564553,missense|LC,4163528663,4,163528663,
SLC35A1,ENSG00000164414,0.303376373845144,0.749393777644976,0.206479492006665,-0.000202362415022,missense|LC,6087477317,6,87477317,
SDK1,ENSG00000146555,0.303429363779723,0.871681435834376,0.183439015499195,-0.0000402498057546934,missense|LC,7003301557,7,3301557,
RAET1G,ENSG00000203722,0.303534332402801,0.615516492509413,0.186235500666979,-0.000190436768220972,missense|LC,6149916796,6,149916796,
CENPW,ENSG00000203760,0.303536031101885,0.322176035429897,0.237194061269475,0.000607716189765628,missense|LC,6126340202,6,126340202,
PRKRIP1,ENSG00000128563,0.30355126996914,0.53722686073068,0.190636988133384,0.000553276301553142,missense|LC,7102366020,7,102366020,
CTAGE4,ENSG00000225932,0.303606462752508,0.204366397438792,0.460004273953274,-0.000721120230689406,missense|LC,7144184178,7,144184178,
YY1,ENSG00000100811,0.303611382792398,0.18750958496005,0.673772916350149,0.000808098188865649,missense|LC,14100239137,14,100239137,
CHST7,ENSG00000147119,0.303647277663625,0.174348169316801,0.428756275309437,-0.00105006659483678,missense|LC,23046573806,X,46573806,
YARS2,ENSG00000139131,0.303835338742577,0.216540141805232,0.186933017239424,-0.000691961243866337,missense|LC,12032742491,12,32742491,
GRIPAP1,ENSG00000068400,0.303969536627102,0.197749337686446,0.470415276382074,0.000435134787765676,missense|LC,23048969102,X,48969102,
APOC3,ENSG00000110245,0.304036530509786,0.937627600272622,0.180260526453267,0.000122144455205631,missense|LC,11116830486,11,116830486,
KIAA1549,ENSG00000122778,0.304238297901202,0.231272434806137,0.175227721290594,0.000292920889605764,missense|LC,7138837804,7,138837804,
MEGF9,ENSG00000106780,0.304321672846291,0.894809197098442,0.173105260770425,-0.0000729520259312427,missense|LC,9120605102,9,120605102,
PDYN,ENSG00000101327,0.304340800867961,0.667332533916454,0.209621564595518,0.000214813724597585,missense|LC,20001980253,20,1980253,
C1orf122,ENSG00000197982,0.304370079224902,0.959893869438855,0.178765402732993,-0.0000710272852704176,missense|LC,1037803837,1,37803837,
SEPTIN3,ENSG00000100167,0.304371322621042,0.796960553398001,0.173377042818794,0.000342275505696307,missense|LC,22041976973,22,41976973,
CYREN,ENSG00000122783,0.304403676774972,0.960056443185788,0.192809447012822,0.0000382549755416111,missense|LC,7135166461,7,135166461,
IGFLR1,ENSG00000126246,0.304565717026236,0.723761366374793,0.182606088415509,0.000113472180306377,missense|LC,19035733803,19,35733803,
GRK2,ENSG00000173020,0.304582897837822,0.185847566275559,0.250108523799475,0.00122140293593516,missense|LC,11067266649,11,67266649,
LHX8,ENSG00000162624,0.304588239267735,0.19678690475897,0.470280749211848,0.00101345247273123,missense|LC,1075130674,1,75130674,
CT45A10,ENSG00000269586,0.304667540228351,0.181543685816353,0.630552674168827,0.000748343078961464,missense|LC,23135882528,X,135882528,
OGG1,ENSG00000114026,0.30473682066418,0.185652108007274,0.89857401930169,0.000438789400192099,missense|LC,3009744944,3,9744944,
REC8,ENSG00000100918,0.304778533851711,0.827637206316002,0.182820089130857,0.0000956795820464026,missense|LC,14024172473,14,24172473,
CINP,ENSG00000100865,0.304963342838591,0.570873080768118,0.177215041782066,-0.000668380202889532,missense|LC,14102348482,14,102348482,
DDIT4,ENSG00000168209,0.304973795491535,0.246193946716667,0.177305918885593,0.0014318396054633,missense|LC,10072274165,10,72274165,
ZFY,ENSG00000067646,0.304984415657419,0.466884042794469,0.197609290305425,-0.000422187522737354,missense|LC,24002953966,Y,2953966,
TMEM14B,ENSG00000137210,0.305016885391922,0.451121842748595,0.204298241323181,-0.000374065133341274,missense|LC,6010749166,6,10749166,
MTUS1,ENSG00000129422,0.305032857660873,0.234531562926791,0.178246907296983,0.00025183742599535,missense|LC,8017642584,8,17642584,
AC093525.1,ENSG00000259784,0.305063371185907,0.414314372350316,0.194657303689637,-0.000536955442772754,missense|LC,16002514020,16,2514020,
TCF7L1,ENSG00000152284,0.305099364874169,0.402115225855895,0.19307217195731,0.000380315199646386,missense|LC,2085133642,2,85133642,
EGFLAM,ENSG00000164318,0.305112264473013,0.176307433227705,0.790311953083291,-0.000458607200975697,missense|LC,5038258656,5,38258656,
GBP7,ENSG00000213512,0.305130831577082,0.176166356732029,0.983823660608232,0.000855173377034746,missense|LC,1089132085,1,89132085,
AC000120.4,ENSG00000285953,0.305161142256481,0.181656649673104,0.444113458034925,0.000798583619743861,missense|LC,7092127433,7,92127433,
ZBED2,ENSG00000177494,0.305181907220427,0.906531361566759,0.203029726202054,0.0000580557094546044,missense|LC,3111593425,3,111593425,
SCGB1C1,ENSG00000188076,0.305187065473544,0.193290073066762,0.784532521399308,-0.00231389680549153,missense|LC,11000193065,11,193065,
FOXL2,ENSG00000183770,0.305281501339078,0.183778200304033,0.613590040736946,0.000799390210105251,missense|LC,3138945434,3,138945434,
KLHL5,ENSG00000109790,0.305303042444227,0.178324777562778,0.813663627257167,-0.00081973045633933,missense|LC,4039062233,4,39062233,
DDX25,ENSG00000109832,0.305453081374039,0.47572064753012,0.189761971949846,0.000351590310992296,missense|LC,11125899509,11,125899509,
RIPPLY1,ENSG00000147223,0.305464946665777,0.806276311440316,0.19228044175075,0.000170859001569252,missense|LC,23106900604,X,106900604,
ARV1,ENSG00000173409,0.305480213923101,0.196781002496087,0.269474788445581,-0.000539562395655206,missense|LC,1230978572,1,230978572,
IQCH,ENSG00000103599,0.305513619309067,0.819752538920184,0.175518519518705,-0.0000984358696424886,missense|LC,15067254329,15,67254329,
DISP1,ENSG00000154309,0.305564556674328,0.703300568469863,0.177465046933099,0.000489288525975009,missense|LC,1222942711,1,222942711,
TCEA1,ENSG00000187735,0.305614878827417,0.197316991010561,0.248967924752227,0.000724162035745285,missense|LC,8053968025,8,53968025,
IMPA2,ENSG00000141401,0.305682655592826,0.699754586391771,0.210835794164665,-0.000328601360994306,missense|LC,18011981607,18,11981607,
PACRGL,ENSG00000163138,0.305706521121492,0.581054838324885,0.199033715559016,-0.000272441934160592,missense|LC,4020704393,4,20704393,
SLC6A2,ENSG00000103546,0.305729542583268,0.257137557971185,0.175831509390906,-0.000724661374238073,missense|LC,16055656648,16,55656648,
SLC16A14,ENSG00000163053,0.305796600696188,0.399464057220205,0.18956247202933,0.000533553065339419,missense|LC,2230037297,2,230037297,
RGPD4,ENSG00000196862,0.30585580375652,0.176641474131823,0.335101603489755,-0.000236866102101616,missense|LC,2107826826,2,107826826,
DLST,ENSG00000119689,0.305866915879631,0.384695927644037,0.177059685628201,-0.000573702104750085,missense|LC,14074881858,14,74881858,
CNN3,ENSG00000117519,0.305941840164046,0.274580767905581,0.181571918185536,0.00142273577225608,missense|LC,1094892215,1,94892215,
CYP27B1,ENSG00000111012,0.3059423153513,0.939442308325646,0.182283250792753,-0.0000403625164629434,missense|LC,12057758029,12,57758029,
ACOT1,ENSG00000184227,0.306002908812099,0.192243366625948,0.568274235797091,-0.000760323667351338,missense|LC,14073537387,14,73537387,
FMN2,ENSG00000155816,0.306017217178633,0.413118869812854,0.178411535387521,0.000209337124352059,missense|LC,1240091946,1,240091946,
LIPI,ENSG00000188992,0.306107388848948,0.638293513226125,0.18248188081489,0.000321702293821302,missense|LC,21014108890,21,14108890,
FSD1L,ENSG00000106701,0.306125545049264,0.204959522196566,0.375855533365353,0.000454024814983167,missense|LC,9105448138,9,105448138,
TCTEX1D1,ENSG00000152760,0.306147891864583,0.180152160683175,0.465881287114816,-0.00202897693770726,missense|LC,1066752397,1,66752397,
C9,ENSG00000113600,0.306210319294893,0.922521345590137,0.184951778288289,-0.0000295467162736104,missense|LC,5039285152,5,39285152,
FBXO7,ENSG00000100225,0.306276894954727,0.921060471523545,0.181462869522422,-0.0000536210529167928,missense|LC,22032474913,22,32474913,
CLHC1,ENSG00000162994,0.306397670370069,0.376455854407661,0.184256350454419,-0.000403901896833682,missense|LC,2055175745,2,55175745,
SH2B3,ENSG00000111252,0.306744111242937,0.900189668398727,0.178662437355298,-0.0000384448489539617,missense|LC,12111418065,12,111418065,
C11orf86,ENSG00000173237,0.306876849960669,0.766856919393286,0.189340103803837,-0.000273418250056032,missense|LC,11066975233,11,66975233,
JRK,ENSG00000234616,0.306966334998139,0.702643518888792,0.197423758375742,-0.000162387553500772,missense|LC,8142658687,8,142658687,
PTPRO,ENSG00000151490,0.30697681178582,0.53712678458398,0.178264098289128,-0.000250335197985809,missense|LC,12015322662,12,15322662,
GATD1,ENSG00000177225,0.307065571538731,0.177571668096777,0.503398131385879,0.00118929059640121,missense|LC,11000763315,11,763315,
IPO5,ENSG00000065150,0.307094465344456,0.209598654502128,0.18422172625672,-0.00130825338762892,missense|LC,13097969732,13,97969732,
NECAP1,ENSG00000089818,0.307156287668598,0.694159544959065,0.176701972472305,0.000494774552663873,missense|LC,12008081286,12,8081286,
CCDC190,ENSG00000185860,0.307157153104265,0.525908531500179,0.205277692413256,-0.000284227486612083,missense|LC,1162854283,1,162854283,
PTGES2,ENSG00000148334,0.307236193365348,0.201084430588459,0.338499036983375,0.000621353846582957,missense|LC,9128121031,9,128121031,
AC138696.1,ENSG00000264668,0.307246384477574,0.549754534465498,0.179211282742332,-0.000479187876314209,missense|LC,8143249692,8,143249692,
ABCC10,ENSG00000124574,0.307279139061561,0.483326883964343,0.178039383442707,-0.000159973034581086,missense|LC,6043427879,6,43427879,
PHOSPHO2,ENSG00000144362,0.307462129690032,0.230732388547996,0.179184926683654,0.00148538048430693,missense|LC,2169694196,2,169694196,
LPCAT1,ENSG00000153395,0.307486348884288,0.756547323584164,0.177469883025349,-0.000201106919610144,missense|LC,5001463561,5,1463561,
CLEC2D,ENSG00000069493,0.307621122320287,0.533358688635634,0.183994361703922,0.000633416941243654,missense|LC,12009669691,12,9669691,
HES2,ENSG00000069812,0.307698146977593,0.175763619695218,0.365516674945019,-0.00185123275551746,missense|LC,1006418769,1,6418769,
BPIFB6,ENSG00000167104,0.307801993425888,0.194413980392028,0.382411872387436,0.000517457804588416,missense|LC,20033031584,20,33031584,
TXNDC17,ENSG00000129235,0.307899051598139,0.313809688043095,0.229376847768529,-0.000547033471493653,missense|LC,17006640953,17,6640953,
FPGT,ENSG00000254685,0.307987426881295,0.268433891797216,0.188933879744737,0.000440846994345566,missense|LC,1074198087,1,74198087,
RCCD1,ENSG00000166965,0.307989162940742,0.539369772608209,0.183374391538842,-0.000361805540481898,missense|LC,15090950074,15,90950074,
PPIB,ENSG00000166794,0.30806006448703,0.177110120984392,0.630072204112874,0.00160500068051803,missense|LC,15064151691,15,64151691,
GBP1,ENSG00000117228,0.308121185260568,0.178791493738532,0.710888527087792,-0.000645650243376509,missense|LC,1089053301,1,89053301,
NACC2,ENSG00000148411,0.308138079727714,0.258029699841157,0.194620834275847,0.000480091296493604,missense|LC,9136011413,9,136011413,
SLC6A20,ENSG00000163817,0.308179622557507,0.186900134429297,0.481464778469897,-0.000505903395777535,missense|LC,3045758346,3,45758346,
STAT5A,ENSG00000126561,0.308185123473077,0.176100923396137,0.913787245648382,-0.000861984804745462,missense|LC,17042289292,17,42289292,
CCDC173,ENSG00000154479,0.308401691764447,0.671254825424341,0.178762472733786,-0.0002433629284095,missense|LC,2169645808,2,169645808,
PBOV1,ENSG00000254440,0.308785716496516,0.925698213973934,0.183475948269578,-0.000107350254844155,missense|LC,6138217854,6,138217854,
KCTD9,ENSG00000104756,0.308804394215519,0.968721901187615,0.174213739333519,-0.0000987842422120754,missense|LC,8025423154,8,25423154,
SLC10A3,ENSG00000126903,0.308865576069293,0.542847377171399,0.179511891155573,-0.000394185807285899,missense|LC,23154485498,X,154485498,
PNRC2,ENSG00000189266,0.308927775753508,0.44753452161295,0.200612681270971,0.000533276782738374,missense|LC,1023961392,1,23961392,
SIGIRR,ENSG00000185187,0.30918253345761,0.192745242852691,0.462926810333691,0.000559779862108742,missense|LC,11000400716,11,400716,
MSH2,ENSG00000095002,0.30919825124281,0.861506994072661,0.173005305181671,-0.0000786265518236408,missense|LC,2047403102,2,47403102,
WAPL,ENSG00000062650,0.309230115977664,0.640197145577846,0.182203252619459,0.000214960184095289,missense|LC,10086437465,10,86437465,
CLCA2,ENSG00000137975,0.309267162318251,0.185008501193479,0.352453684245631,0.000400847266436488,missense|LC,1086424163,1,86424163,
RBP5,ENSG00000139194,0.309283028868108,0.177803055567876,0.966697872313168,0.00228871496814856,missense|LC,12007124052,12,7124052,
USH1G,ENSG00000182040,0.3093591965954,0.190142314308147,0.334683187089767,0.000590258238399771,missense|LC,17074917965,17,74917965,
SMARCC2,ENSG00000139613,0.309381863207153,0.681948525452328,0.175837824237401,0.000243956603409083,missense|LC,12056157395,12,56157395,
NAA80,ENSG00000243477,0.309405904135287,0.598588957542965,0.194791682859656,-0.000184426372205168,missense|LC,3050292113,3,50292113,
ATP6V1D,ENSG00000100554,0.309462100029962,0.572797261086076,0.212859201589505,-0.000413662276095091,missense|LC,14067332877,14,67332877,
COQ7,ENSG00000167186,0.309541742622322,0.735396481828853,0.177519741827005,0.000311754038750067,missense|LC,16019067574,16,19067574,
RAMP2,ENSG00000131477,0.309567989384586,0.288252109644405,0.177257559190848,-0.00216894697684635,missense|LC,17042761211,17,42761211,
C19orf71,ENSG00000183397,0.309677079966493,0.569323243080508,0.182690873825285,0.000201745456086503,missense|LC,19003534410,19,3534410,
TIMM23,ENSG00000265354,0.309748448305595,0.179522472119771,0.535239653393339,0.00226434928886989,missense|LC,10045971897,10,45971897,
CSTL1,ENSG00000125823,0.309775127887536,0.208856970586104,0.198803862701962,0.00155703070557884,missense|LC,20023440192,20,23440192,
RPH3A,ENSG00000089169,0.30995844363806,0.178492336700142,0.572154922841294,0.000622549114098414,missense|LC,12112828269,12,112828269,
KCTD10,ENSG00000110906,0.310063979840284,0.777180774951892,0.178688796522995,0.000331599244568265,missense|LC,12109443656,12,109443656,
ANO3,ENSG00000134343,0.310130330152472,0.448565861910944,0.195307370631267,0.000307245605549421,missense|LC,11026332037,11,26332037,
ZNF587,ENSG00000198466,0.310132520162409,0.239375398438136,0.186347865242467,-0.000315719948128385,missense|LC,19057849684,19,57849684,
CORO1A,ENSG00000102879,0.310141596753406,0.260127065788282,0.197941108442562,0.000631511566150934,missense|LC,16030185134,16,30185134,
TMED10,ENSG00000170348,0.310145337368881,0.335947714869659,0.200339078576463,0.00118799591882046,missense|LC,14075126630,14,75126630,
MROH2A,ENSG00000185038,0.310266561126485,0.179299852055514,0.708214808477361,-0.000284838882891653,missense|LC,2233772116,2,233772116,
ZFAND5,ENSG00000107372,0.310269829025095,0.606117656515128,0.177274469977462,-0.0011450031297576,missense|LC,9072355878,9,72355878,
TCEAL2,ENSG00000184905,0.310288354668808,0.222142254382213,0.189207031843718,0.000798359512555341,missense|LC,23102126359,X,102126359,
DDC,ENSG00000132437,0.310519926344103,0.71687273686135,0.177420225946566,0.000282937499367903,missense|LC,7050463152,7,50463152,
ZNF254,ENSG00000213096,0.310555094000983,0.427098626570592,0.179173983510437,0.000258384425518923,missense|LC,19024087193,19,24087193,
OSBPL11,ENSG00000144909,0.310637926510775,0.180178415354518,0.343067648121084,0.000879137225498135,missense|LC,3125530452,3,125530452,
IL12A,ENSG00000168811,0.310645330470495,0.198583132732083,0.665590046682462,-0.00112153746175068,missense|LC,3159989018,3,159989018,
TDG,ENSG00000139372,0.310701330282109,0.848868088323506,0.186788254197712,-0.00014521334786936,missense|LC,12103965894,12,103965894,
MRPL40,ENSG00000185608,0.310754029003395,0.195400810119068,0.305136207762651,0.00102431652320912,missense|LC,22019431349,22,19431349,
ZNF624,ENSG00000197566,0.310762817904554,0.180418536647314,0.509978192246375,0.00104335012230893,missense|LC,17016616874,17,16616874,
KCNH4,ENSG00000089558,0.310777114129808,0.180124935434973,0.538519488457677,-0.000601476808390009,missense|LC,17042159968,17,42159968,
MEGF8,ENSG00000105429,0.31097308102198,0.183075248835157,0.432848595759071,0.000248890975707425,missense|LC,19042323510,19,42323510,
ACSM5,ENSG00000183549,0.310984869719256,0.562170855936876,0.187935731696716,0.000114318586633206,missense|LC,16020411407,16,20411407,
ZNF592,ENSG00000166716,0.311037814289666,0.184596799563499,0.80913190494279,0.000463999551996774,missense|LC,15084782596,15,84782596,
HELZ2,ENSG00000130589,0.311090147992873,0.210305964532489,0.191758091823547,-0.000209453759802884,missense|LC,20063555505,20,63555505,
STX4,ENSG00000103496,0.31109250406725,0.272831534310162,0.183356506454942,0.000952315317745518,missense|LC,16031033423,16,31033423,
TMA16,ENSG00000198498,0.311154106581745,0.783823616476917,0.193379859174384,-0.000239670520026499,missense|LC,4163494687,4,163494687,
AC011530.1,ENSG00000268434,0.311165391304756,0.522846660383224,0.185184864873635,-0.00106726669421673,missense|LC,19045774901,19,45774901,
ATP11B,ENSG00000058063,0.311234202764919,0.179037382111073,0.843524761111128,0.000648106697415044,missense|LC,3182793701,3,182793701,
CD79B,ENSG00000007312,0.311237465154661,0.437247776613851,0.180780655230111,0.000967426219155553,missense|LC,17063929201,17,63929201,
TMEM117,ENSG00000139173,0.311239828013953,0.834300289543657,0.214212122809392,0.000198694793314856,missense|LC,12043844558,12,43844558,
SIN3B,ENSG00000127511,0.311259681163641,0.435707486374037,0.18956239159594,-0.000259214159865501,missense|LC,19016829335,19,16829335,
CDK19,ENSG00000155111,0.311268520134791,0.65307725775592,0.176517019883187,-0.00073803196888995,missense|LC,6110614453,6,110614453,
PTK2B,ENSG00000120899,0.311310371206146,0.185832327268275,0.395427956746435,0.000416159250365932,missense|LC,8027310702,8,27310702,
ADRA1D,ENSG00000171873,0.311334780207577,0.538755753586045,0.187240216078948,0.000187453840855146,missense|LC,20004221429,20,4221429,
OSBPL5,ENSG00000021762,0.31135105449149,0.1885779759426,0.623557387878605,0.000425054727138466,missense|LC,11003088113,11,3088113,
VASN,ENSG00000168140,0.311450265081479,0.200914516399856,0.222727430601948,-0.000421491871751868,missense|LC,16004380768,16,4380768,
SYNRG,ENSG00000275066,0.311710869079618,0.188409428611581,0.703622886267528,-0.000374349304706019,missense|LC,17037512204,17,37512204,
DMBT1,ENSG00000187908,0.311809638972495,0.667016080087454,0.177695787383942,-0.0000768305319794534,missense|LC,10122560716,10,122560716,
HMGCS1,ENSG00000112972,0.311811741553672,0.194490624783637,0.351028963276587,0.00142765389011092,missense|LC,5043291118,5,43291118,
CKAP5,ENSG00000175216,0.311864702089646,0.178715059718945,0.557908081089231,0.000586278867367535,missense|LC,11046738970,11,46738970,
FABP4,ENSG00000170323,0.311867236774361,0.516456601454063,0.2330672869049,-0.000621803493701813,missense|LC,8081478802,8,81478802,
PPP2R3B,ENSG00000167393,0.311928944205447,0.178925920868187,0.789680136488815,0.0005536119647593,missense|LC,23000334248,X,334248,
ZDHHC24,ENSG00000174165,0.311983659402073,0.680843201037012,0.181169106576505,0.000375729034598642,missense|LC,11066530780,11,66530780,
SMCO3,ENSG00000179256,0.312148059571397,0.403252368654511,0.193968749651095,0.000546667569041763,missense|LC,12014799651,12,14799651,
BUD23,ENSG00000071462,0.312202826706801,0.697002111590166,0.189559710351172,0.000354303421914917,missense|LC,7073682632,7,73682632,
KMT2A,ENSG00000118058,0.312272275533991,0.855225514859286,0.178685827270275,0.0000470417248749606,missense|LC,11118436448,11,118436448,
ROGDI,ENSG00000067836,0.312274190716792,0.376553996366303,0.204966574859011,-0.000450497976798504,missense|LC,16004795601,16,4795601,
IL6,ENSG00000136244,0.31231077283723,0.240971664952554,0.344029066465317,-0.000627486486650991,missense|LC,7022727187,7,22727187,
C3orf38,ENSG00000179021,0.312316464014996,0.183755878012638,0.447966053186754,0.00103676947655422,missense|LC,3088149942,3,88149942,
DHRS4L2,ENSG00000187630,0.312397046390536,0.933436738493801,0.191295518365426,0.0000323734190208343,missense|LC,14023988706,14,23988706,
REG1A,ENSG00000115386,0.312476422257683,0.813983860821752,0.182761595671429,-0.0003607461098114,missense|LC,2079120804,2,79120804,
POC1B,ENSG00000139323,0.312506450018935,0.186525644213781,0.232048456461576,0.00100636767340581,missense|LC,12089421099,12,89421099,
CHKB,ENSG00000100288,0.312530200848355,0.212769750029756,0.208194427384913,-0.00050183488916625,missense|LC,22050574282,22,50574282,
ZNF280C,ENSG00000056277,0.312576037960187,0.178835176834738,0.699909257329105,-0.00107490195143127,missense|LC,23130204915,X,130204915,
VWDE,ENSG00000146530,0.312718498938868,0.504677352077781,0.179613938540919,0.000153340698061588,missense|LC,7012331117,7,12331117,
EFHC1,ENSG00000096093,0.312759505509707,0.183046162027938,0.39035379660771,0.00066120253617112,missense|LC,6052420312,6,52420312,
OR1K1,ENSG00000165204,0.312796456161524,0.190628879003809,0.35660122480266,0.000511556261081389,missense|LC,9122800098,9,122800098,
SMC5,ENSG00000198887,0.312796669641229,0.17806148780938,0.602555859951868,0.000685931370364652,missense|LC,9070258963,9,70258963,
SIGLEC7,ENSG00000168995,0.312798607467459,0.18986621088612,0.258873322523441,-0.00075165152418536,missense|LC,19051142254,19,51142254,
VPS13A,ENSG00000197969,0.31281247315194,0.839887127553615,0.179752575808594,-0.0000469086629980654,missense|LC,9077177642,9,77177642,
C2orf66,ENSG00000187944,0.312868972171631,0.668493040408288,0.189912125608694,-0.000665361392959524,missense|LC,2196799469,2,196799469,
SDS,ENSG00000135094,0.312914723530104,0.958338645094966,0.196410629527999,0.0000230106772546863,missense|LC,12113387656,12,113387656,
DCK,ENSG00000156136,0.313010987449712,0.231790751305703,0.185478347582288,0.00244663183761962,missense|LC,4070993788,4,70993788,
ZAP70,ENSG00000115085,0.31302939307392,0.69882201057878,0.180697395707221,-0.000276292200936819,missense|LC,2097723913,2,97723913,
MRPL30,ENSG00000185414,0.313056594806943,0.322435625163964,0.238485683523303,-0.000510670220910933,missense|LC,2099180772,2,99180772,
NCR2,ENSG00000096264,0.313060705067976,0.183023486816531,0.329452071115749,-0.00107707897131299,missense|LC,6041335790,6,41335790,
TMEM165,ENSG00000134851,0.313084153756954,0.956467475333126,0.179892491548554,0.0000677189500339019,missense|LC,4055396101,4,55396101,
SLC3A1,ENSG00000138079,0.31314873586468,0.680143698094108,0.187801337515759,-0.000134187504353187,missense|LC,2044270564,2,44270564,
PKD1L1,ENSG00000158683,0.313180846877143,0.188687850263638,0.687481528456782,0.000180116563246633,missense|LC,7047775064,7,47775064,
RASGRP1,ENSG00000172575,0.313295937981877,0.179877934676871,0.32507975601611,0.000871278966821549,missense|LC,15038484184,15,38484184,
FGF19,ENSG00000162344,0.31333074907764,0.978694305908409,0.186651589459143,0.0000152941306908337,missense|LC,11069699216,11,69699216,
FABP9,ENSG00000205186,0.313357946364856,0.188803770262941,0.84887447572491,0.00124799171853541,missense|LC,8081458343,8,81458343,
GEMIN6,ENSG00000152147,0.31359221615998,0.958463327653181,0.181622148644707,-0.0000626793934526497,missense|LC,2038778907,2,38778907,
C9orf16,ENSG00000171159,0.313614922385175,0.512950809234265,0.186285821591252,-0.000991343348602681,missense|LC,9128160350,9,128160350,
CASP8,ENSG00000064012,0.313670883165716,0.180238492816328,0.495454418137703,0.00114819522662857,missense|LC,2201258148,2,201258148,
SPINK2,ENSG00000128040,0.313710691110136,0.452018600849914,0.191597376295514,0.000739048826465024,missense|LC,4056809923,4,56809923,
PPARG,ENSG00000132170,0.313744701388193,0.201553224789521,0.219992737557527,0.00162282750027137,missense|LC,3012351557,3,12351557,
SPTAN1,ENSG00000197694,0.313793381984913,0.202038711176081,0.19273097409283,0.000452373446735914,missense|LC,9128566750,9,128566750,
STRC,ENSG00000242866,0.313902081326786,0.186662844429184,0.828906342730802,-0.000505756781854817,missense|LC,15043596343,15,43596343,
VKORC1L1,ENSG00000196715,0.313929236897805,0.963336848844669,0.184812099339338,0.0000499053764048171,missense|LC,7065873376,7,65873376,
TMEM62,ENSG00000137842,0.313932058717522,0.185089327487553,0.766137991298402,-0.000760344714520787,missense|LC,15043131483,15,43131483,
AP3B1,ENSG00000132842,0.31393468717456,0.315983940846468,0.201609175692731,0.000316695931488668,missense|LC,5078002815,5,78002815,
NCS1,ENSG00000107130,0.314040130323981,0.958967112328637,0.189450053115355,0.000086971382518581,missense|LC,9130172606,9,130172606,
TECPR2,ENSG00000196663,0.314055040412106,0.576644811452243,0.191063549434127,-0.000140696250459727,missense|LC,14102359368,14,102359368,
CCZ1,ENSG00000122674,0.314349050024249,0.673249670605012,0.190254877515535,0.00024204152960123,missense|LC,7005900160,7,5900160,
CYP2W1,ENSG00000073067,0.314392525876703,0.19266157123067,0.462663074837213,-0.000403992682965583,missense|LC,7000983125,7,983125,
CTDNEP1,ENSG00000175826,0.31443547022903,0.200920851894107,0.688655369617011,-0.00215939988444546,missense|LC,17007238594,17,7238594,
STRA6,ENSG00000137868,0.314477393801657,0.185113158596117,0.271029030157279,0.000492161651359293,missense|LC,15074174975,15,74174975,
SLC4A4,ENSG00000080493,0.31449299895806,0.188411829662486,0.302484125120851,0.00045516839203435,missense|LC,4071233195,4,71233195,
C20orf173,ENSG00000125975,0.314511796228475,0.714721062630568,0.179558048477713,-0.000560437581188857,missense|LC,20035528179,20,35528179,
GRM8,ENSG00000179603,0.314561182051943,0.759447660000403,0.178065422140119,0.000226936631409435,missense|LC,7126439099,7,126439099,
SLC37A1,ENSG00000160190,0.31457506413492,0.193594788251144,0.260152427627243,-0.000570831589455838,missense|LC,21042518354,21,42518354,
ARHGAP28,ENSG00000088756,0.314649755126981,0.870297691035348,0.181767790473715,-0.0000944098095358444,missense|LC,18006837151,18,6837151,
LRATD2,ENSG00000168672,0.314666331745001,0.800632140930492,0.178163946806106,-0.00027654186484797,missense|LC,8126556347,8,126556347,
AC008982.1,ENSG00000268083,0.314783676529442,0.239048192782722,0.182787457964747,0.00141207100701655,missense|LC,19038812480,19,38812480,
NUDCD3,ENSG00000015676,0.314893162093813,0.39451862912379,0.181552574659417,-0.000607528818876187,missense|LC,7044386011,7,44386011,
SHISA8,ENSG00000234965,0.315050530979719,0.972719206101325,0.194546067134871,0.0000079208648944848,missense|LC,22041904810,22,41904810,
DCST1,ENSG00000163357,0.315111489927677,0.180165670612074,0.374703014656241,0.000667671132714789,missense|LC,1155029132,1,155029132,
KCNK15,ENSG00000124249,0.315120213508268,0.342594389042579,0.203350419178051,0.000530281185794187,missense|LC,20044745803,20,44745803,
GPATCH1,ENSG00000076650,0.315135279586874,0.257193695645342,0.181130597107289,-0.000524528470681217,missense|LC,19033081113,19,33081113,
STN1,ENSG00000107960,0.315136002498124,0.191207905458657,0.820602225242321,0.00102752719553408,missense|LC,10103882591,10,103882591,
RESP18,ENSG00000182698,0.315158724389804,0.406527018743426,0.208648130273517,-0.000493815309260596,missense|LC,2219327449,2,219327449,
POU2AF1,ENSG00000110777,0.315215930996159,0.184749301553281,0.668321461730306,0.00175504919533112,missense|LC,11111354177,11,111354177,
NUPR1,ENSG00000176046,0.315216653937623,0.21460003525932,0.250803948748955,-0.000876651110596431,missense|LC,16028537946,16,28537946,
FCRL5,ENSG00000143297,0.31530505316075,0.191984735093098,0.77077309321442,0.00036208124948666,missense|LC,1157515496,1,157515496,
TNC,ENSG00000041982,0.315330159873785,0.481176361867806,0.180341938217883,0.000147090748103096,missense|LC,9115021105,9,115021105,
CHMP4A,ENSG00000254505,0.315389727820694,0.238491636134436,0.215398827050203,-0.000675725557704645,missense|LC,14024205872,14,24205872,
PLPP3,ENSG00000162407,0.315389853568643,0.451052562926043,0.179463623666395,-0.000859643390205173,missense|LC,1056496442,1,56496442,
AL136295.1,ENSG00000254692,0.315501029547947,0.654398227024038,0.187545858144057,0.000187652675803866,missense|LC,14024184157,14,24184157,
GMCL1,ENSG00000087338,0.31550942954266,0.725380155066706,0.190033512136093,0.00025476197241523,missense|LC,2069825396,2,69825396,
C6orf52,ENSG00000137434,0.315544029718709,0.562415833745644,0.185587337833615,0.000945640920931681,missense|LC,6010671373,6,10671373,
TMEM241,ENSG00000134490,0.315700823408594,0.323065683134379,0.194087642658485,0.00063311223126529,missense|LC,18023297912,18,23297912,
CGGBP1,ENSG00000163320,0.315743258640618,0.181931308256974,0.542697066864794,0.00382558072461261,missense|LC,3088055411,3,88055411,
AP001267.5,ENSG00000285827,0.315774436755925,0.191535503551234,0.482160742854557,0.000538978699754955,missense|LC,11118401571,11,118401571,
SIAH2,ENSG00000181788,0.315809315823821,0.754895031869652,0.18946534109246,-0.000292290961913569,missense|LC,3150742076,3,150742076,
CYP4F22,ENSG00000171954,0.315919153438132,0.34711066700336,0.180922695440815,0.000509867865214958,missense|LC,19015525258,19,15525258,
CELA2B,ENSG00000215704,0.315939961212564,0.214275715774478,0.341217081417996,0.000586237889371181,missense|LC,1015471892,1,15471892,
ADAM28,ENSG00000042980,0.315957126311204,0.543398458777814,0.185813796184253,-0.000201242127736189,missense|LC,8024294068,8,24294068,
AQP10,ENSG00000143595,0.315957798191074,0.390559637864039,0.210665046264362,0.000734121792667341,missense|LC,1154321097,1,154321097,
IL2RA,ENSG00000134460,0.316098839284832,0.196763968904849,0.245297847284179,-0.000813257341503078,missense|LC,10006012802,10,6012802,
RASGEF1A,ENSG00000198915,0.316101311373713,0.182273785403438,0.365808303831394,0.00168574780966717,missense|LC,10043196175,10,43196175,
WFDC8,ENSG00000158901,0.316177812096344,0.202989898229332,0.364336332362596,0.000671171664564452,missense|LC,20045547140,20,45547140,
TNPO3,ENSG00000064419,0.316238673686556,0.17980082298198,0.702824334083846,-0.00123902035575364,missense|LC,7128957165,7,128957165,
AL049629.2,ENSG00000284969,0.316254257728539,0.197682516013298,0.243928903996677,0.00259246234454171,missense|LC,11033698401,11,33698401,
KRTAP5-9,ENSG00000254997,0.316262370097027,0.205535713274612,0.614470278897086,-0.000528246643511508,missense|LC,11071548490,11,71548490,
SMIM6,ENSG00000259120,0.316318094618918,0.206382751371687,0.622055040480265,-0.00279847501311655,missense|LC,17075647305,17,75647305,
BEST3,ENSG00000127325,0.316499623826062,0.187119374921381,0.283646879859329,0.000898079716878454,missense|LC,12069653562,12,69653562,
ACKR2,ENSG00000144648,0.31651951658883,0.197146936098372,0.659619139914427,-0.000705135366490945,missense|LC,3042851280,3,42851280,
NDNF,ENSG00000173376,0.31652430785498,0.188616280611997,0.499701931544996,0.000828413786103962,missense|LC,4121036217,4,121036217,
TNXB,ENSG00000168477,0.316611774299312,0.201731929233714,0.349261242979741,-0.000913455885896781,missense|LC,6032038228,6,32038228,
SMNDC1,ENSG00000119953,0.316620250159854,0.88700471506939,0.182484138919576,-0.000353042087607353,missense|LC,10110294079,10,110294079,
WDR64,ENSG00000162843,0.316628371516248,0.179419235339627,0.422927132217607,0.000569564010119128,missense|LC,1241652389,1,241652389,
SLIRP,ENSG00000119705,0.316656319838263,0.216411788071554,0.273536486032921,-0.000620801258857382,missense|LC,14077704339,14,77704339,
NECAB3,ENSG00000125967,0.31671351292595,0.423254638620854,0.199083517524561,0.000427569014734477,missense|LC,20033657729,20,33657729,
PUM3,ENSG00000080608,0.316793569963025,0.489718226914925,0.180870813126206,-0.000313240388539228,missense|LC,9002804247,9,2804247,
CHUK,ENSG00000213341,0.316814676304794,0.279287055100382,0.189716261171754,-0.000714278977172645,missense|LC,10100183723,10,100183723,
IL21R,ENSG00000103522,0.316825521823799,0.206597643619312,0.604562225556255,-0.00048818870181535,missense|LC,16027403160,16,27403160,
FMN1,ENSG00000248905,0.316869242105651,0.18212476932522,0.425897826564503,0.00073306102775427,missense|LC,15032774268,15,32774268,
ATOH8,ENSG00000168874,0.316881831180996,0.275932343060878,0.189103667780581,-0.000589776806001079,missense|LC,2085754062,2,85754062,
AL136295.3,ENSG00000259371,0.316885319460161,0.313773213220457,0.19632809907279,0.00068694069285656,missense|LC,14024116802,14,24116802,
VIT,ENSG00000205221,0.316909745603302,0.185085809632326,0.385140156203939,-0.000566204417009325,missense|LC,2036716296,2,36716296,
PLA1A,ENSG00000144837,0.316968222485116,0.180998322904165,0.894418334187352,0.000930779260876706,missense|LC,3119597886,3,119597886,
ZNF2,ENSG00000275111,0.316969587686885,0.476831979966383,0.181420588411852,-0.000513945345727719,missense|LC,2095176131,2,95176131,
ULBP3,ENSG00000131019,0.317037921913907,0.199274754871244,0.870915471756125,0.00095305836095743,missense|LC,6150063273,6,150063273,
SPDYE3,ENSG00000214300,0.317077483781604,0.431967549097773,0.199116258652936,0.000314713279037979,missense|LC,7100307702,7,100307702,
OLFML1,ENSG00000183801,0.317104824422179,0.1984675552975,0.401372474867358,-0.000588845026364188,missense|LC,11007485793,11,7485793,
ASPSCR1,ENSG00000169696,0.317146291043114,0.639761512325801,0.180200573328706,0.000370792440360143,missense|LC,17081977561,17,81977561,
MORC1,ENSG00000114487,0.317205558465165,0.333979765804366,0.187186204953215,-0.00102225616387919,missense|LC,3108953534,3,108953534,
PDE7A,ENSG00000205268,0.317295594139733,0.397947913206429,0.189028038037557,-0.000608708045271596,missense|LC,8065719260,8,65719260,
WRNIP1,ENSG00000124535,0.31735630346941,0.188008449828511,0.343809665179276,0.00040627605070239,missense|LC,6002765482,6,2765482,
KRT74,ENSG00000170484,0.317359879447181,0.191915090313823,0.561693781887395,0.00043668393617359,missense|LC,12052566902,12,52566902,
NID1,ENSG00000116962,0.317381238291269,0.862752707945249,0.190429712997783,-0.0000774430079542083,missense|LC,1235977767,1,235977767,
C3orf33,ENSG00000174928,0.317409255571032,0.183318391075796,0.388295650285769,-0.0010591802448566,missense|LC,3155763446,3,155763446,
BMPR1A,ENSG00000107779,0.317443405431523,0.186281330928961,0.691984929051291,0.000969864644010182,missense|LC,10086875984,10,86875984,
DVL3,ENSG00000161202,0.317469140325142,0.320471989032738,0.179974497366939,-0.000685891231671489,missense|LC,3184150377,3,184150377,
DICER1,ENSG00000100697,0.317534975076076,0.187834864671186,0.790928889972955,0.000453315292784704,missense|LC,14095090409,14,95090409,
PPP6R2,ENSG00000100239,0.317588419887376,0.775854208120014,0.201697923464452,-0.0000686987951037261,missense|LC,22050393309,22,50393309,
PCIF1,ENSG00000100982,0.317644696395867,0.540462705451274,0.182692383862016,-0.000384427597528876,missense|LC,20045938863,20,45938863,
UQCRHL,ENSG00000233954,0.317667277182938,0.614113845768074,0.197841206389543,0.000590513711127159,missense|LC,1015807241,1,15807241,
ADAM2,ENSG00000104755,0.317672816304781,0.193704397150884,0.559661208764292,-0.000470378259977489,missense|LC,8039744801,8,39744801,
TMPRSS11E,ENSG00000087128,0.317679990397362,0.649247011748337,0.180082673269971,0.000438617462785376,missense|LC,4068447432,4,68447432,
ZFP91,ENSG00000186660,0.317690999022375,0.21760845770821,0.364059469551244,-0.000371575326207859,missense|LC,11058575674,11,58575674,
UBXN2A,ENSG00000173960,0.317728109215665,0.197922883642126,0.437559794286311,0.00120951082418684,missense|LC,2023944189,2,23944189,
RNPS1,ENSG00000205937,0.317762092297308,0.333409092597154,0.208796147796061,0.000478624278418811,missense|LC,16002251272,16,2251272,
MUCL3,ENSG00000168631,0.317778805211201,0.204031248921192,0.247064836092012,0.000255711839290006,missense|LC,6030940905,6,30940905,
CGN,ENSG00000143375,0.3177978187255,0.91100466420415,0.188566515513669,0.0000255786766561678,missense|LC,1151518440,1,151518440,
ARL11,ENSG00000152213,0.317798146351062,0.488055733928966,0.203433753200562,0.000288448310850471,missense|LC,13049630389,13,49630389,
SLC51B,ENSG00000186198,0.317807434898575,0.197700157816383,0.243204608973087,-0.00184010036795045,missense|LC,15065049943,15,65049943,
PSPH,ENSG00000146733,0.317811228011644,0.533364264325606,0.229656859115148,-0.000156529168892449,missense|LC,7056011716,7,56011716,
DHX35,ENSG00000101452,0.317893814503644,0.852019568816776,0.182440052692629,-0.000258545713785673,missense|LC,20038962258,20,38962258,
COG2,ENSG00000135775,0.317898648777435,0.191110886546008,0.478920177513661,-0.000605709432362674,missense|LC,1230642522,1,230642522,
GTPBP10,ENSG00000105793,0.318036150794493,0.724477456815042,0.195063412239037,-0.000278521981844547,missense|LC,7090346647,7,90346647,
ZNF440,ENSG00000171295,0.318101876842764,0.190625972538409,0.25272691074269,0.000486943504022649,missense|LC,19011814340,19,11814340,
RWDD1,ENSG00000111832,0.318106288610229,0.198790420927261,0.313367061466695,-0.0017794049976146,missense|LC,6116571490,6,116571490,
RBP2,ENSG00000114113,0.318168110065095,0.660754548667552,0.186286626351196,0.000679160735409111,missense|LC,3139453031,3,139453031,
PPIL3,ENSG00000240344,0.318222922108007,0.194488185616091,0.810060994199291,-0.00185316125678304,missense|LC,2200871308,2,200871308,
MRPS12,ENSG00000128626,0.318229197421994,0.555444293741476,0.200718086755903,-0.000304727894881987,missense|LC,19038926154,19,38926154,
TVP23B,ENSG00000171928,0.318344752983878,0.205572731575992,0.227965510340882,-0.0013461370334784,missense|LC,17018778360,17,18778360,
ABL1,ENSG00000097007,0.318347951398264,0.705623004118494,0.192758635777172,0.000126098196179339,missense|LC,9130714224,9,130714224,
OBP2A,ENSG00000122136,0.318357906190968,0.188213716958944,0.985517396020569,-0.00103454967142136,missense|LC,9135546160,9,135546160,
RCSD1,ENSG00000198771,0.318386007366259,0.186736403638454,0.827941259650424,0.000683490442014483,missense|LC,1167630295,1,167630295,
CRACDL,ENSG00000196872,0.318432741519416,0.479126805908333,0.188130035450971,0.000279984276065291,missense|LC,2098794480,2,98794480,
VSTM1,ENSG00000189068,0.318461021260498,0.398309966576524,0.194547932338587,-0.000512170869113044,missense|LC,19054040831,19,54040831,
ERVV-2,ENSG00000268964,0.318478118220461,0.928577367263935,0.19230296308964,0.0000488847920405222,missense|LC,19053049710,19,53049710,
CGA,ENSG00000135346,0.318541616730035,0.444347030236147,0.191358819645601,-0.00210735633229697,missense|LC,6087085735,6,87085735,
OR51M1,ENSG00000184698,0.318618481636734,0.65338242794462,0.193308574818336,-0.000144439700047429,missense|LC,11005389326,11,5389326,
FRY,ENSG00000073910,0.318629843439549,0.190616627131576,0.795361463691052,-0.00031186398565039,missense|LC,13032031763,13,32031763,
LIMK1,ENSG00000106683,0.318647877252403,0.181890083437873,0.561022092763339,0.000926536704383476,missense|LC,7074083961,7,74083961,
CLPS,ENSG00000137392,0.318673449057448,0.234201702694142,0.260084107440903,-0.000601183546906718,missense|LC,6035795021,6,35795021,
H3C2,ENSG00000286522,0.31872138694499,0.18053233262674,0.416496436675624,-0.00389474718557417,missense|LC,6026026882,6,26026882,
SEMG2,ENSG00000124157,0.318743358181311,0.296133051759848,0.187384463954457,0.000441344220146432,missense|LC,20045221323,20,45221323,
U2SURP,ENSG00000163714,0.31877914516596,0.901154414001183,0.180808102082801,0.000107813243967448,missense|LC,3143001517,3,143001517,
POFUT2,ENSG00000186866,0.318781486105067,0.18854144744634,0.32735970545826,0.000599043037463138,missense|LC,21045265407,21,45265407,
A2M,ENSG00000175899,0.318796017456733,0.387889324437021,0.184940999836782,0.000342266332713898,missense|LC,12009067761,12,9067761,
ALOXE3,ENSG00000179148,0.319003560130005,0.516297594787621,0.190776508208613,-0.000249436567428374,missense|LC,17008096649,17,8096649,
SPRED2,ENSG00000198369,0.319204831015512,0.756430125519542,0.202018471349448,-0.000158613679044966,missense|LC,2065308219,2,65308219,
ERFL,ENSG00000268041,0.319221973049823,0.866960848987303,0.210414565762983,0.0000580846122973582,missense|LC,19041902706,19,41902706,
GUCA1C,ENSG00000138472,0.319266291136125,0.969475367802414,0.191847981357599,-0.0000269723486959528,missense|LC,3108907982,3,108907982,
OR6N1,ENSG00000197403,0.319294915599831,0.636468857173965,0.21458299403569,0.000220997436411021,missense|LC,1158765687,1,158765687,
CD109,ENSG00000156535,0.319356501934874,0.937929439763271,0.185825027415356,-0.0000154264298780004,missense|LC,6073696143,6,73696143,
SORBS2,ENSG00000154556,0.319534369914521,0.276934567546671,0.181881728214287,-0.000500541532919626,missense|LC,4185587568,4,185587568,
EFNB1,ENSG00000090776,0.319540114067624,0.562633008629759,0.18833543199162,0.000538180500400895,missense|LC,23068829649,X,68829649,
CARD18,ENSG00000255501,0.319576851444002,0.416726398455708,0.208982339045764,-0.00084255853745592,missense|LC,11105138727,11,105138727,
TANC2,ENSG00000170921,0.319582625104464,0.788671031770325,0.180066504866016,0.000097473110255424,missense|LC,17063009559,17,63009559,
ADAM33,ENSG00000149451,0.31960811549881,0.612685331076462,0.187952305128809,-0.000203437837497432,missense|LC,20003663253,20,3663253,
RXRA,ENSG00000186350,0.319623388017543,0.881080388403248,0.204182368089179,0.0000865481771344293,missense|LC,9134326583,9,134326583,
IRX6,ENSG00000159387,0.319639082322491,0.917956377367831,0.183929567289758,0.0000563222534242442,missense|LC,16055325011,16,55325011,
GPM6B,ENSG00000046653,0.319796245845448,0.552569990002255,0.203894786182935,-0.000505663270855426,missense|LC,23013767076,X,13767076,
CRIP2,ENSG00000182809,0.319815394943055,0.649518465243374,0.212734278215814,0.000206661419357603,missense|LC,14105468228,14,105468228,
ORM1,ENSG00000229314,0.319876641386939,0.193076053079493,0.613132699661747,-0.000965148370842905,missense|LC,9114323115,9,114323115,
NUDC,ENSG00000090273,0.319884550352515,0.18965624445145,0.30235420320573,-0.0012801610562027,missense|LC,1026921758,1,26921758,
POR,ENSG00000127948,0.319989641755724,0.966409476055038,0.185280989534743,0.0000133988719372457,missense|LC,7075953924,7,75953924,
TBX4,ENSG00000121075,0.320101076671505,0.186066526334769,0.678099476103305,-0.000664354098786154,missense|LC,17061452836,17,61452836,
OSR2,ENSG00000164920,0.320116489136252,0.191609182893808,0.602498394859578,-0.000775554115032518,missense|LC,8098948045,8,98948045,
PTX4,ENSG00000251692,0.320201649379529,0.200583079297708,0.279782145560148,-0.000431586287739732,missense|LC,16001485823,16,1485823,
MPZL3,ENSG00000160588,0.320215223856722,0.192169758819506,0.393076185297119,-0.00088060963078724,missense|LC,11118229812,11,118229812,
TBRG4,ENSG00000136270,0.320243733139052,0.703269685614161,0.193194531844078,0.000164080591212583,missense|LC,7045100265,7,45100265,
HTR2B,ENSG00000135914,0.320247556583359,0.18312019980655,0.388444234909045,-0.0011218058597844,missense|LC,2231108485,2,231108485,
POMT1,ENSG00000130714,0.320313838985409,0.190293884888919,0.453436773003318,-0.000548197410241055,missense|LC,9131504096,9,131504096,
S1PR4,ENSG00000125910,0.320314814268992,0.198883954685727,0.547924942813259,-0.000431410340049136,missense|LC,19003178751,19,3178751,
ZNF248,ENSG00000198105,0.320341173047215,0.588913241989063,0.189647686261318,0.000299700856894017,missense|LC,10037828765,10,37828765,
ZFP90,ENSG00000184939,0.32047141892779,0.228074681215774,0.199380703382277,-0.000760122738755998,missense|LC,16068539698,16,68539698,
GTF2I,ENSG00000263001,0.320566652815672,0.866661377509552,0.183767508433754,-0.000246349527335634,missense|LC,7074687487,7,74687487,
OR4K2,ENSG00000165762,0.320609614626377,0.704355664677658,0.208465172761152,-0.000197649731188521,missense|LC,14019876262,14,19876262,
CCDC121,ENSG00000176714,0.320618032967815,0.486476269356474,0.20291022908324,-0.000275732771971686,missense|LC,2027626933,2,27626933,
WWOX,ENSG00000186153,0.320734334145419,0.202640009324634,0.335325694751987,0.000421568466670355,missense|LC,16078099656,16,78099656,
TBC1D16,ENSG00000167291,0.320745145945576,0.41348566002812,0.203545486519072,0.000382812704036081,missense|LC,17079940738,17,79940738,
ICA1L,ENSG00000163596,0.320871939279243,0.222668577209734,0.210226490132905,-0.000561036061213254,missense|LC,2202774132,2,202774132,
SLC25A37,ENSG00000147454,0.320923620486787,0.212591455808621,0.190915809025082,0.00125616599292256,missense|LC,8023528919,8,23528919,
ZNF706,ENSG00000120963,0.321056908406203,0.212150136402624,0.436327574349496,-0.00557628062676243,missense|LC,8101199955,8,101199955,
KCNT2,ENSG00000162687,0.321122024979711,0.195085375871851,0.359968468608818,-0.000802380741630821,missense|LC,1196228203,1,196228203,
PCDHGC3,ENSG00000240184,0.321125242518922,0.183097986493842,0.820069545149493,-0.000673492603990105,missense|LC,5141476018,5,141476018,
CDK12,ENSG00000167258,0.321208458761839,0.18403415548339,0.345588589652309,0.000646819360296552,missense|LC,17039462011,17,39462011,
RRM2,ENSG00000171848,0.321216486731729,0.778238377181287,0.204706205119355,0.000196077611252668,missense|LC,2010122506,2,10122506,
CDC42EP5,ENSG00000167617,0.321310022166381,0.449627817559983,0.209750061031854,-0.000266869930789496,missense|LC,19054460026,19,54460026,
PALLD,ENSG00000129116,0.321343826169171,0.194533560460281,0.467417552635703,-0.000388747489758741,missense|LC,4168511473,4,168511473,
ENGASE,ENSG00000167280,0.32134617037003,0.611266161512153,0.183970403218541,0.000187232426825142,missense|LC,17079074789,17,79074789,
ALDH1B1,ENSG00000137124,0.321364506588544,0.184974306338806,0.483538589473305,-0.000705046814697068,missense|LC,9038392581,9,38392581,
CASC3,ENSG00000108349,0.321385428300467,0.19527895471952,0.305819146788369,-0.000559511546840306,missense|LC,17040140478,17,40140478,
SRP72,ENSG00000174780,0.32145038434185,0.904717813508886,0.202338206809403,-0.000053837347266615,missense|LC,4056467217,4,56467217,
TNFSF11,ENSG00000120659,0.321470704370767,0.903166372144428,0.203446911836414,-0.0000558095337520577,missense|LC,13042574191,13,42574191,
PHRF1,ENSG00000070047,0.321501239881906,0.186199538385628,0.582001825985808,0.000299477796453666,missense|LC,11000581424,11,581424,
ACOT2,ENSG00000119673,0.321540510362282,0.188661627555283,0.704281810745682,-0.000795487647536138,missense|LC,14073569146,14,73569146,
MRPL23,ENSG00000214026,0.321661860240409,0.258107992481818,0.203281456227502,-0.00210898882198512,missense|LC,11001956257,11,1956257,
DSG1,ENSG00000134760,0.32166634880395,0.191838751358701,0.562280303544688,-0.000408507134573885,missense|LC,18031318246,18,31318246,
FZD1,ENSG00000157240,0.321750731343759,0.195610761346852,0.459873311292034,0.000644010160929587,missense|LC,7091264808,7,91264808,
RPL11,ENSG00000142676,0.321788929344542,0.252454645884088,0.185434581965464,-0.00255591186022843,missense|LC,1023691720,1,23691720,
ZNF433,ENSG00000197647,0.321790598691679,0.18459054262449,0.84560421977253,0.000732251959645964,missense|LC,19012014789,19,12014789,
HOXC10,ENSG00000180818,0.3218463477366,0.196353454918885,0.407793762964315,-0.000836053889023673,missense|LC,12053985175,12,53985175,
TBL2,ENSG00000106638,0.32193068149536,0.210330998915488,0.457572469932418,-0.000635320190386765,missense|LC,7073570346,7,73570346,
TMCO1,ENSG00000143183,0.321999246395359,0.2117250634131,0.519476200299763,0.000946692547057326,missense|LC,1165727979,1,165727979,
CAPN3,ENSG00000092529,0.322046437659802,0.429180812551148,0.19089997503327,-0.000269447210006394,missense|LC,15042354506,15,42354506,
AADACL3,ENSG00000188984,0.322068516302535,0.215380690996537,0.215264034302963,0.000495046530147721,missense|LC,1012716241,1,12716241,
LRRC63,ENSG00000173988,0.32207221284456,0.434492117844015,0.18786311075656,-0.00037602277948287,missense|LC,13046213003,13,46213003,
APOC2,ENSG00000234906,0.322092826762749,0.619446151879823,0.211692386771391,-0.000588395761680999,missense|LC,19044942203,19,44942203,
CDC37L1,ENSG00000106993,0.32211742804288,0.843384975663902,0.184987805308586,-0.000199097318447772,missense|LC,9004679680,9,4679680,
FOXR2,ENSG00000189299,0.322149920698218,0.202391221479726,0.827656802762779,-0.000703398905849709,missense|LC,23055623691,X,55623691,
BAG6,ENSG00000204463,0.322207456011548,0.185133851368211,0.326582091661513,0.000685361245885969,missense|LC,6031634032,6,31634032,
CLDN8,ENSG00000156284,0.322218970834861,0.204284333560681,0.241529519427578,-0.000883537328300611,missense|LC,21030215183,21,30215183,
AL691442.2,ENSG00000251246,0.322221016308023,0.797465054787644,0.185684021535559,-0.000360682512043877,missense|LC,1155058752,1,155058752,
RAD51,ENSG00000051180,0.322312259928876,0.193353583340522,0.300723817196911,0.00208345379572275,missense|LC,15040698695,15,40698695,
DCTPP1,ENSG00000179958,0.322347984570659,0.535454604277484,0.189855515895514,-0.000754632656440356,missense|LC,16030424121,16,30424121,
RHD,ENSG00000187010,0.322358145611006,0.19330731426799,0.80356897153105,0.000340889676424807,missense|LC,1025272550,1,25272550,
GRPR,ENSG00000126010,0.322376089293159,0.197224069353622,0.369184117923388,0.000665539886324856,missense|LC,23016123920,X,16123920,
STAM,ENSG00000136738,0.32243838812519,0.470386426122099,0.183390918487544,0.000576115513579809,missense|LC,10017644252,10,17644252,
ASPN,ENSG00000106819,0.322441667010822,0.367149770118549,0.200590970181961,0.000261029583507087,missense|LC,9092456873,9,92456873,
FAM20A,ENSG00000108950,0.32247050532853,0.185699087957164,0.727841952002528,0.000760385115707776,missense|LC,17068530116,17,68530116,
OR52J3,ENSG00000205495,0.322535665626886,0.19979266387411,0.501448098162758,0.000635457005979996,missense|LC,11005046484,11,5046484,
PRG4,ENSG00000116690,0.322564556641362,0.750931194369006,0.187133187230053,0.0000914063892911532,missense|LC,1186296829,1,186296829,
NKX2-2,ENSG00000125820,0.322592561405962,0.236800582894094,0.194053094622852,-0.0010564694505676,missense|LC,20021511861,20,21511861,
ANO6,ENSG00000177119,0.322592754958184,0.193519257967793,0.42889925132584,0.000658335175796022,missense|LC,12045216228,12,45216228,
SUMO4,ENSG00000177688,0.322592959366336,0.218975118578128,0.282791073039186,-0.0011213282592454,missense|LC,6149397514,6,149397514,
ANO4,ENSG00000151572,0.322720912610046,0.568515607006787,0.185803060102844,-0.000686422448073725,missense|LC,12100901720,12,100901720,
DSN1,ENSG00000149636,0.322765874908133,0.754883323641612,0.192536516429479,-0.000254284783961288,missense|LC,20036752735,20,36752735,
GPR182,ENSG00000166856,0.322810118478528,0.184565663648601,0.400387921789,0.000852308662239522,missense|LC,12056995144,12,56995144,
GPR156,ENSG00000175697,0.322901440965091,0.80559806325444,0.192064882536195,0.0000930658312499184,missense|LC,3120166942,3,120166942,
STON2,ENSG00000140022,0.322980092896579,0.283347396334633,0.182498528648506,-0.000554281350947062,missense|LC,14081261691,14,81261691,
AFAP1L2,ENSG00000169129,0.323083135808196,0.31525417739195,0.198568596086936,0.000315565436139219,missense|LC,10114290118,10,114290118,
FAM126B,ENSG00000155744,0.323095063126319,0.581494969620676,0.186037746725284,0.000580210650626083,missense|LC,2200981184,2,200981184,
DAZL,ENSG00000092345,0.323156290353009,0.204794672923362,0.604129781238889,0.000976470927386894,missense|LC,3016588620,3,16588620,
ZBTB20,ENSG00000181722,0.323198000139328,0.210427131259209,0.540537612295535,0.00046893040734777,missense|LC,3114338891,3,114338891,
OTOP2,ENSG00000183034,0.323246578263933,0.191242010213852,0.74838962154863,-0.000490661010446254,missense|LC,17074919310,17,74919310,
MUC21,ENSG00000204544,0.323374531948984,0.222869024902982,0.23475860729676,-0.000197542142329848,missense|LC,6030986185,6,30986185,
ZNF268,ENSG00000090612,0.323413701658895,0.544843939795656,0.187927711294721,-0.000204948922699198,missense|LC,12133181903,12,133181903,
SLC6A17,ENSG00000197106,0.323538101365851,0.347803567963991,0.189332531422379,0.000512101966762486,missense|LC,1110166812,1,110166812,
KIAA1109,ENSG00000138688,0.323552179186979,0.785235327753701,0.185027140872863,0.0000716653040154983,missense|LC,4122152219,4,122152219,
ZMAT4,ENSG00000165061,0.323586413480341,0.766717698241393,0.193077053248726,-0.000506223877447492,missense|LC,8040532134,8,40532134,
CALCRL,ENSG00000064989,0.323616898086833,0.279060064979608,0.210701135215384,0.000695811355159575,missense|LC,2187346152,2,187346152,
ASB9,ENSG00000102048,0.323689501829401,0.579072863377512,0.192361092349741,-0.000578357663500819,missense|LC,23015244435,X,15244435,
TPD52L3,ENSG00000170777,0.323695703031142,0.459068837540389,0.244311138261555,0.000411083221846347,missense|LC,9006328487,9,6328487,
DNAH8,ENSG00000124721,0.323711395977734,0.984749130231357,0.185963978921741,-0.00000191667059623275,missense|LC,6038722711,6,38722711,
THAP9,ENSG00000168152,0.323783188460871,0.198258894929774,0.606866864788972,0.000609428269334224,missense|LC,4082900718,4,82900718,
ARGLU1,ENSG00000134884,0.32385358075386,0.190529239358322,0.516412578388873,-0.00213795655443382,missense|LC,13106543910,13,106543910,
RNF126,ENSG00000070423,0.323951120680143,0.188622887308223,0.363034636806325,0.000686663293431053,missense|LC,19000643197,19,643197,
SLA,ENSG00000155926,0.323994519267668,0.623958189360693,0.219673140487941,-0.000242331382308783,missense|LC,8133038482,8,133038482,
CFAP58,ENSG00000120051,0.324076460180248,0.802380375522871,0.200832423434161,0.0000799756388261485,missense|LC,10104353782,10,104353782,
ETV3,ENSG00000117036,0.324091227612087,0.311442267043215,0.194760924274222,0.000698082817326676,missense|LC,1157124787,1,157124787,
BOD1L2,ENSG00000228075,0.324103917821565,0.190896124099183,0.869725139211762,-0.00135701001811159,missense|LC,18057147138,18,57147138,
OSGEP,ENSG00000092094,0.324106509129433,0.430683559668591,0.191852785405533,-0.000603669887665673,missense|LC,14020447185,14,20447185,
PXYLP1,ENSG00000155893,0.324305282274982,0.194229390094519,0.386772016898649,-0.000833665726458967,missense|LC,3141260079,3,141260079,
CLEC14A,ENSG00000176435,0.324378857707003,0.851277578666888,0.197680795472638,0.0000908779832341509,missense|LC,14038254470,14,38254470,
EIF5,ENSG00000100664,0.324413817019325,0.185209154706444,0.418579996059169,0.00122930637757745,missense|LC,14103335777,14,103335777,
SORCS2,ENSG00000184985,0.324438206282628,0.187662621799483,0.904064613417287,0.00036484640988772,missense|LC,4007192513,4,7192513,
RAD51B,ENSG00000182185,0.324471440011118,0.217950033478743,0.900837816494159,0.000597797588755817,missense|LC,14067815698,14,67815698,
JTB,ENSG00000143543,0.3245000154226,0.463097678775123,0.215589535206364,-0.000729255093025555,missense|LC,1153969272,1,153969272,
C8G,ENSG00000176919,0.324510889532532,0.520412996737027,0.197258918911598,0.000437595631577235,missense|LC,9136940787,9,136940787,
KCNIP1,ENSG00000182132,0.324527226285614,0.920200250077593,0.184128406266078,-0.000168289453269045,missense|LC,5170503969,5,170503969,
CAP2,ENSG00000112186,0.324590814425353,0.379893732811148,0.199644980703723,-0.000591667047148479,missense|LC,6017421481,6,17421481,
EIF4E3,ENSG00000163412,0.324602717934823,0.423460425916989,0.184399755533367,0.000976309229730118,missense|LC,3071684576,3,71684576,
DDRGK1,ENSG00000198171,0.324608564748983,0.231414777997758,0.190250422588467,-0.001079340639311,missense|LC,20003190540,20,3190540,
PRR29,ENSG00000224383,0.324714299228338,0.209368413447454,0.314141849890197,-0.00151087132354948,missense|LC,17063998271,17,63998271,
ABCC9,ENSG00000069431,0.324748560539157,0.922457400278777,0.189061262383634,-0.0000652162514697942,missense|LC,12021800939,12,21800939,
TRIP4,ENSG00000103671,0.324795381314955,0.304063296604863,0.191658536399549,-0.000605227157003393,missense|LC,15064387387,15,64387387,
HNF1A,ENSG00000135100,0.324828721453666,0.662690720997816,0.18898870710894,0.000282183628495289,missense|LC,12120978750,12,120978750,
TLK1,ENSG00000198586,0.324992862014197,0.401438557193815,0.189526133913185,-0.00264925468958097,missense|LC,2170993703,2,170993703,
ELL2,ENSG00000118985,0.32503030462983,0.209965063997815,0.377317801792053,0.000563714304999365,missense|LC,5095888824,5,95888824,
ERG28,ENSG00000133935,0.325060025340798,0.199870916047412,0.245679558858539,-0.00247604567925834,missense|LC,14075646361,14,75646361,
TAF9,ENSG00000273841,0.325141621726997,0.974927360933595,0.191735117786142,-0.0000286633041108428,missense|LC,5069364878,5,69364878,
GREM2,ENSG00000180875,0.325180465246575,0.243740793759634,0.257350506059973,-0.000835305539511008,missense|LC,1240492867,1,240492867,
MUCL1,ENSG00000172551,0.325256596921043,0.403801117065784,0.186977886595084,0.00112073103298782,missense|LC,12054854526,12,54854526,
CFAP46,ENSG00000171811,0.325309825380111,0.437775731714467,0.186059528458913,0.000121271870481405,missense|LC,10132808261,10,132808261,
INSC,ENSG00000188487,0.325449488633338,0.206037609300606,0.561245179646329,0.000314499888311375,missense|LC,11015112403,11,15112403,
NCBP3,ENSG00000074356,0.32547158421085,0.200800027772963,0.948929665684802,0.00051823173176869,missense|LC,17003801022,17,3801022,
TAF8,ENSG00000137413,0.325505981403319,0.550248112057408,0.218557072778225,0.000329898934697478,missense|LC,6042050485,6,42050485,
HSPBAP1,ENSG00000169087,0.325538900886696,0.18952146668553,0.7598756157274,-0.000893858754168671,missense|LC,3122740305,3,122740305,
DIAPH1,ENSG00000131504,0.325548605464322,0.290390406912167,0.189562177805696,0.000423656473276704,missense|LC,5141510793,5,141510793,
WHRN,ENSG00000095397,0.325643880025469,0.971002184601319,0.189888880998248,0.0000096540248545685,missense|LC,9114402653,9,114402653,
PFAS,ENSG00000178921,0.325686800639636,0.415388886040595,0.19201053587674,0.000226304530129232,missense|LC,17008247922,17,8247922,
ARNT,ENSG00000143437,0.325714168136622,0.60942836528285,0.208338560444727,0.000223424559807708,missense|LC,1150805781,1,150805781,
TUBB4A,ENSG00000104833,0.325717164572194,0.651365342832178,0.184302078611483,-0.000764417423669341,missense|LC,19006495060,19,6495060,
C16orf86,ENSG00000159761,0.325803426218829,0.575214035040064,0.185793716939527,0.000551138322666856,missense|LC,16067661814,16,67661814,
ZNF497,ENSG00000174586,0.325868943489416,0.194863825893154,0.595607326828409,-0.00046571445646834,missense|LC,19058350248,19,58350248,
CAMKK2,ENSG00000110931,0.325944127984848,0.941372577092159,0.20482446772385,0.0000281337440347222,missense|LC,12121232702,12,121232702,
ZC3H12A,ENSG00000163874,0.325997657284606,0.94505428680122,0.215459946763035,-0.0000229648337660923,missense|LC,1037475411,1,37475411,
UBFD1,ENSG00000103353,0.3260492407949,0.935223836790417,0.199118266321231,-0.00005679211712207,missense|LC,16023557066,16,23557066,
YTHDF3,ENSG00000185728,0.326066824474489,0.480389489094444,0.184065097516481,0.000858718911979882,missense|LC,8063168712,8,63168712,
HRG,ENSG00000113905,0.326176267684582,0.615735687659718,0.197199800593944,0.000139880987966298,missense|LC,3186665959,3,186665959,
ELOVL3,ENSG00000119915,0.326190234480009,0.20053644371913,0.290117947368714,0.000791199789324288,missense|LC,10102226511,10,102226511,
GATB,ENSG00000059691,0.326458723302276,0.459790856797896,0.195973832982326,-0.000374083847394764,missense|LC,4151671082,4,151671082,
RHBDD3,ENSG00000100263,0.326478588916303,0.194018522250424,0.243592889195998,-0.000777677603430833,missense|LC,22029255217,22,29255217,
UGT2B11,ENSG00000213759,0.326479768381563,0.66044248824422,0.192004683847353,-0.000133670389044382,missense|LC,4069200274,4,69200274,
POLE2,ENSG00000100479,0.326520724687665,0.876199576278405,0.195920232308552,0.000110058744786256,missense|LC,14049647288,14,49647288,
ZWILCH,ENSG00000174442,0.32655587305783,0.194107828562413,0.301772881450904,0.000563310587075433,missense|LC,15066500326,15,66500326,
EFNA2,ENSG00000099617,0.3266634575979,0.906492467079519,0.192386837455641,0.000136669486540934,missense|LC,19001286135,19,1286135,
STX7,ENSG00000079950,0.326760071351551,0.218412042154175,0.470828210053694,-0.000981745848869111,missense|LC,6132460732,6,132460732,
PIBF1,ENSG00000083535,0.326764938201315,0.47291027130014,0.205925194637345,0.000278851046943221,missense|LC,13072777340,13,72777340,
TRIM28,ENSG00000130726,0.326882092296205,0.194509885570865,0.513089795397408,0.000554117124973462,missense|LC,19058544707,19,58544707,
LURAP1L,ENSG00000153714,0.326910955721981,0.205170581531062,0.344194603938778,0.000518345275323843,missense|LC,9012775561,9,12775561,
GSTCD,ENSG00000138780,0.326963575065041,0.59005864026854,0.200564342718299,0.000305282043414541,missense|LC,4105707896,4,105707896,
HNRNPR,ENSG00000125944,0.327070894414366,0.387230784663923,0.18643153250925,0.000974795432777578,missense|LC,1023310368,1,23310368,
SS18L1,ENSG00000184402,0.327073599090108,0.803615555892107,0.192279427676699,0.000190234432022854,missense|LC,20062138964,20,62138964,
ZNF766,ENSG00000196214,0.327087530871793,0.928733914914825,0.201633105947737,-0.0000334302279012755,missense|LC,19052269510,19,52269510,
GTPBP4,ENSG00000107937,0.327117073729814,0.79856562008376,0.195134923730491,0.000197182834270933,missense|LC,10000988419,10,988419,
BCL2A1,ENSG00000140379,0.327142879539051,0.195861244729845,0.805542880435354,-0.00142341135633015,missense|LC,15079960934,15,79960934,
MYOZ3,ENSG00000164591,0.327174526638671,0.1970261137062,0.51098269235257,0.00117396517365176,missense|LC,5150656338,5,150656338,
ZNF490,ENSG00000188033,0.327176529642491,0.368236548525303,0.192394079518971,0.000554615016664413,missense|LC,19012577360,19,12577360,
OR3A3,ENSG00000159961,0.327219606759877,0.199543100025231,0.832432418019168,0.000952949618122636,missense|LC,17003420569,17,3420569,
NPPA,ENSG00000175206,0.327328368165823,0.210137285306936,0.837714299742895,0.000810412289855943,missense|LC,1011845937,1,11845937,
TRIM23,ENSG00000113595,0.327347738502773,0.855455775658914,0.195034052949998,0.000165892796257185,missense|LC,5065584868,5,65584868,
SELENOM,ENSG00000198832,0.327411234955774,0.221383672283634,0.196055178554502,-0.00180429076516707,missense|LC,22031099783,22,31099783,
DPAGT1,ENSG00000172269,0.327481837688392,0.207496262087388,0.626756664290794,-0.0008175041872436,missense|LC,11119091514,11,119091514,
OC90,ENSG00000253117,0.327483274543016,0.713991681849786,0.196364115019322,0.000144785967248678,missense|LC,8132024433,8,132024433,
CCDC15,ENSG00000149548,0.32751327306191,0.18900277911614,0.916654697749913,-0.000817585281923956,missense|LC,11124954660,11,124954660,
GMDS,ENSG00000112699,0.327627483144439,0.403541403721325,0.18726402682409,0.00139374733872368,missense|LC,6001624107,6,1624107,
FCRL4,ENSG00000163518,0.327675623172177,0.194750751668419,0.67407685344297,0.000625459354609136,missense|LC,1157575475,1,157575475,
COMMD9,ENSG00000110442,0.327717623970027,0.496932842184706,0.192844259867622,-0.000682813812854563,missense|LC,11036274525,11,36274525,
CCNY,ENSG00000108100,0.327761551063249,0.837310751737228,0.186099356269683,0.000258957300951845,missense|LC,10035336957,10,35336957,
SELENOF,ENSG00000183291,0.327795077588098,0.236982918466136,0.207982640989098,0.00106864506210354,missense|LC,1086863404,1,86863404,
LARP1B,ENSG00000138709,0.327849802966613,0.946480692605951,0.19292767796223,0.0000312299137875693,missense|LC,4128061597,4,128061597,
IRAK3,ENSG00000090376,0.32786700311607,0.57112822890602,0.192344642808006,0.000255143483971621,missense|LC,12066189186,12,66189186,
NR1I2,ENSG00000144852,0.327880793749816,0.405031920916635,0.18671376800364,-0.000558838317580554,missense|LC,3119782718,3,119782718,
ACTR1A,ENSG00000138107,0.327897468413795,0.473897827645854,0.186514098376521,-0.00110327121457175,missense|LC,10102475621,10,102475621,
INTU,ENSG00000164066,0.328045096267639,0.193944692090164,0.462362617631051,0.000554458270305324,missense|LC,4127632939,4,127632939,
CPE,ENSG00000109472,0.32808675171682,0.35742677662796,0.204844268964752,-0.000460072540863326,missense|LC,4165379120,4,165379120,
OR4C11,ENSG00000172188,0.328151905322366,0.218448285695334,0.208691683450295,0.000627863651847538,missense|LC,11055603435,11,55603435,
STK25,ENSG00000115694,0.328177055844295,0.190846385128438,0.45936228287307,0.00135148401708048,missense|LC,2241489927,2,241489927,
SNRPB,ENSG00000125835,0.328222346754914,0.694951002299607,0.2107448266752,0.000366512894904919,missense|LC,20002461715,20,2461715,
TEDC2,ENSG00000162062,0.328244305687565,0.206835079169286,0.258035206359633,-0.000359167544641128,missense|LC,16002455271,16,2455271,
SDSL,ENSG00000139410,0.328253930321908,0.206209219808908,0.288858977828335,0.000443838195299996,missense|LC,12113427884,12,113427884,
FGFR3,ENSG00000068078,0.328307442218695,0.203082404672067,0.820397604927802,0.000462911653788515,missense|LC,4001793905,4,1793905,
PRR27,ENSG00000187533,0.328410942027365,0.206137546384431,0.327508662307981,0.000655836244543417,missense|LC,4070154333,4,70154333,
CD2BP2,ENSG00000169217,0.328427319987448,0.211054877248555,0.418475953621386,-0.000560768859463992,missense|LC,16030352961,16,30352961,
WBP1,ENSG00000239779,0.328512146408728,0.704082675151669,0.195164854580887,0.000263171229814489,missense|LC,2074455042,2,74455042,
PTK2,ENSG00000169398,0.328520050774326,0.910086703580752,0.188910376433015,-0.0000682847902057903,missense|LC,8140659392,8,140659392,
AC068896.1,ENSG00000258539,0.328541102734683,0.729608156038288,0.205833004577082,-0.000276479290347557,missense|LC,10124613225,10,124613225,
WDR37,ENSG00000047056,0.328571770028675,0.195264849957491,0.737761598069977,-0.000776035563548505,missense|LC,10001072060,10,1072060,
PCDH17,ENSG00000118946,0.328660418512195,0.191718736305008,0.836062899403687,0.000646700011091243,missense|LC,13057632455,13,57632455,
KRTAP9-7,ENSG00000180386,0.328661036582553,0.441545685190411,0.193058064869894,0.00088115519978259,missense|LC,17041275767,17,41275767,
TPM4,ENSG00000167460,0.328785211705022,0.259844758475679,0.191195559754949,0.00146409404990319,missense|LC,19016067552,19,16067552,
REXO1,ENSG00000079313,0.328937121213456,0.561766528406516,0.192316289269268,0.000121764919418421,missense|LC,19001810531,19,1810531,
GPRC5A,ENSG00000013588,0.328938396538807,0.211696590921149,0.37403499103182,-0.000543477274439234,missense|LC,12012908211,12,12908211,
CPNE6,ENSG00000100884,0.329077938063961,0.667861310240273,0.204164016857121,-0.000229143741025905,missense|LC,14024065840,14,24065840,
ADD1,ENSG00000087274,0.329165411429958,0.192878899855528,0.763904850702471,0.000654694929767105,missense|LC,4002875834,4,2875834,
PRKAG2,ENSG00000106617,0.329240761413,0.663700476088283,0.187034668480062,-0.000397514884247447,missense|LC,7151557074,7,151557074,
MLYCD,ENSG00000103150,0.329336984384242,0.938450150450143,0.194668829509625,0.0000303501589320009,missense|LC,16083899025,16,83899025,
DHRS7,ENSG00000100612,0.329353661302538,0.188245030237687,0.48066046282083,-0.00139011885211848,missense|LC,14060144930,14,60144930,
KLRG2,ENSG00000188883,0.32948498360882,0.201995983526339,0.478458073719116,-0.000802512747884602,missense|LC,7139453497,7,139453497,
OR8G1,ENSG00000197849,0.329492767630097,0.928450123843514,0.196552202858653,0.0000654540865024441,missense|LC,11124249568,11,124249568,
TOM1,ENSG00000100284,0.329602231686771,0.653292649922624,0.198370875675017,-0.000213491015252832,missense|LC,22035299828,22,35299828,
TSEN34,ENSG00000170892,0.329731756167822,0.1995993689958,0.324041190676311,-0.000951987718742047,missense|LC,19054187050,19,54187050,
AC018755.2,ENSG00000268500,0.329849896328102,0.193359734590832,0.887500567880904,-0.000833324529627147,missense|LC,19051612169,19,51612169,
MLF2,ENSG00000089693,0.330005632131529,0.964781355468416,0.191381611659546,-0.0000398785652244044,missense|LC,12006748708,12,6748708,
TSPAN1,ENSG00000117472,0.330025354736025,0.208677810270283,0.533303386897566,0.000767784055230325,missense|LC,1046176128,1,46176128,
BHLHA15,ENSG00000180535,0.330039793037361,0.388565367397631,0.197013013222471,-0.000797624840128491,missense|LC,7098212207,7,98212207,
OR2A25,ENSG00000221933,0.330046468250694,0.238301599799893,0.199387310177224,-0.000721890747294666,missense|LC,7144074158,7,144074158,
CXCR5,ENSG00000160683,0.33005495108213,0.622581477275215,0.193928187144488,-0.00042353414141546,missense|LC,11118883866,11,118883866,
AC010422.6,ENSG00000269693,0.330251997208052,0.215672323095493,0.46568890251027,-0.0016134628638133,missense|LC,19012526368,19,12526368,
CYTIP,ENSG00000115165,0.330276226081158,0.266082461920424,0.200758328389949,0.000850817332099834,missense|LC,2157415643,2,157415643,
CCL18,ENSG00000275385,0.330305387591638,0.359724201793711,0.204089236732656,-0.000953061206507751,missense|LC,17036064297,17,36064297,
LIN7A,ENSG00000111052,0.330327430651156,0.192451391302543,0.326654178298734,-0.00222114066519317,missense|LC,12080811477,12,80811477,
MEF2C,ENSG00000081189,0.330341466396946,0.760189524157345,0.190937563891586,-0.000723314623112397,missense|LC,5088722537,5,88722537,
ACTG1,ENSG00000184009,0.330368610018526,0.854029560693809,0.185108517524927,0.000476730794107415,missense|LC,17081510589,17,81510589,
FAM180B,ENSG00000196666,0.330384228744584,0.196965882471742,0.54682233222524,0.00152962323236518,missense|LC,11047581982,11,47581982,
KCNE1,ENSG00000180509,0.330388493326087,0.58961506771604,0.199216951615104,0.000924149244383416,missense|LC,21034449320,21,34449320,
PLA2G2E,ENSG00000188784,0.330408331890565,0.544534241409698,0.210743096959046,-0.000833421188552489,missense|LC,1019920238,1,19920238,
C9orf40,ENSG00000135045,0.330437269685986,0.193087864994758,0.530797204087712,0.00230000989978391,missense|LC,9074947981,9,74947981,
RTEL1-TNFRSF6B,ENSG00000026036,0.330460081112624,0.635631558165902,0.196342568685299,0.000176831783383952,missense|LC,20063659363,20,63659363,
PSAP,ENSG00000197746,0.330622776741133,0.71561724558183,0.18894018510065,-0.000222050363801789,missense|LC,10071811298,10,71811298,
NGEF,ENSG00000066248,0.330769435217087,0.579188917243611,0.209268159525036,0.000210434969823869,missense|LC,2232875842,2,232875842,
GABRP,ENSG00000094755,0.330799717590343,0.715542011988146,0.21808014021971,0.000131878753702759,missense|LC,5170788540,5,170788540,
CXCL12,ENSG00000107562,0.330847570771073,0.235745580491693,0.197643417000102,-0.00141768575184627,missense|LC,10044377168,10,44377168,
AADACL4,ENSG00000204518,0.330928776046652,0.412190326381137,0.207266182945517,-0.000316344171298895,missense|LC,1012644447,1,12644447,
AC079447.1,ENSG00000241962,0.331056669108832,0.662343182148065,0.227598157449474,-0.000198201431261319,missense|LC,2099140994,2,99140994,
ABL2,ENSG00000143322,0.331067980440403,0.193407088076305,0.314964660928691,0.000546137270659364,missense|LC,1179094331,1,179094331,
PRKCA,ENSG00000154229,0.331184881711404,0.20485064794678,0.422923107356749,0.000871024148327915,missense|LC,17066302744,17,66302744,
LRP5L,ENSG00000100068,0.331189832826032,0.20619817488727,0.32829946152911,-0.00046099820904996,missense|LC,22025351606,22,25351606,
IRF2BPL,ENSG00000119669,0.331219847351995,0.196356145597941,0.579614480371911,0.000343579406259403,missense|LC,14077025350,14,77025350,
RNF216,ENSG00000011275,0.331233241128732,0.327963836601184,0.189562695939412,-0.000453311619882398,missense|LC,7005622776,7,5622776,
SLC6A3,ENSG00000142319,0.331260013311147,0.399529248162827,0.19735114462035,0.00040974869389417,missense|LC,5001394656,5,1394656,
SFRP4,ENSG00000106483,0.3313247791881,0.202629625805234,0.278146464258094,0.00088377172514917,missense|LC,7037907413,7,37907413,
ADAT3,ENSG00000213638,0.331356172275544,0.19059643457962,0.322751006929775,-0.000574602371079184,missense|LC,19001911921,19,1911921,
TTR,ENSG00000118271,0.331590101631539,0.401912066994174,0.240286266985588,-0.000578323028088055,missense|LC,18031591828,18,31591828,
STRN4,ENSG00000090372,0.331659282538653,0.729032894972062,0.194609417722699,0.000172734706336725,missense|LC,19046715983,19,46715983,
RUFY3,ENSG00000018189,0.33167354015171,0.444277891999171,0.190282223833084,-0.000710280257845431,missense|LC,4070721786,4,70721786,
EOGT,ENSG00000163378,0.331735348360123,0.621466709302401,0.203497349696706,-0.000348711322031975,missense|LC,3068977534,3,68977534,
EGR1,ENSG00000120738,0.331739181737683,0.192940538823111,0.425987379735428,-0.000935913144213401,missense|LC,5138465648,5,138465648,
EFCAB7,ENSG00000203965,0.331802942726932,0.525247569827361,0.216429029902084,0.000220749484518258,missense|LC,1063523029,1,63523029,
SNORC,ENSG00000182600,0.331827288607899,0.352963825297655,0.201606816002145,-0.00099999815807267,missense|LC,2232870267,2,232870267,
GAS8,ENSG00000141013,0.331916594953828,0.347885532403069,0.202076136837856,-0.000373924272505876,missense|LC,16090019260,16,90019260,
HSD17B6,ENSG00000025423,0.331966162349742,0.974861279862611,0.205280907397944,-0.0000123135401272913,missense|LC,12056750979,12,56750979,
CST6,ENSG00000175315,0.331981133181699,0.326266806317218,0.240008007666152,-0.000730138261899213,missense|LC,11066011902,11,66011902,
SETDB2,ENSG00000136169,0.332036206273935,0.199560112276695,0.402486063750019,0.000945101522897667,missense|LC,13049451839,13,49451839,
TOMM20L,ENSG00000196860,0.332060504319769,0.744339012237665,0.197807267412198,0.00047353936275312,missense|LC,14058395817,14,58395817,
SCARB2,ENSG00000138760,0.332200538797239,0.702762099703993,0.221710312278282,0.000148974644228289,missense|LC,4076161636,4,76161636,
RANBP17,ENSG00000204764,0.332266835345914,0.292238861614445,0.197875425437738,0.000470603811630516,missense|LC,5170861944,5,170861944,
SEM1,ENSG00000127922,0.332316207995465,0.49239541644159,0.200212286948344,0.00126363356470234,missense|LC,7096483747,7,96483747,
BAIAP2L1,ENSG00000006453,0.332354958024428,0.93472603485138,0.211947936533266,-0.0000334008884744342,missense|LC,7098291016,7,98291016,
AGBL5,ENSG00000084693,0.33236415567913,0.195735517711131,0.378939205622648,0.000506004299249263,missense|LC,2027052879,2,27052879,
EMC6,ENSG00000127774,0.332417007069537,0.220354336842763,0.623880722457395,0.0021134120820453,missense|LC,17003663824,17,3663824,
SGK2,ENSG00000101049,0.332512586496308,0.196489948083036,0.884480913673201,0.000798280078964007,missense|LC,20043566267,20,43566267,
PRDM5,ENSG00000138738,0.33264687794186,0.224571979095174,0.19800915458915,-0.000998438951534175,missense|LC,4120695023,4,120695023,
SUSD5,ENSG00000173705,0.332658138931178,0.212278241747388,0.246491093103392,0.000479507700967702,missense|LC,3033152646,3,33152646,
ANAPC5,ENSG00000089053,0.33276518358703,0.532576585065188,0.193058752880384,0.000447068222103476,missense|LC,12121308426,12,121308426,
LMX1B,ENSG00000136944,0.332781034670071,0.767795550127943,0.188286060283574,-0.000333917670927186,missense|LC,9126614354,9,126614354,
APEH,ENSG00000164062,0.332810943628945,0.849271349647307,0.190990554234733,0.000121985927312721,missense|LC,3049674283,3,49674283,
RAD18,ENSG00000070950,0.332849787438903,0.191065112215819,0.454699823761802,-0.000902001708571552,missense|LC,3008881306,3,8881306,
LGI4,ENSG00000153902,0.332926681902733,0.200538850674599,0.239072453191311,-0.000646460364148705,missense|LC,19035120996,19,35120996,
RPA2,ENSG00000117748,0.332984994628114,0.238802117661401,0.638209850221326,-0.000672683139177672,missense|LC,1027892110,1,27892110,
REV1,ENSG00000135945,0.333115686496069,0.958566201889187,0.200585138954409,-0.0000177092972802708,missense|LC,2099396644,2,99396644,
USP18,ENSG00000184979,0.333125914128091,0.211653568141445,0.734532996938732,-0.000718238488667827,missense|LC,22018157548,22,18157548,
UQCRFS1,ENSG00000169021,0.333186310845171,0.813254105673729,0.192990365811414,-0.000304930727583181,missense|LC,19029207448,19,29207448,
MAPK7,ENSG00000166484,0.333187870548476,0.19370936220564,0.402023697767951,-0.000666907843179257,missense|LC,17019377748,17,19377748,
C4orf50,ENSG00000181215,0.333191400356805,0.195139255095833,0.481608981518439,0.000467718102567331,missense|LC,4005959274,4,5959274,
OR1M1,ENSG00000170929,0.33320611096693,0.195358125899731,0.494415994890482,0.000727631900970094,missense|LC,19009083170,19,9083170,
SF3B5,ENSG00000169976,0.333236403638661,0.565106823102218,0.19827060730237,-0.00189161513415685,missense|LC,6144095103,6,144095103,
PSTPIP2,ENSG00000152229,0.333287355780394,0.538605282864771,0.193871814738892,0.00125376425754287,missense|LC,18045985346,18,45985346,
BIK,ENSG00000100290,0.333346266087547,0.21043110910509,0.588076137549661,-0.000541301900816433,missense|LC,22043123931,22,43123931,
INSL6,ENSG00000120210,0.333357233066603,0.597932141309454,0.206280687051829,-0.000239853546432433,missense|LC,9005163889,9,5163889,
BHLHE23,ENSG00000125533,0.33347778845974,0.196161291306813,0.462708036691826,-0.000979216352327438,missense|LC,20063005856,20,63005856,
E2F8,ENSG00000129173,0.333534024029164,0.986914819970732,0.193487337013503,-0.00000271072870368752,missense|LC,11019224576,11,19224576,
RASSF3,ENSG00000153179,0.333560285828447,0.205577351102263,0.262149922558447,-0.000983704978798354,missense|LC,12064610591,12,64610591,
C1QTNF6,ENSG00000133466,0.333581944836481,0.213130234317601,0.868776758046333,0.000675494705121103,missense|LC,22037182083,22,37182083,
GTF2H3,ENSG00000111358,0.333584591507905,0.41258632466002,0.208939339226539,0.000576253908468698,missense|LC,12123630106,12,123630106,
GOSR1,ENSG00000108587,0.333624113434548,0.651990985806582,0.199024127396254,-0.000484321669833578,missense|LC,17030477372,17,30477372,
CYP7B1,ENSG00000172817,0.333758185584996,0.198713729831309,0.532062182496629,0.000747617145836921,missense|LC,8064596580,8,64596580,
IARS2,ENSG00000067704,0.333761102318823,0.426518403958732,0.193626250241504,-0.000399033037184395,missense|LC,1220094125,1,220094125,
LAPTM5,ENSG00000162511,0.333817099280482,0.50085306633905,0.231465329496538,0.000314531246187789,missense|LC,1030733442,1,30733442,
TOR1B,ENSG00000136816,0.333837623499695,0.751159248430182,0.201136268877969,-0.000210016824459948,missense|LC,9129803038,9,129803038,
EXTL3,ENSG00000012232,0.333873878193194,0.18956077785262,0.684109013235979,-0.0006730951601254,missense|LC,8028716001,8,28716001,
OR11L1,ENSG00000197591,0.333974990104535,0.20872348143576,0.555862245511989,-0.000658352608196976,missense|LC,1247840851,1,247840851,
DEFB118,ENSG00000131068,0.334016185349458,0.2105504881012,0.445728779160281,-0.000817630873055449,missense|LC,20031368572,20,31368572,
EPAS1,ENSG00000116016,0.334050367346117,0.762791548260252,0.200365740313101,0.000118309699799157,missense|LC,2046297792,2,46297792,
LMAN2,ENSG00000169223,0.334080947400723,0.440476394022067,0.216954474976136,0.000353841260811098,missense|LC,5177332002,5,177332002,
ZNF462,ENSG00000148143,0.334111283694359,0.555438359844544,0.189709614290369,-0.00019177833849746,missense|LC,9106923314,9,106923314,
HINT3,ENSG00000111911,0.33411657291188,0.875378391527714,0.197319495346692,0.000244036132812449,missense|LC,6125956894,6,125956894,
PLAA,ENSG00000137055,0.334137983857212,0.365280577796454,0.198579733415585,0.000453578795189396,missense|LC,9026905473,9,26905473,
SLC18A3,ENSG00000187714,0.334253245167373,0.190944211472316,0.882801462002787,-0.000982257131789082,missense|LC,10049610641,10,49610641,
LRBA,ENSG00000198589,0.334316119451686,0.710724738195257,0.192798708949659,-0.0000855082287441051,missense|LC,4150265702,4,150265702,
PANK3,ENSG00000120137,0.334397596211089,0.21605504113396,0.836417287348823,-0.00146163408888196,missense|LC,5168557510,5,168557510,
SORCS3,ENSG00000156395,0.33443582920438,0.212702377239443,0.545585477051073,-0.000659575079322915,missense|LC,10104641207,10,104641207,
SDF2L1,ENSG00000128228,0.33444488619852,0.210018641464761,0.305185676806272,0.00064248495744044,missense|LC,22021642230,22,21642230,
SCAND1,ENSG00000171222,0.334516917385728,0.20943772003955,0.307015394638402,-0.00120430544630694,missense|LC,20035953689,20,35953689,
IL17RE,ENSG00000163701,0.334546591021349,0.593821973587179,0.206349870700991,-0.000140005445551478,missense|LC,3009902551,3,9902551,
ZNF117,ENSG00000152926,0.334615738696631,0.5623072864201,0.200648912100942,-0.000300551909785286,missense|LC,7064978038,7,64978038,
OR4N5,ENSG00000184394,0.334723821503494,0.201179552217865,0.429067568597908,0.00057308947093827,missense|LC,14020143696,14,20143696,
RNPC3,ENSG00000185946,0.33482034225492,0.213296418810995,0.30213316090286,0.000457651208806679,missense|LC,1103526062,1,103526062,
ZMPSTE24,ENSG00000084073,0.334833012357793,0.19256183140769,0.458115856119236,-0.00125128068341222,missense|LC,1040258122,1,40258122,
KCNN3,ENSG00000143603,0.334932769506547,0.198924095281854,0.460157796017752,-0.000436288071069589,missense|LC,1154707883,1,154707883,
PRPSAP2,ENSG00000141127,0.334956147455354,0.221429020796182,0.545803161093336,-0.00104600893705814,missense|LC,17018865741,17,18865741,
CLEC4M,ENSG00000104938,0.334960716916466,0.663343422392049,0.192112298671592,0.000324934847937007,missense|LC,19007763206,19,7763206,
SRSF7,ENSG00000115875,0.335053261114685,0.26940143803952,0.207794203124512,0.00155599530749133,missense|LC,2038745059,2,38745059,
PABPC3,ENSG00000151846,0.33507527123619,0.200258757506245,0.890602984348849,0.000386500065557808,missense|LC,13025096111,13,25096111,
TRHDE,ENSG00000072657,0.335138435815415,0.859933108604687,0.198264908407804,0.0000852101560270144,missense|LC,12072272670,12,72272670,
REEP3,ENSG00000165476,0.33522415398904,0.19562663365075,0.390418515821589,0.0016738703326366,missense|LC,10063521478,10,63521478,
DNAH17,ENSG00000187775,0.335234543400817,0.188526472183372,0.535353690193423,0.000198072611093504,missense|LC,17078419482,17,78419482,
SMIM3,ENSG00000256235,0.335238123011183,0.365961842203249,0.243328696608105,0.000441632438704762,missense|LC,5150795353,5,150795353,
ARHGAP26,ENSG00000145819,0.335271823777927,0.194930083145509,0.4269948961025,-0.00170487437890231,missense|LC,5142770659,5,142770659,
DYDC2,ENSG00000133665,0.335295673209822,0.858184680117054,0.208915432132516,0.000216970246420957,missense|LC,10080342193,10,80342193,
OR51I1,ENSG00000167359,0.335338188150261,0.217642389184725,0.215666428298403,-0.000455359408740531,missense|LC,11005440527,11,5440527,
AQP12B,ENSG00000185176,0.335359785194726,0.550374856528654,0.203759903828035,0.000236379441826297,missense|LC,2240682253,2,240682253,
LYSMD3,ENSG00000176018,0.335458575671478,0.566381432190262,0.20497306289754,0.000427452136585964,missense|LC,5090512027,5,90512027,
ATP2A1,ENSG00000196296,0.335460653311411,0.254435234918741,0.190288496804176,0.000643913020014647,missense|LC,16028873407,16,28873407,
NPDC1,ENSG00000107281,0.335480941763241,0.204956437941266,0.376082233106521,0.000494576845734934,missense|LC,9137034562,9,137034562,
TENM2,ENSG00000145934,0.335486347326414,0.480529778934474,0.22625726306394,0.000564143777427786,missense|LC,5167755003,5,167755003,
TRIM33,ENSG00000197323,0.335554271190173,0.191456516276497,0.730369723481273,0.000959746639568969,missense|LC,1114397643,1,114397643,
PSG9,ENSG00000183668,0.335560184055316,0.860259253379017,0.195309802609691,-0.0000503472231014843,missense|LC,19043257290,19,43257290,
CYTH2,ENSG00000105443,0.335592728341123,0.868509934395128,0.192162247363354,-0.000193353131143839,missense|LC,19048464436,19,48464436,
EFHB,ENSG00000163576,0.335651814643619,0.200613105754602,0.474978309070212,0.000460293098610797,missense|LC,3019879529,3,19879529,
FFAR4,ENSG00000186188,0.33570794090315,0.53275924687227,0.196795200966547,-0.000509827558951528,missense|LC,10093566689,10,93566689,
FCGRT,ENSG00000104870,0.335773766965663,0.222044629475837,0.711900671503317,-0.000572670834877168,missense|LC,19049513377,19,49513377,
DPP6,ENSG00000130226,0.336014229010107,0.199794604508207,0.39575902388451,-0.000777751603014775,missense|LC,7154052546,7,154052546,
SNAPIN,ENSG00000143553,0.336017277238111,0.776761363176833,0.193895843242755,-0.000620256650428041,missense|LC,1153658612,1,153658612,
CCDC166,ENSG00000255181,0.336024916924065,0.824702227864162,0.196768399294137,-0.000114264629846912,missense|LC,8143706547,8,143706547,
CCNH,ENSG00000134480,0.336043275864022,0.723970998253515,0.197090823215027,-0.000318514206275571,missense|LC,5087389280,5,87389280,
CPT1B,ENSG00000205560,0.336043441844571,0.588221114109742,0.19916640199548,0.000230975653687837,missense|LC,22050569254,22,50569254,
AC073585.1,ENSG00000286088,0.336108366465849,0.211830794497256,0.315661409408855,0.000788906147771035,missense|LC,10122832193,10,122832193,
DEFB106A,ENSG00000186579,0.336177701604168,0.459683180140581,0.20334869474386,0.00183159898226389,missense|LC,8007823274,8,7823274,
CASTOR1,ENSG00000239282,0.336182784777297,0.196598897867624,0.764225288634102,0.0011619382894654,missense|LC,22030285575,22,30285575,
PEA15,ENSG00000162734,0.336192334856619,0.631428109371736,0.221996370740484,0.000637824333182324,missense|LC,1160201166,1,160201166,
CHM,ENSG00000188419,0.336199195813812,0.287959495976052,0.205017139481376,0.000594223865027344,missense|LC,23085864614,X,85864614,
C17orf67,ENSG00000214226,0.336200593233474,0.661609195052503,0.197833930435201,-0.000690855142553269,missense|LC,17056795009,17,56795009,
SNX11,ENSG00000002919,0.336214878293833,0.387026965408701,0.196629029760273,-0.00121017517920279,missense|LC,17048111010,17,48111010,
SPON2,ENSG00000159674,0.336214896801955,0.210121783641968,0.578173347162675,-0.000679493885870156,missense|LC,4001167380,4,1167380,
LY6D,ENSG00000167656,0.336328640571059,0.200960574739187,0.407378233509206,0.00197149304022513,missense|LC,8142785163,8,142785163,
MSTN,ENSG00000138379,0.336675647839842,0.345011695795165,0.211960853848968,0.000541992664205126,missense|LC,2190057171,2,190057171,
GOLGA7,ENSG00000147533,0.336825751227559,0.219807012991911,0.624701974702303,-0.0021680754958804,missense|LC,8041490828,8,41490828,
OSGEPL1,ENSG00000128694,0.33684558578556,0.617004770445359,0.198300824910436,-0.000479137474862936,missense|LC,2189743193,2,189743193,
CRPPA,ENSG00000214960,0.336909246196375,0.79660707548992,0.211996045880284,0.000151180824653967,missense|LC,7016091681,7,16091681,
KRTAP4-5,ENSG00000198271,0.336910321935913,0.423450904830023,0.213034669390311,-0.000362073231625545,missense|LC,17041149069,17,41149069,
NOL11,ENSG00000130935,0.337021429892856,0.214087498597738,0.505911777526387,0.000535888750616085,missense|LC,17067717827,17,67717827,
DPYS,ENSG00000147647,0.337067631813942,0.833818477845181,0.194387040545608,-0.000151615928615708,missense|LC,8104381133,8,104381133,
OVCH2,ENSG00000183378,0.337126386151211,0.236865883437992,0.34188739049456,-0.000318852560263197,missense|LC,11007689907,11,7689907,
SSBP1,ENSG00000106028,0.337306558702711,0.817684445850334,0.200271953007288,0.000410231860593728,missense|LC,7141739093,7,141739093,
POLR2J,ENSG00000005075,0.337340643627518,0.200341475277977,0.295753495199725,0.00238756975907146,missense|LC,7102468069,7,102468069,
CTDSPL,ENSG00000144677,0.337518238201105,0.454735920117594,0.205267545277271,-0.000827440916008223,missense|LC,3037862132,3,37862132,
ART4,ENSG00000111339,0.337521992829075,0.209808785643231,0.399323860262095,-0.000748562811174315,missense|LC,12014822844,12,14822844,
ZDHHC9,ENSG00000188706,0.337621365677,0.814132039649141,0.19710986015343,0.000385881145730502,missense|LC,23129806354,X,129806354,
ENO3,ENSG00000108515,0.337631429763292,0.206485778765986,0.233889501044734,0.000834032496935005,missense|LC,17004946567,17,4946567,
PTPRM,ENSG00000173482,0.337639838660619,0.19688370144719,0.582551092438171,-0.00128570122765189,missense|LC,18007567737,18,7567737,
HSPA9,ENSG00000113013,0.337731361302029,0.965880396557443,0.192944876302034,0.0000329411661934114,missense|LC,5138555999,5,138555999,
SNCAIP,ENSG00000064692,0.337773338181557,0.261510421872043,0.199847308323585,0.000396558205101274,missense|LC,5122391082,5,122391082,
OR51S1,ENSG00000176922,0.337859440732785,0.756992147634264,0.213713465196453,-0.000130820640985833,missense|LC,11004848151,11,4848151,
ZNF674,ENSG00000251192,0.33795674829185,0.217312100784173,0.408177561797006,-0.000352313821803389,missense|LC,23046499837,X,46499837,
IL31RA,ENSG00000164509,0.338139380270312,0.19571328856454,0.342450483799963,0.000855470009043745,missense|LC,5055851417,5,55851417,
GRM7,ENSG00000196277,0.338164750454903,0.451533390629666,0.195700716084995,-0.00138558872900397,missense|LC,3006861302,3,6861302,
LYRM2,ENSG00000083099,0.338206559742635,0.494247594335028,0.259273692395348,0.000369063674664386,missense|LC,6089627512,6,89627512,
HOXC4,ENSG00000198353,0.338224413819955,0.228907985124278,0.386463783708783,-0.000784594743901727,missense|LC,12054053866,12,54053866,
CEP44,ENSG00000164118,0.338253365464436,0.207414155691816,0.620502507360592,-0.000655110628600909,missense|LC,4174299064,4,174299064,
OR10A7,ENSG00000179919,0.338349589375412,0.229619295891497,0.208418641709594,0.000847363369438585,missense|LC,12055221006,12,55221006,
DSPP,ENSG00000152591,0.338357079004563,0.679103767023985,0.201673499607382,0.0000731506811586093,missense|LC,4087610855,4,87610855,
CDKN2AIPNL,ENSG00000237190,0.338620868995054,0.907067070614197,0.197721355772394,-0.000228969062837154,missense|LC,5134402851,5,134402851,
ATXN7,ENSG00000163635,0.338718912379359,0.211813373692796,0.250437501168828,0.000248727437272012,missense|LC,3063912497,3,63912497,
HJURP,ENSG00000123485,0.338728372937988,0.310892484903484,0.203289867671048,-0.000371219196034042,missense|LC,2233832119,2,233832119,
AF241726.2,ENSG00000250349,0.338943120406612,0.323837176791186,0.205408794471459,0.00264753756952163,missense|LC,23037403694,X,37403694,
IL9,ENSG00000145839,0.338963785272027,0.202978051272989,0.368962505610971,0.00166887105303839,missense|LC,5135887959,5,135887959,
MAP3K3,ENSG00000198909,0.338984952865593,0.195208636327593,0.429059010738369,-0.000912700307935378,missense|LC,17063632583,17,63632583,
CEP57L1,ENSG00000183137,0.339021921339078,0.506253304164848,0.20866744501487,0.000314147551298292,missense|LC,6109093712,6,109093712,
COPZ2,ENSG00000005243,0.339043196100161,0.361841603098224,0.221420379710772,-0.000679950700881093,missense|LC,17048026376,17,48026376,
CPLX1,ENSG00000168993,0.339100516970523,0.205695768317787,0.268492354243523,-0.00181292074053295,missense|LC,4000786393,4,786393,
OR8A1,ENSG00000196119,0.339103287499714,0.217595124450702,0.220117426510117,-0.000951217083604195,missense|LC,11124569983,11,124569983,
SEZ6,ENSG00000063015,0.339115732690097,0.792955658117144,0.209945805296535,-0.0000753327546548906,missense|LC,17028949963,17,28949963,
DIS3,ENSG00000083520,0.339193900211297,0.827920078351855,0.204052542415745,0.0000798905796549921,missense|LC,13072747165,13,72747165,
ANP32B,ENSG00000136938,0.339239638725023,0.203290708360714,0.305072622189852,-0.00439408335627836,missense|LC,9097983479,9,97983479,
AC009690.1,ENSG00000260729,0.339347509074417,0.651589290689065,0.199413921509014,-0.000511699885797576,missense|LC,15072287154,15,72287154,
HSD17B7,ENSG00000132196,0.339363786337081,0.219642255735685,0.767209169226302,-0.000801721198106066,missense|LC,1162790775,1,162790775,
PAPOLG,ENSG00000115421,0.339371608914516,0.200048387476411,0.88184421605743,0.000989967561106852,missense|LC,2060756374,2,60756374,
GMPR,ENSG00000137198,0.339404069351406,0.228309071843616,0.204943593160217,0.000738947474441,missense|LC,6016238655,6,16238655,
MKRN3,ENSG00000179455,0.339431301401889,0.492696291366439,0.192977715241761,-0.000439127911942552,missense|LC,15023565690,15,23565690,
CFL2,ENSG00000165410,0.339454171816385,0.345865946132705,0.198555292295518,-0.00231263206116265,missense|LC,14034712871,14,34712871,
TMEM203,ENSG00000187713,0.339480063433087,0.214691270651199,0.540318945978246,-0.00195136221578744,missense|LC,9137199082,9,137199082,
TMEM39A,ENSG00000176142,0.339513688465074,0.598898584145858,0.200349659438876,-0.000473249035340914,missense|LC,3119431940,3,119431940,
PHLPP1,ENSG00000081913,0.339554005637544,0.199621803209309,0.808884672887784,-0.000278616342745094,missense|LC,18062715616,18,62715616,
NXN,ENSG00000167693,0.339580718813031,0.20708647501931,0.260758939606358,0.000953811153738116,missense|LC,17000800883,17,800883,
TEX9,ENSG00000151575,0.339640349656067,0.214661074656227,0.446721741773884,0.000732261981113883,missense|LC,15056365323,15,56365323,
GAL3ST3,ENSG00000175229,0.339661744221211,0.55145110209898,0.19473528972789,0.000367287997772524,missense|LC,11066042446,11,66042446,
RTCA,ENSG00000137996,0.339724870887749,0.214264118483124,0.382045949317256,0.000571719966639413,missense|LC,1100266268,1,100266268,
SLFNL1,ENSG00000171790,0.3398057208192,0.201138046932809,0.495343310140619,-0.000465089356108396,missense|LC,1041015979,1,41015979,
UGT2B28,ENSG00000135226,0.339891726783871,0.408261503473322,0.215763504906987,0.000241564399559686,missense|LC,4069280384,4,69280384,
DHRS13,ENSG00000167536,0.339904611765816,0.892048506703448,0.194429770203013,0.000098290363215967,missense|LC,17028897440,17,28897440,
PTGIR,ENSG00000160013,0.339957797634917,0.220622383678831,0.417361205684215,-0.000484033009906842,missense|LC,19046620346,19,46620346,
RNF182,ENSG00000180537,0.339960063456704,0.747178246206505,0.19492211075581,-0.000427039437002227,missense|LC,6013977029,6,13977029,
RBM38,ENSG00000132819,0.33996813572091,0.896299886257859,0.221327783538284,0.0000651945423360877,missense|LC,20057391549,20,57391549,
HIVEP2,ENSG00000010818,0.339984175550674,0.380784801046306,0.199888418944586,0.000207679042013927,missense|LC,6142753093,6,142753093,
DHFR2,ENSG00000178700,0.339991016385481,0.314634380655897,0.197839463275909,-0.00196488694607145,missense|LC,3094053136,3,94053136,
C16orf96,ENSG00000205832,0.339996576576977,0.201961317499433,0.494258198703965,0.000298033274324787,missense|LC,16004556491,16,4556491,
SNX29,ENSG00000048471,0.340052539620767,0.324117566999852,0.20821125796121,-0.00661401826811283,missense|LC,16011976732,16,11976732,
QSOX1,ENSG00000116260,0.340161559363611,0.37899239479664,0.208570175693234,0.000247181910582101,missense|LC,1180154756,1,180154756,
ZIC2,ENSG00000043355,0.340469420554233,0.199599029386692,0.675598783431947,0.000838814034509744,missense|LC,13099977926,13,99977926,
MAML2,ENSG00000184384,0.34049741826741,0.820897380196563,0.196771232027453,0.000195560628425389,missense|LC,11095978876,11,95978876,
CDKN2A,ENSG00000147889,0.340642000890224,0.203634612162399,0.858882163434848,-0.00139418618008525,missense|LC,9021968173,9,21968173,
ZNF101,ENSG00000181896,0.340663448079676,0.816226530645121,0.213032989422234,-0.0000801072432148863,missense|LC,19019668836,19,19668836,
NACAD,ENSG00000136274,0.340718264781575,0.204167305629791,0.629030328077849,0.000343149125288795,missense|LC,7045075676,7,45075676,
ANKRD22,ENSG00000152766,0.340816773247612,0.239783007210294,0.234383854487125,-0.000945658148001502,missense|LC,10088815015,10,88815015,
TMEM211,ENSG00000206069,0.34090845055651,0.209269887927768,0.628152831552386,-0.00210930244092477,missense|LC,22024935214,22,24935214,
CMSS1,ENSG00000184220,0.340943784721985,0.905937978288662,0.227781341316189,0.000859149895431107,missense|LC,3099817896,3,99817896,
EMC10,ENSG00000161671,0.341015441051562,0.298690085545226,0.212872789505398,0.00055118352496424,missense|LC,19050475181,19,50475181,
UQCRB,ENSG00000156467,0.341054584140843,0.931929862154633,0.202875889624017,-0.000130684768173557,missense|LC,8096230981,8,96230981,
KIAA0753,ENSG00000198920,0.341067253690471,0.984693670091902,0.20277264145809,0.00000241738880102539,missense|LC,17006579717,17,6579717,
CFAP69,ENSG00000105792,0.341069505528203,0.25732711084832,0.201597039667683,-0.000456444646699004,missense|LC,7090245284,7,90245284,
ZNF75D,ENSG00000186376,0.34110569935125,0.205224286365293,0.321574694039295,0.000696032834036999,missense|LC,23135287104,X,135287104,
SCYL2,ENSG00000136021,0.341151965504603,0.528205111771632,0.212303807475261,0.000295394720226156,missense|LC,12100262246,12,100262246,
FAXC,ENSG00000146267,0.341187500699982,0.795101734578249,0.22096389309721,-0.000155521385580476,missense|LC,6099281188,6,99281188,
KIF15,ENSG00000163808,0.341244684524614,0.370573524335733,0.201410782952342,0.000210934756409983,missense|LC,3044761439,3,44761439,
NKAIN1,ENSG00000084628,0.341290175071247,0.21808897714237,0.65816087797511,-0.000802278410404268,missense|LC,1031181605,1,31181605,
WDR6,ENSG00000178252,0.341415775051152,0.767848490045329,0.201172773844072,-0.000101534251963924,missense|LC,3049002464,3,49002464,
SHANK3,ENSG00000251322,0.341429981035998,0.197060825137956,0.545935448688585,0.000423436888479776,missense|LC,22050674647,22,50674647,
DEAF1,ENSG00000177030,0.341442425106878,0.69976471707776,0.21657139977672,-0.000122989044076732,missense|LC,11000639357,11,639357,
BANK1,ENSG00000153064,0.341479237709659,0.677247549061471,0.196600147186121,-0.000371693987117591,missense|LC,4101790792,4,101790792,
ACVR2B,ENSG00000114739,0.34161074204898,0.251770528051169,0.203905290506136,0.000887834555833979,missense|LC,3038454238,3,38454238,
PTCD3,ENSG00000132300,0.341616518507362,0.769046365920228,0.20508048840972,0.0000996474016782021,missense|LC,2086105660,2,86105660,
CD47,ENSG00000196776,0.341616839412338,0.210874093725226,0.559659180176876,-0.00118533742043779,missense|LC,3108047228,3,108047228,
NEDD4,ENSG00000069869,0.341616905713177,0.208831175874354,0.28457706316799,-0.000378057525805694,missense|LC,15055829846,15,55829846,
RANBP3L,ENSG00000164188,0.341622980807807,0.587879715806684,0.210460270784424,-0.000299417926233192,missense|LC,5036249630,5,36249630,
SCPEP1,ENSG00000121064,0.341631299638862,0.203996302700994,0.533366082274518,0.000982591369160532,missense|LC,17056978159,17,56978159,
AC011499.1,ENSG00000267157,0.341725716403425,0.206041682500984,0.370430005849357,0.00183912899696792,missense|LC,19005782920,19,5782920,
CNOT7,ENSG00000198791,0.341753959225746,0.438543701815542,0.203059391503178,-0.00135422113699198,missense|LC,8017230641,8,17230641,
PCED1B,ENSG00000179715,0.341896628445481,0.211721100013587,0.243467539874938,0.000871175495791276,missense|LC,12047077308,12,47077308,
TRO,ENSG00000067445,0.342009185432442,0.202199212061314,0.674699995853993,-0.000354274643994425,missense|LC,23054922173,X,54922173,
YWHAQ,ENSG00000134308,0.342035762736972,0.198357351636524,0.895028772106688,0.00253152017010383,missense|LC,2009585202,2,9585202,
PLAC9,ENSG00000189129,0.342054719041587,0.730360832496518,0.231507383233306,0.000294558471178841,missense|LC,10080132682,10,80132682,
RHBG,ENSG00000132677,0.342079615528035,0.230076851377057,0.212561996084911,-0.000496517537099994,missense|LC,1156369149,1,156369149,
MAPKBP1,ENSG00000137802,0.342132522340094,0.367062327387577,0.205914323991601,0.000291419098314734,missense|LC,15041775225,15,41775225,
PEX6,ENSG00000124587,0.3421444293699,0.204621393108488,0.933898280252619,-0.000493758380497558,missense|LC,6042960673,6,42960673,
ANKRD12,ENSG00000101745,0.342158160434407,0.918177535925153,0.200280922665294,0.0000302103039282149,missense|LC,18009134138,18,9134138,
TUBGCP3,ENSG00000126216,0.342212118617078,0.700968598722643,0.194551499171622,0.000252967108970891,missense|LC,13112485952,13,112485952,
FGF13,ENSG00000129682,0.342260587694046,0.201249096157938,0.723848723802436,0.00173757833676998,missense|LC,23138632763,X,138632763,
FILIP1,ENSG00000118407,0.342307445342513,0.201004341993813,0.370644208742311,0.000472573124886788,missense|LC,6075307958,6,75307958,
NCBP2,ENSG00000114503,0.342311868815785,0.831668121520528,0.198745918369723,-0.000482075407873884,missense|LC,3196930792,3,196930792,
CCDC122,ENSG00000151773,0.342335778568419,0.841158689593941,0.197406063919595,0.00027937944422541,missense|LC,13043837198,13,43837198,
SPPL2A,ENSG00000138600,0.342398009340313,0.219532600110886,0.718963845246461,0.000452298110250737,missense|LC,15050707793,15,50707793,
C1orf53,ENSG00000203724,0.342825692900604,0.239348607081207,0.491216760548126,0.000750342253297013,missense|LC,1197902549,1,197902549,
ARL4D,ENSG00000175906,0.342867976409424,0.724807450145696,0.200041382886834,-0.000610778054368444,missense|LC,17043399621,17,43399621,
MOGAT3,ENSG00000106384,0.342894839476535,0.519442923624427,0.213756647266202,-0.000276512855648415,missense|LC,7101195855,7,101195855,
CCDC88B,ENSG00000168071,0.343027367331056,0.726662611205773,0.208173167265984,-0.0000708024701171703,missense|LC,11064340204,11,64340204,
SRM,ENSG00000116649,0.343050203103223,0.46431928314922,0.215230021724382,0.000846164165654562,missense|LC,1011054729,1,11054729,
UBE3C,ENSG00000009335,0.343101658549627,0.203985588133181,0.842659625103189,0.000554062801983237,missense|LC,7157139176,7,157139176,
PHF1,ENSG00000112511,0.343123697594905,0.738441157632947,0.201999696003507,0.000213530508751559,missense|LC,6033406121,6,33406121,
HSD17B1,ENSG00000108786,0.343154595540841,0.201823151547694,0.762917091410393,0.000727619089756238,missense|LC,17042548448,17,42548448,
ZNF708,ENSG00000182141,0.34319895945845,0.447463022656932,0.216806542640165,0.000262557664761375,missense|LC,19021293183,19,21293183,
CASP12,ENSG00000204403,0.343288999684542,0.218854894549623,0.572871941900002,-0.000622930442678949,missense|LC,11104886684,11,104886684,
SLC16A10,ENSG00000112394,0.343297381576337,0.764508080063154,0.21927088153297,-0.000179453384457202,missense|LC,6111087698,6,111087698,
FSD1,ENSG00000105255,0.343334074482929,0.198994195890776,0.287990339124631,-0.000962876123687252,missense|LC,19004302264,19,4302264,
CD151,ENSG00000177697,0.34340028545277,0.217396639295797,0.208984817056515,0.00125001322777882,missense|LC,11000828492,11,828492,
BTBD6,ENSG00000184887,0.343438284019607,0.245832269061783,0.210261828623186,-0.000632289266471908,missense|LC,14105246728,14,105246728,
ARHGDIG,ENSG00000242173,0.343502440055373,0.210676057593881,0.256250309199568,-0.00074479210292039,missense|LC,16000275816,16,275816,
SERPINA6,ENSG00000170099,0.343569367305728,0.633245239903369,0.206299526813144,0.000274385579020942,missense|LC,14094304343,14,94304343,
DMAC1,ENSG00000137038,0.343578653807252,0.304738844377536,0.204119531107399,-0.00131410035699454,missense|LC,9007798497,9,7798497,
RP1L1,ENSG00000183638,0.343618874430742,0.510103907545243,0.195332049457923,0.000094142470214511,missense|LC,8010606749,8,10606749,
TPST2,ENSG00000128294,0.343623040724167,0.791057892205973,0.228865131558843,0.000125428659045446,missense|LC,22026528114,22,26528114,
TBC1D17,ENSG00000104946,0.343728316433755,0.199815379582207,0.720354771350799,-0.000595616238424112,missense|LC,19049872810,19,49872810,
RCVRN,ENSG00000109047,0.34375659254878,0.950236097677744,0.207064204063895,-0.0000619182187825976,missense|LC,17009898066,17,9898066,
SERPINB2,ENSG00000197632,0.343772501323202,0.207508889774095,0.606970526369317,-0.000588159031261295,missense|LC,18063891358,18,63891358,
CRTC3,ENSG00000140577,0.343813776208599,0.329439092958565,0.204075771303528,0.000564604255225728,missense|LC,15090529972,15,90529972,
CATSPERD,ENSG00000174898,0.343824888013011,0.216419622637812,0.874019037505403,0.000334259806818228,missense|LC,19005719555,19,5719555,
CYP11B2,ENSG00000179142,0.343888811848668,0.195559124981906,0.650328361841547,-0.000741608837938541,missense|LC,8142911845,8,142911845,
RHOQ,ENSG00000119729,0.343944520124006,0.198105774843282,0.340058251828232,-0.00240272052339948,missense|LC,2046542967,2,46542967,
GRIFIN,ENSG00000275572,0.343975231853894,0.206374647913856,0.897148081001792,0.00105707279659861,missense|LC,7002475133,7,2475133,
TAS2R4,ENSG00000127364,0.343998627074751,0.217792531883278,0.889624381720988,-0.000779081244882155,missense|LC,7141778428,7,141778428,
CIPC,ENSG00000198894,0.344180446480147,0.499758578899168,0.227222087310583,0.000348775621335963,missense|LC,14077105615,14,77105615,
RNF128,ENSG00000133135,0.344205135280095,0.371332595593004,0.233764331331871,0.000345133608273681,missense|LC,23106726585,X,106726585,
SIGLEC5,ENSG00000105501,0.344220804584751,0.202607183194698,0.887087555089957,-0.000816201840179131,missense|LC,19051612169,19,51612169,
TALDO1,ENSG00000177156,0.344474397066803,0.845830529417204,0.214737067043738,-0.0000985001791281206,missense|LC,11000747418,11,747418,
THOP1,ENSG00000172009,0.344520884174939,0.468661036066266,0.200417494503658,-0.000331473827726646,missense|LC,19002785540,19,2785540,
POLH,ENSG00000170734,0.344556445622346,0.205790846508826,0.68010698234028,-0.000568012644507315,missense|LC,6043572431,6,43572431,
LHFPL2,ENSG00000145685,0.344623257643273,0.417214159767861,0.227156633672134,0.00061202537445797,missense|LC,5078488804,5,78488804,
CDKN2D,ENSG00000129355,0.34477606719116,0.779286303193522,0.202731790243833,-0.000456305773793703,missense|LC,19010561601,19,10561601,
SAYSD1,ENSG00000112167,0.344848151025935,0.212753002298232,0.321637525095825,0.00113700122033832,missense|LC,6039105368,6,39105368,
SLC16A4,ENSG00000168679,0.344886913627039,0.476029337121883,0.220205316512082,-0.000370591260629737,missense|LC,1110363693,1,110363693,
ACADL,ENSG00000115361,0.344887317442216,0.253662144661105,0.781015307069031,-0.000308965739565832,missense|LC,2210188934,2,210188934,
WDR81,ENSG00000167716,0.345018453593018,0.74237443249091,0.197339463343123,-0.0000826258646360578,missense|LC,17001724395,17,1724395,
SPRED3,ENSG00000188766,0.345072678099284,0.443221126336495,0.214541421139275,-0.00042059112677597,missense|LC,19038385302,19,38385302,
PHTF1,ENSG00000116793,0.345090368395482,0.197411966368171,0.650966748961015,-0.000893699174678995,missense|LC,1113697666,1,113697666,
PCDHB11,ENSG00000197479,0.345139883957087,0.204621014642369,0.30382767258186,0.000344935810015773,missense|LC,5141194635,5,141194635,
NDUFV3,ENSG00000160194,0.345175868920909,0.210067573186156,0.577820159591096,-0.000487692082595976,missense|LC,21042893226,21,42893226,
HNRNPH2,ENSG00000126945,0.345213501226279,0.225811378943253,0.405026786649658,-0.0016554271077338,missense|LC,23101403768,X,101403768,
ZNF84,ENSG00000198040,0.34521703445725,0.217888071348451,0.919915514356827,-0.000511665330725533,missense|LC,12133041389,12,133041389,
RPS4X,ENSG00000198034,0.345239012004346,0.202360670607173,0.817770886777756,0.00235393419707434,missense|LC,23072272678,X,72272678,
GALNT11,ENSG00000178234,0.345245736524563,0.21662140370702,0.78287342846562,0.000370433157760216,missense|LC,7152094129,7,152094129,
MMD2,ENSG00000136297,0.345252118328021,0.198286620312678,0.704799989285002,0.00114837098032197,missense|LC,7004907322,7,4907322,
OGFOD3,ENSG00000181396,0.345254968608034,0.22482128433037,0.235816824494737,-0.000635678635481772,missense|LC,17082392304,17,82392304,
FOXK1,ENSG00000164916,0.345392966201989,0.444643990441092,0.2125240642126,0.000283153686018444,missense|LC,7004682211,7,4682211,
NKX2-5,ENSG00000183072,0.345420236553122,0.925443649363022,0.20767211506456,0.0000697907098893089,missense|LC,5173232406,5,173232406,
ZFP91-CNTF,ENSG00000255073,0.345519266508945,0.238756877315207,0.367668904146732,-0.000355203054121373,missense|LC,11058575674,11,58575674,
WNT8A,ENSG00000061492,0.345604879414691,0.228190728795778,0.207018487941673,-0.000809776199553494,missense|LC,5138084020,5,138084020,
TXNDC15,ENSG00000113621,0.345708365711651,0.572605892620338,0.201927461399895,0.000607788352940185,missense|LC,5134874371,5,134874371,
OPRL1,ENSG00000125510,0.345763265316234,0.920407354136104,0.220109132951573,-0.0000435150315202927,missense|LC,20064076386,20,64076386,
MRPS9,ENSG00000135972,0.34583138326743,0.21906068207066,0.67224722009455,0.000391041369164027,missense|LC,2105037976,2,105037976,
AACS,ENSG00000081760,0.345838565864092,0.544616549053701,0.198706891072682,0.000324690074933837,missense|LC,12125065467,12,125065467,
ZMYND10,ENSG00000004838,0.34586847685417,0.709433823619137,0.216498136896209,0.000147964724841618,missense|LC,3050337046,3,50337046,
COX4I1,ENSG00000131143,0.34595381780483,0.221314405790338,0.308753121186111,-0.00149706401585189,missense|LC,16085799023,16,85799023,
INPP5B,ENSG00000204084,0.345959641878781,0.492858312048529,0.195722120758347,0.000434074114108588,missense|LC,1037857163,1,37857163,
AC026954.2,ENSG00000261915,0.346039342962265,0.953983444885055,0.230624012864117,0.0000207349448220841,missense|LC,17007307646,17,7307646,
SMCO2,ENSG00000165935,0.346147352496613,0.230615028969439,0.536711850592496,0.000720631451707478,missense|LC,12027470521,12,27470521,
FCRL6,ENSG00000181036,0.346169571789119,0.222486731061046,0.211013888817803,-0.000430576281390862,missense|LC,1159800526,1,159800526,
ENKD1,ENSG00000124074,0.346170468901792,0.412039905490549,0.208953287439963,-0.000456142503754463,missense|LC,16067657946,16,67657946,
PROX2,ENSG00000119608,0.346343126883432,0.604147887031952,0.214788394185491,-0.000194715052751636,missense|LC,14074855076,14,74855076,
LAMB3,ENSG00000196878,0.3463918847709,0.902997219544265,0.198049987995569,-0.0000357900868925468,missense|LC,1209609877,1,209609877,
KRTAP19-6,ENSG00000186925,0.346413818451211,0.964749963100441,0.236227398155877,0.0000453745289528406,missense|LC,21030541578,21,30541578,
TRIM9,ENSG00000100505,0.346520162589688,0.211366315173681,0.229798138960266,-0.00220293125485054,missense|LC,14050977210,14,50977210,
SLC39A11,ENSG00000133195,0.346692797190861,0.230410309486188,0.608044364027216,0.000437476102933157,missense|LC,17072647523,17,72647523,
EEF1D,ENSG00000104529,0.347045921612153,0.214859203445357,0.357973392429629,-0.000281688585299706,missense|LC,8143574735,8,143574735,
TDP1,ENSG00000042088,0.3470593941167,0.20439649021817,0.832276120672338,0.000825437856673532,missense|LC,14089952318,14,89952318,
MOBP,ENSG00000168314,0.347175356322718,0.204486211016007,0.331842740975391,0.0019549673595211,missense|LC,3039502009,3,39502009,
LCE2B,ENSG00000159455,0.347178598255987,0.557298624156082,0.210209904577071,0.000431747685767227,missense|LC,1152686707,1,152686707,
C3orf14,ENSG00000114405,0.34727802900803,0.206134704765567,0.421525632377127,-0.00265941426097422,missense|LC,3062320421,3,62320421,
TOP1MT,ENSG00000184428,0.347359122731862,0.549659345728261,0.203173031963985,-0.000216822424401623,missense|LC,8143309353,8,143309353,
C22orf42,ENSG00000205856,0.347428357942279,0.80164218599089,0.230768084735824,0.0000811058383571788,missense|LC,22032149407,22,32149407,
ZFAT,ENSG00000066827,0.347438262963775,0.897123324899571,0.207203911126774,0.0000369747358035687,missense|LC,8134478341,8,134478341,
OR5H6,ENSG00000230301,0.347560518403386,0.863713242839784,0.214066479304894,-0.000049452027816363,missense|LC,3098264198,3,98264198,
KCNJ3,ENSG00000162989,0.347637613928508,0.273258207499837,0.278062824469284,-0.000585798498092121,missense|LC,2154698737,2,154698737,
TTC12,ENSG00000149292,0.347669312319435,0.20118339515698,0.885001934756848,-0.000648101594195765,missense|LC,11113316247,11,113316247,
ELN,ENSG00000049540,0.347772302248022,0.206133390004804,0.356065088842531,0.000443171302125886,missense|LC,7074028117,7,74028117,
LRRK1,ENSG00000154237,0.347790777825779,0.235407152210223,0.364337006897025,0.000464931061175165,missense|LC,15100914627,15,100914627,
RAX,ENSG00000134438,0.34782518581051,0.781568960169181,0.214873050766091,0.000132358731242991,missense|LC,18059268861,18,59268861,
MBD4,ENSG00000129071,0.347933074404821,0.214741983548803,0.296180910817542,0.000447954348210397,missense|LC,3129428336,3,129428336,
SOWAHB,ENSG00000186212,0.347959148958918,0.824821121266515,0.208739581755441,-0.0000929117533388247,missense|LC,4076895387,4,76895387,
TRIML2,ENSG00000179046,0.348219938102814,0.44586539698765,0.206565998705319,0.00035564619772925,missense|LC,4188091292,4,188091292,
SLC13A3,ENSG00000158296,0.348224981355093,0.51612737355224,0.203903473189234,0.000426436509203007,missense|LC,20046559947,20,46559947,
PPP1R36,ENSG00000165807,0.348301337787022,0.421611820738223,0.208035578720875,0.000467698022402989,missense|LC,14064549937,14,64549937,
RNF135,ENSG00000181481,0.348337166851124,0.96512150539489,0.229256585807662,0.0000173866034800996,missense|LC,17030970950,17,30970950,
MID1,ENSG00000101871,0.348352559152452,0.410939943472407,0.202991437009306,-0.000521822771795432,missense|LC,23010449333,X,10449333,
RIDA,ENSG00000132541,0.348407721610761,0.594285929752531,0.218553077611572,-0.000558428463861065,missense|LC,8098102805,8,98102805,
BUB1B,ENSG00000156970,0.348550421589779,0.954720024075916,0.205463370064148,-0.0000239262476372578,missense|LC,15040161101,15,40161101,
MTMR1,ENSG00000063601,0.348566086996178,0.217634163506705,0.829737657020558,-0.000597561536747861,missense|LC,23150693376,X,150693376,
GSK3B,ENSG00000082701,0.348609897063747,0.407887129251341,0.21164175781058,-0.00114765324915059,missense|LC,3119826758,3,119826758,
CCDC150,ENSG00000144395,0.348690289369296,0.200935580703346,0.426228538985223,-0.000594298651548849,missense|LC,2196639670,2,196639670,
AC034102.2,ENSG00000257411,0.348723908784725,0.884963756200668,0.206886844977762,-0.000480847307411085,missense|LC,12056096403,12,56096403,
ZNF780A,ENSG00000197782,0.348733957366589,0.544087893650883,0.219837249918998,-0.000190176044249305,missense|LC,19040072990,19,40072990,
PTPMT1,ENSG00000110536,0.348900964396091,0.686771187119685,0.231179612980092,-0.000257421282281304,missense|LC,11047565526,11,47565526,
JUP,ENSG00000173801,0.348928350843349,0.197647577834702,0.644204284975894,-0.000679457681091992,missense|LC,17041755657,17,41755657,
EXOSC5,ENSG00000077348,0.348934571770448,0.423501091184575,0.203440795029844,0.00063349848515841,missense|LC,19041382645,19,41382645,
OPN4,ENSG00000122375,0.349037551242533,0.221801985095785,0.866940252770611,0.000508400652698096,missense|LC,10086654659,10,86654659,
PLK1,ENSG00000166851,0.349064031044038,0.425105649750977,0.213521970620229,-0.000419788796880552,missense|LC,16023678848,16,23678848,
EMILIN3,ENSG00000183798,0.349069495602628,0.207871774577806,0.286506041560504,-0.000421784606791818,missense|LC,20041355785,20,41355785,
GALNT4,ENSG00000257594,0.349124436447957,0.228052376457221,0.500134206741881,0.000397403151232272,missense|LC,12089522693,12,89522693,
ZNF816-ZNF321P,ENSG00000221874,0.349267293017776,0.223222285232489,0.263540232795908,-0.000618044510060835,missense|LC,19052923460,19,52923460,
OR4M1,ENSG00000176299,0.349370819342965,0.216693866096511,0.434748772178835,0.000590476003703738,missense|LC,14019780286,14,19780286,
SRSF11,ENSG00000116754,0.349385008901958,0.204914894820503,0.800018275148612,-0.00120852341813151,missense|LC,1070205300,1,70205300,
TTLL11,ENSG00000175764,0.349418091326293,0.201441570156246,0.401423162369305,0.000963497159844032,missense|LC,9121822491,9,121822491,
DPYSL5,ENSG00000157851,0.349433119830525,0.663828883171718,0.227791649351275,-0.000254428762649565,missense|LC,2026898371,2,26898371,
SPDYC,ENSG00000204710,0.34969410893422,0.202481154488418,0.3401003713798,-0.00108758776509825,missense|LC,11065170130,11,65170130,
PRSS53,ENSG00000151006,0.349703698428442,0.324749223844977,0.203728771667998,0.000504469211319656,missense|LC,16031078427,16,31078427,
POLB,ENSG00000070501,0.349820163932608,0.211184825910254,0.276878061377966,0.00126520844968103,missense|LC,8042338563,8,42338563,
MYDGF,ENSG00000074842,0.349844936051542,0.727917939752337,0.203904584155699,-0.00041756960653897,missense|LC,19004657945,19,4657945,
CSNK2A1,ENSG00000101266,0.349933449044252,0.205271067072419,0.925983513509428,0.00243630047238548,missense|LC,20000483867,20,483867,
IL6ST,ENSG00000134352,0.349974417790094,0.839585509481189,0.213957109236261,-0.0000755520982432583,missense|LC,5055940997,5,55940997,
CRP,ENSG00000132693,0.349988228276919,0.240789016232339,0.230006573919705,-0.000713212991670579,missense|LC,1159713399,1,159713399,
SLITRK5,ENSG00000165300,0.350002954523767,0.202068225061939,0.720195451280583,-0.000626257812467994,missense|LC,13087673499,13,87673499,
KCNG2,ENSG00000178342,0.350038930353704,0.832266024582781,0.202068824563791,0.000156091506086624,missense|LC,18079863668,18,79863668,
NAA16,ENSG00000172766,0.350052677692099,0.704689019889997,0.209436284036036,0.00016581131130583,missense|LC,13041311451,13,41311451,
GLRX5,ENSG00000182512,0.350073342335356,0.837704067339184,0.202004007999653,0.000335328170184677,missense|LC,14095534996,14,95534996,
FIZ1,ENSG00000179943,0.350192621067351,0.977238157837743,0.225457713093038,-0.00000598082384034239,missense|LC,19055592364,19,55592364,
STARD6,ENSG00000174448,0.350243104689705,0.241402784582295,0.800856352943067,-0.00075559321064906,missense|LC,18054324617,18,54324617,
SRRM5,ENSG00000226763,0.350248156181921,0.209853288973749,0.752570762213316,-0.000323047417355283,missense|LC,19043591939,19,43591939,
ZNF215,ENSG00000149054,0.350274067244456,0.276636833101645,0.218407134093913,-0.000326378811184593,missense|LC,11006921429,11,6921429,
KDELR3,ENSG00000100196,0.35036134011438,0.241426300680377,0.2602184750966,-0.000648067802962194,missense|LC,22038468168,22,38468168,
MAST4,ENSG00000069020,0.350424643417913,0.217936663487175,0.844604967026173,-0.000656416186256602,missense|LC,5066596520,5,66596520,
SHLD3,ENSG00000253251,0.350505928458883,0.205668846691594,0.306382748746443,-0.001688220858556,missense|LC,5065624099,5,65624099,
GMPPA,ENSG00000144591,0.350542943039265,0.219751697461865,0.228641172692119,-0.000627834144221118,missense|LC,2219496233,2,219496233,
DCDC2B,ENSG00000222046,0.35059850096731,0.537657700798771,0.231253085119659,-0.000251802741837673,missense|LC,1032204068,1,32204068,
GIMAP5,ENSG00000196329,0.350622383927391,0.403511647293855,0.223456703908614,-0.000382188012475634,missense|LC,7150737451,7,150737451,
NOG,ENSG00000183691,0.350677686829988,0.337044510873815,0.237782427698313,-0.000660763531686382,missense|LC,17056594150,17,56594150,
OR10P1,ENSG00000175398,0.350732630365937,0.202815711242485,0.500141968523413,-0.000935382063871134,missense|LC,12055636868,12,55636868,
CTSO,ENSG00000256043,0.350772641916445,0.770446697976763,0.207733256967862,0.000214808189518003,missense|LC,4155919767,4,155919767,
AP1M2,ENSG00000129354,0.350861667680743,0.360512138134798,0.212444852790115,0.000521781450781519,missense|LC,19010568416,19,10568416,
SAGE1,ENSG00000181433,0.350895955408811,0.213643415403619,0.357469854851728,0.000381772067694417,missense|LC,23135889074,X,135889074,
SARNP,ENSG00000205323,0.350906955603849,0.211303008580368,0.855632137822539,-0.00145431742572567,missense|LC,12055757448,12,55757448,
PPP1R9B,ENSG00000108819,0.35092067251599,0.412260418868114,0.215464184506495,-0.000454282464379385,missense|LC,17050135271,17,50135271,
PDGFD,ENSG00000170962,0.351048365707265,0.212005932131416,0.538007521929371,-0.000938114802705931,missense|LC,11103909587,11,103909587,
GCNT2,ENSG00000111846,0.351060854155861,0.228878735321423,0.55969589019948,-0.000532655362522946,missense|LC,6010528873,6,10528873,
SLAMF7,ENSG00000026751,0.351118497607186,0.409715264267899,0.22594896388551,0.000329972223867706,missense|LC,1160739248,1,160739248,
GRIN1,ENSG00000176884,0.351170248189208,0.845116456722963,0.199324171525392,-0.00032914169757299,missense|LC,9137139481,9,137139481,
BST2,ENSG00000130303,0.351175811957931,0.221331635574232,0.625720077232111,-0.00121233635276808,missense|LC,19017402834,19,17402834,
TOX4,ENSG00000092203,0.351185000462766,0.679531445752766,0.214886760474799,-0.000219352453618195,missense|LC,14021474815,14,21474815,
AL445423.3,ENSG00000286231,0.351231491725471,0.206824957696117,0.772254822069659,-0.000996981379722562,missense|LC,1220781990,1,220781990,
ZNF397,ENSG00000186812,0.351260837426822,0.723139092526576,0.209213125599819,0.00022288326132372,missense|LC,18035242385,18,35242385,
OR52I2,ENSG00000226288,0.35136597267559,0.221486016550237,0.218401847607682,0.000885089754409927,missense|LC,11004586753,11,4586753,
GSTA5,ENSG00000182793,0.351455762891699,0.352765476519237,0.238988374330483,0.000472375439921471,missense|LC,6052831758,6,52831758,
SMG6,ENSG00000070366,0.351537260274362,0.246050426660949,0.205031710148742,-0.000402550582983259,missense|LC,17002056253,17,2056253,
ZNF146,ENSG00000167635,0.351632370852051,0.207373496657291,0.620213490125216,-0.00245446633348901,missense|LC,19036236334,19,36236334,
AC092442.1,ENSG00000284684,0.351653632426254,0.222256890185255,0.462896306976073,0.00930831106907933,missense|LC,4006060381,4,6060381,
ALDOC,ENSG00000109107,0.351793300006526,0.279348399247107,0.206557033551074,0.00072418434982968,missense|LC,17028570779,17,28570779,
AL355987.1,ENSG00000204003,0.351802177611668,0.698517927882608,0.234913650656692,0.000152571678703945,missense|LC,9136739439,9,136739439,
ICE2,ENSG00000128915,0.351882657667647,0.248239133857578,0.212391201140255,0.000486744318008191,missense|LC,15060423549,15,60423549,
TBL1X,ENSG00000101849,0.351886286292896,0.267125758323672,0.207543764794734,0.000803382141574178,missense|LC,23009653535,X,9653535,
DENND5B,ENSG00000170456,0.351929984359962,0.222946956393515,0.649226502609941,-0.000483055500392939,missense|LC,12031387515,12,31387515,
PAX8,ENSG00000125618,0.3521367848985,0.82465349172328,0.204613423297651,0.000158128969503158,missense|LC,2113218502,2,113218502,
LCN6,ENSG00000267206,0.35223605507022,0.775970845551519,0.23503780019489,0.000111715383349684,missense|LC,9136739439,9,136739439,
ACAT2,ENSG00000120437,0.352292140396085,0.20266265214694,0.483275822325527,-0.00152086185112763,missense|LC,6159761994,6,159761994,
VSIG10L,ENSG00000186806,0.352319398570174,0.212096312929942,0.506665382882437,-0.000342431813027696,missense|LC,19051326820,19,51326820,
RGPD1,ENSG00000187627,0.352355696024356,0.234026695035107,0.239902197790433,0.000478023398779245,missense|LC,2086913661,2,86913661,
SEMA7A,ENSG00000138623,0.352412282393141,0.813622649272087,0.212794904632583,-0.000100480199991598,missense|LC,15074410494,15,74410494,
OGFOD2,ENSG00000111325,0.35241373334778,0.512535210078755,0.214626124867276,0.000300635747959493,missense|LC,12122976412,12,122976412,
RPF2,ENSG00000197498,0.352517816230953,0.772393361975442,0.209850214687166,0.000428224473379325,missense|LC,6110982013,6,110982013,
NDUFS1,ENSG00000023228,0.35252860695104,0.213050607985204,0.505777379387615,-0.000533046123854071,missense|LC,2206124157,2,206124157,
B3GAT1,ENSG00000109956,0.352551885214444,0.886947101521392,0.211459340070264,0.000119411887418844,missense|LC,11134381871,11,134381871,
AL365214.2,ENSG00000281613,0.352597068806868,0.210725242858434,0.96038193756578,-0.00111132489714394,missense|LC,6112253674,6,112253674,
SASH1,ENSG00000111961,0.352639794180845,0.21976358086777,0.242404081793375,-0.000351334371915506,missense|LC,6148342936,6,148342936,
NUDT17,ENSG00000186364,0.35264050384147,0.294782484644655,0.219696804218415,-0.000569800755911678,missense|LC,1145840867,1,145840867,
TMEM126A,ENSG00000171202,0.352722561705474,0.281867656329146,0.239812723602897,-0.000503333159603191,missense|LC,11085650232,11,85650232,
SPATA2L,ENSG00000158792,0.352729397491457,0.96278712660244,0.22692762789835,-0.0000173294994849669,missense|LC,16089691390,16,89691390,
ERCC6L2,ENSG00000182150,0.352822639295392,0.758116794578143,0.210028251704151,-0.000130752876879449,missense|LC,9095875943,9,95875943,
ZNF256,ENSG00000152454,0.352832929201734,0.227489858327904,0.240065936061496,0.000521750788677942,missense|LC,19057940829,19,57940829,
VKORC1,ENSG00000167397,0.352862367951741,0.508011352088294,0.211230129032445,-0.000751391897411306,missense|LC,16031085898,16,31085898,
CLCA4,ENSG00000016602,0.352926052102072,0.613929573702737,0.20289076893573,-0.000211727236943732,missense|LC,1086547043,1,86547043,
ATP1B2,ENSG00000129244,0.352934205152342,0.333401977740128,0.204956352898161,-0.000901007997747596,missense|LC,17007651448,17,7651448,
AC008770.1,ENSG00000257355,0.352960998799366,0.515858874728865,0.215081783117869,0.00203753983054744,missense|LC,19012014789,19,12014789,
SLC16A1,ENSG00000155380,0.353038346178901,0.209533712943963,0.366608242608936,0.0013255991095668,missense|LC,1112913799,1,112913799,
AL355916.3,ENSG00000258989,0.353050583467719,0.908041058403861,0.226550762848674,0.000161710385853171,missense|LC,14061528998,14,61528998,
FAM71B,ENSG00000170613,0.353095159607233,0.769652177499528,0.221869361753461,0.000113976425920319,missense|LC,5157162308,5,157162308,
PSMB5,ENSG00000100804,0.353098171586544,0.206265979186702,0.384225389576193,-0.00169614480427851,missense|LC,14023025798,14,23025798,
FERMT2,ENSG00000073712,0.35311549565282,0.642119520492137,0.214080629742495,0.000216954513715378,missense|LC,14052858312,14,52858312,
CLIC4,ENSG00000169504,0.35312726728284,0.204119505458035,0.637767326326128,-0.00214957948622233,missense|LC,1024745474,1,24745474,
SPACA1,ENSG00000118434,0.353184642829196,0.225989139788611,0.777854050418724,0.00106647163039162,missense|LC,6088047817,6,88047817,
PDE6B,ENSG00000133256,0.353194732090229,0.20921900486168,0.786999520290906,0.000421998199123675,missense|LC,4000625637,4,625637,
ITIH1,ENSG00000055957,0.353202834149851,0.211794982569902,0.287561007570673,0.000463265023332271,missense|LC,3052777571,3,52777571,
SLC17A9,ENSG00000101194,0.353224982326245,0.217702602524025,0.253283554663099,-0.000729810881791415,missense|LC,20062952739,20,62952739,
CBLN2,ENSG00000141668,0.353300507234881,0.206394553967986,0.427636392026617,-0.00192516782714998,missense|LC,18072538099,18,72538099,
NISCH,ENSG00000010322,0.353333008442607,0.771483816897993,0.20788554389523,0.0000774585903637046,missense|LC,3052451180,3,52451180,
OR7D4,ENSG00000174667,0.35341781147483,0.228865606243638,0.787811332871283,-0.000572919786011222,missense|LC,19009213863,19,9213863,
CDH17,ENSG00000079112,0.353475683911584,0.867029398129079,0.203036750431377,0.0000791047875546579,missense|LC,8094128213,8,94128213,
AMER1,ENSG00000184675,0.35350150778401,0.385252077446218,0.202665075936658,0.000268667245960368,missense|LC,23064186068,X,64186068,
ABCA13,ENSG00000179869,0.35351966618729,0.612371921604183,0.25741592824251,0.0000255246146237306,missense|LC,7048171401,7,48171401,
TRMT61B,ENSG00000171103,0.353570223287275,0.217758532068007,0.741985283830748,-0.00050472432892345,missense|LC,2028849836,2,28849836,
AL355102.2,ENSG00000258691,0.353609637777169,0.216059104901559,0.752337016379843,0.00326260619978002,missense|LC,14096237061,14,96237061,
BRWD1,ENSG00000185658,0.353612983764282,0.893387982403203,0.210093023295015,0.0000380999873290328,missense|LC,21039179864,21,39179864,
CETN3,ENSG00000153140,0.353619079027306,0.450855339484684,0.232279704401121,-0.000746034078434192,missense|LC,5090394034,5,90394034,
OR51B5,ENSG00000167355,0.35368610408589,0.215887409107204,0.966333129418294,0.000570143493207008,missense|LC,11005342589,11,5342589,
TDP2,ENSG00000111802,0.353703721568483,0.221319410443794,0.496869344436801,0.000431140626663954,missense|LC,6024650713,6,24650713,
OR1A2,ENSG00000172150,0.353795695534847,0.209955067051798,0.425617285078731,-0.000959734305970319,missense|LC,17003197497,17,3197497,
ATP5PD,ENSG00000167863,0.353807269085688,0.248334272312723,0.220957408771074,-0.00155278224089673,missense|LC,17075038830,17,75038830,
EXOG,ENSG00000157036,0.353813436886096,0.212835007747471,0.444140495469658,0.000850039169010146,missense|LC,3038496269,3,38496269,
UHRF2,ENSG00000147854,0.353868457082865,0.233319911719508,0.95513158976985,-0.000534084737119424,missense|LC,9006413364,9,6413364,
EIF3G,ENSG00000130811,0.353970522783351,0.203413432569395,0.654780233383724,0.00171306691794328,missense|LC,19010110016,19,10110016,
UNC5C,ENSG00000182168,0.354007759131583,0.245052709443675,0.219427050266435,-0.000324220424841403,missense|LC,4095169125,4,95169125,
DCTN5,ENSG00000166847,0.354050045132296,0.66506778454504,0.211768531400174,0.000785088611300526,missense|LC,16023637815,16,23637815,
TMEM202,ENSG00000187806,0.354142373990571,0.226096522608221,0.28741380680191,0.000497000810340254,missense|LC,15072398275,15,72398275,
ZNF284,ENSG00000186026,0.354159413094766,0.218524131949105,0.306373192021269,-0.000486151116045025,missense|LC,19044067161,19,44067161,
ZNF230,ENSG00000159882,0.354168207254031,0.878760876227422,0.220710097523396,-0.0000433787880661806,missense|LC,19044007014,19,44007014,
MYO1H,ENSG00000174527,0.354232962491543,0.673363738290993,0.209598029995222,-0.000139793666951164,missense|LC,12109388726,12,109388726,
CAPN7,ENSG00000131375,0.354257391844083,0.595461377762825,0.225441413309786,0.000241515716168075,missense|LC,3015206445,3,15206445,
SERINC2,ENSG00000168528,0.354319507662626,0.319660369962439,0.220578313321051,0.000305591579968171,missense|LC,1031409769,1,31409769,
OR56A1,ENSG00000180934,0.354357589636259,0.229678401015082,0.388021454517813,-0.000506825249795727,missense|LC,11006026733,11,6026733,
TMLHE,ENSG00000185973,0.35438138925701,0.209641043351995,0.39326064572189,0.000840721953201914,missense|LC,23155491675,X,155491675,
TMEM265,ENSG00000281991,0.354390948417858,0.21132446539044,0.867378590562275,0.00171634192659633,missense|LC,16030736090,16,30736090,
SLFN11,ENSG00000172716,0.354428839995065,0.793503919010453,0.208503673768497,0.000118578567105927,missense|LC,17035352239,17,35352239,
TPR,ENSG00000047410,0.354699708013064,0.972876178201347,0.209824088369033,0.00000678783965032593,missense|LC,1186306652,1,186306652,
CD48,ENSG00000117091,0.354727669746895,0.681257841465373,0.236347472629136,0.000236637293129789,missense|LC,1160680500,1,160680500,
NUDT9,ENSG00000170502,0.35477607499077,0.229017420735166,0.347807131932919,0.000798000968675915,missense|LC,4087422854,4,87422854,
ERP29,ENSG00000089248,0.354961257265731,0.432890161255084,0.209930981882766,0.00083409735509572,missense|LC,12112013373,12,112013373,
SPATA6L,ENSG00000106686,0.354976698292711,0.222627823271292,0.259438597673495,-0.000575677114834192,missense|LC,9004604149,9,4604149,
DOCK1,ENSG00000150760,0.35502594543647,0.213789477369473,0.374604660268977,0.0010112317120763,missense|LC,10126970658,10,126970658,
TAAR2,ENSG00000146378,0.355038435436297,0.598527437483259,0.208004245110093,-0.000430339324533591,missense|LC,6132617052,6,132617052,
VPS8,ENSG00000156931,0.355089191060239,0.260594084407832,0.218870243691804,0.000310244717649789,missense|LC,3184824542,3,184824542,
DNAAF5,ENSG00000164818,0.355165210896609,0.20747895074426,0.279142592586595,-0.000404045485879592,missense|LC,7000726634,7,726634,
JPH2,ENSG00000149596,0.355169473208562,0.212678926238654,0.984257115537397,0.000593011311486885,missense|LC,20044114733,20,44114733,
TMEM198,ENSG00000188760,0.355226790804871,0.799106666255487,0.212707468458805,0.000151442298139074,missense|LC,2219539293,2,219539293,
SLAMF1,ENSG00000117090,0.355267747446301,0.957108369115675,0.208994753885296,-0.0000458754786582381,missense|LC,1160610778,1,160610778,
PGRMC1,ENSG00000101856,0.355316317463976,0.668305156460002,0.224954164567773,0.000298100527424766,missense|LC,23119236319,X,119236319,
MFSD4A,ENSG00000174514,0.35535931839268,0.93035314196165,0.203887531943439,0.0000870560327435832,missense|LC,1205568992,1,205568992,
SLC22A23,ENSG00000137266,0.355363974382326,0.207132204653999,0.622834427842038,-0.000792759568072303,missense|LC,6003264459,6,3264459,
ASIC3,ENSG00000213199,0.355404360485563,0.407279002620463,0.212220116516803,-0.000368786417088285,missense|LC,7151043887,7,151043887,
VIM,ENSG00000026025,0.355443147139166,0.254044056298532,0.206345082305451,-0.000939006104452314,missense|LC,10017229335,10,17229335,
FBXL20,ENSG00000108306,0.355453722954567,0.247334713742876,0.376243010775221,0.000783680722345564,missense|LC,17039261413,17,39261413,
EDNRB,ENSG00000136160,0.355459936544717,0.336426450831584,0.240067693330635,0.000439749639801405,missense|LC,13077896344,13,77896344,
AC010619.1,ENSG00000269469,0.355520931233337,0.692904490292614,0.254888417838925,-0.000214570243580672,missense|LC,19049458430,19,49458430,
TTF1,ENSG00000125482,0.355550630809448,0.835251475196375,0.214253216318405,0.0000939457545691117,missense|LC,9132375895,9,132375895,
RSPO1,ENSG00000169218,0.355636268353615,0.79943921561908,0.228519737156689,0.00018599879832009,missense|LC,1037612669,1,37612669,
BCAT2,ENSG00000105552,0.355638299611993,0.950501396629078,0.212886130088867,0.0000431970672934015,missense|LC,19048795306,19,48795306,
STOML3,ENSG00000133115,0.355753863013894,0.848248785189207,0.214068903206622,0.000146407166533579,missense|LC,13038966770,13,38966770,
CCDC70,ENSG00000123171,0.355768784834359,0.664883529269367,0.208652403641348,-0.000383369839163416,missense|LC,13051865312,13,51865312,
ZNF99,ENSG00000213973,0.355819225645259,0.213582943365335,0.722622520477824,0.000411208080172741,missense|LC,19022756055,19,22756055,
ENPP3,ENSG00000154269,0.355917340314506,0.217022505089239,0.239721885634245,0.000544500408678583,missense|LC,6131623461,6,131623461,
EPHB2,ENSG00000133216,0.356036932898262,0.215275947610017,0.277938535295553,0.000477782299708791,missense|LC,1022774486,1,22774486,
PTGR2,ENSG00000140043,0.35614952567151,0.406902999167198,0.212422511917884,-0.000682052004826255,missense|LC,14073858805,14,73858805,
AC068775.1,ENSG00000255641,0.356180396760438,0.283163046143826,0.209282974363004,-0.00120262712095675,missense|LC,12010407553,12,10407553,
RPUSD3,ENSG00000156990,0.356198559720716,0.806571826370457,0.225841077646484,0.000116521280053752,missense|LC,3009833001,3,9833001,
PPP1R32,ENSG00000162148,0.356209228702596,0.218465429456515,0.297372215959564,0.000329773730340945,missense|LC,11061481780,11,61481780,
MTHFD2L,ENSG00000163738,0.356238657392903,0.595742648693708,0.219700136580004,0.000309055998473607,missense|LC,4074158112,4,74158112,
WASHC4,ENSG00000136051,0.35629072429949,0.217219181105203,0.287970172905167,0.000474240510535889,missense|LC,12105107773,12,105107773,
TDRD1,ENSG00000095627,0.356311627730028,0.272220494080112,0.211667654639745,0.000411432295463689,missense|LC,10114187763,10,114187763,
PARN,ENSG00000140694,0.356324863283701,0.303009352754487,0.231177277671595,0.000446353921063256,missense|LC,16014436675,16,14436675,
GAREM2,ENSG00000157833,0.356369676812013,0.415909382509161,0.220376793780908,0.000275938111948482,missense|LC,2026173192,2,26173192,
RNF44,ENSG00000146083,0.356395874359065,0.209419404991209,0.985743534887014,-0.000713052362971675,missense|LC,5176528947,5,176528947,
CA14,ENSG00000118298,0.356474585296028,0.377632470489342,0.219089069120784,0.000658297034412222,missense|LC,1150258071,1,150258071,
HSPB3,ENSG00000169271,0.356527853291779,0.972155562375227,0.220448144148898,-0.000031227748665741,missense|LC,5054455748,5,54455748,
NCK1,ENSG00000158092,0.356572950624786,0.860973990209001,0.214308079213303,0.000146550399954606,missense|LC,3136899788,3,136899788,
PPID,ENSG00000171497,0.356592503127614,0.359111439620244,0.249813256350138,0.000451642116948714,missense|LC,4158706156,4,158706156,
XPO6,ENSG00000169180,0.35666387705746,0.779893105897195,0.220599213856452,0.000152291999919735,missense|LC,16028098470,16,28098470,
TMPRSS13,ENSG00000137747,0.356777415037469,0.209160464271352,0.712145447929592,0.00068559163737755,missense|LC,11117902163,11,117902163,
ARPC5L,ENSG00000136950,0.356777733790123,0.215011547673545,0.92902660116637,-0.00161240180059817,missense|LC,9124857263,9,124857263,
SEPTIN5,ENSG00000184702,0.356779741804471,0.570880352985014,0.209581557532723,-0.000683397844525076,missense|LC,22019714513,22,19714513,
SLA2,ENSG00000101082,0.356799033371712,0.382131508753626,0.221016425877637,-0.000606391501937698,missense|LC,20036607608,20,36607608,
CFAP299,ENSG00000197826,0.356877450990738,0.47603122733516,0.207453562858055,0.000659443969247152,missense|LC,4080335771,4,80335771,
GDF9,ENSG00000164404,0.356990177686585,0.23409633393518,0.284660408685097,0.000534790363052942,missense|LC,5132861532,5,132861532,
ZNF736,ENSG00000234444,0.357034517485517,0.606362996949728,0.248492991216253,-0.000149346169303694,missense|LC,7064314028,7,64314028,
ASCC1,ENSG00000138303,0.357035537812186,0.276616731078275,0.240691047170385,-0.000603594232796699,missense|LC,10072097313,10,72097313,
CDIP1,ENSG00000089486,0.357039606642455,0.212504779648984,0.338876269335519,0.00126060724974673,missense|LC,16004506861,16,4506861,
SENP1,ENSG00000079387,0.357043321413163,0.969220523346929,0.222410565747426,0.000018535371124606,missense|LC,12048045265,12,48045265,
ACOD1,ENSG00000102794,0.357052504275069,0.500886559199998,0.236889614620103,0.000293505294415443,missense|LC,13076948494,13,76948494,
TENM1,ENSG00000009694,0.357120101187304,0.675716673947323,0.214737850491061,-0.000098108167648553,missense|LC,23124371375,X,124371375,
TGFBR2,ENSG00000163513,0.357149220277728,0.225669238111785,0.465559139738154,0.00061166747201583,missense|LC,3030606811,3,30606811,
SGCD,ENSG00000170624,0.357156835626419,0.450051988741185,0.214129344449978,-0.00074000055807741,missense|LC,5156329496,5,156329496,
CFAP126,ENSG00000188931,0.357158492923783,0.23429094334172,0.417861151314025,-0.00116528205995157,missense|LC,1161362233,1,161362233,
DNASE1L3,ENSG00000163687,0.357170385405434,0.296008312080913,0.220235432384994,-0.000579551509878128,missense|LC,3058192609,3,58192609,
TCN1,ENSG00000134827,0.357194286183269,0.481146544437451,0.230371530329619,0.00026949402380197,missense|LC,11059852914,11,59852914,
ACTRT2,ENSG00000169717,0.357261190367821,0.273464433356147,0.239588705636485,-0.000417464438861112,missense|LC,1003021566,1,3021566,
LARS2,ENSG00000011376,0.357276160274554,0.226975777870047,0.814273647435685,-0.000524042701590387,missense|LC,3045394416,3,45394416,
TRMT10B,ENSG00000165275,0.35731594998128,0.235698610680071,0.732410320306926,0.000875146672117398,missense|LC,9037761869,9,37761869,
UHMK1,ENSG00000152332,0.357483370543447,0.384820837351191,0.230026862246005,-0.000459120900847591,missense|LC,1162497718,1,162497718,
MBD1,ENSG00000141644,0.357497143935284,0.6400990149694,0.210835727650317,0.000326334284436032,missense|LC,18050266263,18,50266263,
CPM,ENSG00000135678,0.35760313969556,0.438540609815275,0.221978120427929,-0.000500569779673866,missense|LC,12068856345,12,68856345,
CA11,ENSG00000063180,0.357624215640913,0.21864977546371,0.260728293942915,-0.00142735698466992,missense|LC,19048633370,19,48633370,
ARSA,ENSG00000100299,0.357631739290583,0.205570400927867,0.506410501613306,0.000837805295617973,missense|LC,22050625040,22,50625040,
TMEM129,ENSG00000168936,0.357652073418973,0.507901371231841,0.203853786142133,-0.000505788464065935,missense|LC,4001711830,4,1711830,
CRIPT,ENSG00000119878,0.357777537202418,0.220880602198893,0.453783956824102,-0.00236651713534517,missense|LC,2046612244,2,46612244,
PRSS33,ENSG00000103355,0.357863536525169,0.602780229741899,0.215992809249229,0.000338121687509918,missense|LC,16002784556,16,2784556,
HARS2,ENSG00000112855,0.357900965363749,0.220214830297585,0.5811303719439,-0.000797373391513688,missense|LC,5140690844,5,140690844,
NLRP5,ENSG00000171487,0.357936611798795,0.217525795686635,0.742913614361061,0.00594802088286075,missense|LC,19055999684,19,55999684,
BMP3,ENSG00000152785,0.35794881827253,0.452576888375093,0.221054118578492,0.000321731613157048,missense|LC,4081031187,4,81031187,
VPS16,ENSG00000215305,0.358054469886977,0.216525677116796,0.366227985664788,0.000405548656331458,missense|LC,20002835751,20,2835751,
CYB5B,ENSG00000103018,0.358068496711479,0.839850421653599,0.2374581973555,0.000181430155484983,missense|LC,16069424578,16,69424578,
H2BC13,ENSG00000185130,0.35814726245732,0.208756918182011,0.353062814164538,-0.00255210058813902,missense|LC,6027807362,6,27807362,
EDA,ENSG00000158813,0.35820864014644,0.389349314591407,0.244570118520127,0.000363236734768073,missense|LC,23069616217,X,69616217,
MTRNR2L4,ENSG00000232196,0.358325435842132,0.234761895791198,0.759789066305731,0.00442142203422936,missense|LC,16003371754,16,3371754,
C1D,ENSG00000197223,0.358422279614046,0.687177493179489,0.222544755384959,0.000557330067873279,missense|LC,2068042886,2,68042886,
CENPF,ENSG00000117724,0.358426950134264,0.576770080187382,0.209030860557472,-0.000117255459926741,missense|LC,1214605606,1,214605606,
CAMTA1,ENSG00000171735,0.358462136890395,0.223272349156866,0.79152590332851,-0.00329595325278343,missense|LC,1006785426,1,6785426,
TMEM158,ENSG00000249992,0.358497315626206,0.911831947351337,0.214123939765244,-0.0000726809461333567,missense|LC,3045224938,3,45224938,
FICD,ENSG00000198855,0.358604439337862,0.245352644306005,0.241736058932876,-0.000403444766507978,missense|LC,12108516898,12,108516898,
DNAJB8,ENSG00000179407,0.35868270998487,0.8577117833938,0.20756804640973,-0.000131033329114419,missense|LC,3128462453,3,128462453,
BNIP2,ENSG00000140299,0.358945669411902,0.559326504216335,0.220266517379442,0.000338479397426168,missense|LC,15059664014,15,59664014,
MKI67,ENSG00000148773,0.358975217528373,0.4927204048995,0.20743828512843,-0.000115388686642179,missense|LC,10128099141,10,128099141,
LRRIQ1,ENSG00000133640,0.358995760658359,0.225421348832305,0.264747078690075,-0.000262468461463727,missense|LC,12085038095,12,85038095,
SLC25A2,ENSG00000120329,0.359045462442779,0.221671321459959,0.978438743806773,0.000997484722151475,missense|LC,5141302861,5,141302861,
KAT5,ENSG00000172977,0.359069241914669,0.205996093237851,0.685006822032378,0.00152770118929227,missense|LC,11065712168,11,65712168,
CD7,ENSG00000173762,0.359198914719046,0.43347651104163,0.207126972622851,-0.000715055115418233,missense|LC,17082315291,17,82315291,
ENPEP,ENSG00000138792,0.359235306769263,0.216384481605946,0.475238064504074,0.000424343539586789,missense|LC,4110476294,4,110476294,
IREB2,ENSG00000136381,0.359283078893602,0.539392185382239,0.222253587689447,-0.000254359351792427,missense|LC,15078438282,15,78438282,
HAO1,ENSG00000101323,0.359402243398678,0.223042622123669,0.571499177314428,0.000651499156206869,missense|LC,20007883552,20,7883552,
RNF111,ENSG00000157450,0.359432416389327,0.208912083977521,0.537478689765494,0.000523885772954784,missense|LC,15059030823,15,59030823,
FHL3,ENSG00000183386,0.359457465475997,0.441779129253945,0.23973887640397,-0.000384792708244575,missense|LC,1037997306,1,37997306,
OR5M1,ENSG00000255012,0.359490088256122,0.508570094678459,0.227975913362545,-0.000329652399703998,missense|LC,11056612501,11,56612501,
AC026316.4,ENSG00000285218,0.359590187033894,0.21334872455129,0.876437253327013,-0.00340125595565869,missense|LC,3170419017,3,170419017,
CENPV,ENSG00000166582,0.359603640748364,0.707475924497127,0.226232389854899,-0.000196446960121237,missense|LC,17016342720,17,16342720,
PLK2,ENSG00000145632,0.359837884906775,0.225380018563698,0.771741380912918,-0.000893459404645558,missense|LC,5058454550,5,58454550,
TCAP,ENSG00000173991,0.359871413961116,0.79500686962732,0.227977839868518,0.000118918341039341,missense|LC,17039660353,17,39660353,
NSUN7,ENSG00000179299,0.359905150551531,0.209958740579014,0.403404889330406,0.000755363231298265,missense|LC,4040750593,4,40750593,
NR2E1,ENSG00000112333,0.359999504762413,0.207603690007484,0.398156523111415,-0.00182237512697362,missense|LC,6108168023,6,108168023,
CNOT4,ENSG00000080802,0.360015801713381,0.232548153841278,0.246198463258497,0.000788127762070698,missense|LC,7135362828,7,135362828,
ABRAXAS2,ENSG00000165660,0.360046657416245,0.231799295014924,0.23656190695216,0.000868779154064032,missense|LC,10124801747,10,124801747,
CLCN4,ENSG00000073464,0.360154254680626,0.230369891894965,0.458970677305006,-0.000869734005199458,missense|LC,23010184976,X,10184976,
ADCY4,ENSG00000129467,0.36025815139491,0.218484971048298,0.468836835383954,-0.000385854092279412,missense|LC,14024315609,14,24315609,
CHMP2A,ENSG00000130724,0.360348438636726,0.907959424042823,0.209385569475821,-0.000154540952516083,missense|LC,19058547255,19,58547255,
KRT13,ENSG00000171401,0.360366748064333,0.219986419909714,0.292055925128118,0.000481880907743608,missense|LC,17041501208,17,41501208,
TSPAN32,ENSG00000064201,0.360405561181988,0.226716169804801,0.385772579795571,-0.000426710690505776,missense|LC,11002299330,11,2299330,
CD46,ENSG00000117335,0.360453459116043,0.211046580866695,0.348565863320228,-0.00109738510527841,missense|LC,1207752149,1,207752149,
RASL10A,ENSG00000100276,0.360479918069959,0.216249514880115,0.302848482871001,-0.00130654825981776,missense|LC,22029308030,22,29308030,
TICAM1,ENSG00000127666,0.36058798284071,0.232800076438735,0.434330088017449,-0.000596907580268655,missense|LC,19004816075,19,4816075,
IL1R2,ENSG00000115590,0.36059969607266,0.218071772448196,0.461119566244124,0.000529470360676932,missense|LC,2102008525,2,102008525,
HUS1,ENSG00000136273,0.360667232116554,0.241769345291,0.590370170633423,0.000509599801630307,missense|LC,7047965319,7,47965319,
TCL1B,ENSG00000213231,0.360839158751969,0.678694350312363,0.251183437382352,0.00024239054519419,missense|LC,14095686366,14,95686366,
USP17L2,ENSG00000223443,0.360843651743304,0.210748691749029,0.888762279540146,0.000326719938998717,missense|LC,8012132420,8,12132420,
PTPN14,ENSG00000152104,0.360957949128196,0.980641209386864,0.215309170216627,0.00000448294638395265,missense|LC,1214357849,1,214357849,
KRTAP23-1,ENSG00000186980,0.361054066770597,0.25369319861438,0.833778845426315,-0.00141757230979265,missense|LC,21030348249,21,30348249,
CRYM,ENSG00000103316,0.361123781349525,0.214205859968381,0.912536126755414,0.0012481559710999,missense|LC,16021258734,16,21258734,
C1QTNF5,ENSG00000223953,0.361141302169652,0.987021875135079,0.210104211869584,7.40716970985682e-7,missense|LC,11119335069,11,119335069,
PF4,ENSG00000163737,0.361228751007333,0.220967610526488,0.841377501813415,-0.00223056080087303,missense|LC,4073981175,4,73981175,
UNC13B,ENSG00000198722,0.361283755391354,0.207887612795268,0.474601775732355,0.000512475640945908,missense|LC,9035162148,9,35162148,
UNKL,ENSG00000059145,0.361315313811052,0.222932313212644,0.646182233611393,0.000803344826438805,missense|LC,16001398307,16,1398307,
NRM,ENSG00000137404,0.361324726121616,0.853909670151339,0.220962480415454,0.000179183069283542,missense|LC,6030684319,6,30684319,
WDR49,ENSG00000174776,0.361468212091279,0.584437631652175,0.211370879195681,-0.000151413075683309,missense|LC,3167473857,3,167473857,
LAMC2,ENSG00000058085,0.361491276787205,0.25464967045107,0.214626263294669,-0.000248125353108488,missense|LC,1183185936,1,183185936,
PNLIPRP2,ENSG00000266200,0.361552340153175,0.238068800432891,0.815008286205889,0.000535574399853256,missense|LC,10116620889,10,116620889,
FAM122C,ENSG00000156500,0.361646262586275,0.268693846736346,0.227197549393464,-0.00082449914044922,missense|LC,23134807194,X,134807194,
HIPK1,ENSG00000163349,0.361708341405966,0.231913475524995,0.241391761848204,0.000731189091330773,missense|LC,1113929249,1,113929249,
FAM163A,ENSG00000143340,0.361786037738451,0.342403431949156,0.248982991440413,-0.000627961899576332,missense|LC,1179812999,1,179812999,
ZNF14,ENSG00000105708,0.361800368440174,0.208834030763541,0.471800111005578,0.000772260904038645,missense|LC,19019711248,19,19711248,
NCOA6,ENSG00000198646,0.361859579067555,0.642856193434591,0.21305412696312,0.000135678613929187,missense|LC,20034709926,20,34709926,
NEMF,ENSG00000165525,0.361884389252108,0.214949745508001,0.414334311967423,-0.000593103676131186,missense|LC,14049777843,14,49777843,
RAB31,ENSG00000168461,0.361999325049939,0.90089472273344,0.210560737393579,-0.000210950334015727,missense|LC,18009708333,18,9708333,
DTWD1,ENSG00000104047,0.362074601083357,0.221297345576645,0.473772275607257,-0.00099780496610329,missense|LC,15049625087,15,49625087,
AC107959.5,ENSG00000284956,0.362126502667472,0.310357427267839,0.346897473869063,-0.000578594414273756,missense|LC,8023102831,8,23102831,
VPS41,ENSG00000006715,0.362187898839091,0.654323610097014,0.227891594341568,0.000157484015996802,missense|LC,7038726214,7,38726214,
TCF15,ENSG00000125878,0.362269242991261,0.335017666850968,0.23674413515813,0.000620529861777668,missense|LC,20000604521,20,604521,
MCHR2,ENSG00000152034,0.362336407967467,0.406205516588067,0.213611031437707,0.000652375618817323,missense|LC,6099920864,6,99920864,
DPEP1,ENSG00000015413,0.362371733268929,0.42715982124172,0.206855882314085,0.000538714172165673,missense|LC,16089630348,16,89630348,
MZT1,ENSG00000204899,0.362387068322726,0.983059025666955,0.219226236015024,-0.0000144510752223539,missense|LC,13072710246,13,72710246,
ZNF300,ENSG00000145908,0.362514949418924,0.88901506304649,0.227549007475537,0.0000671983846563186,missense|LC,5150895381,5,150895381,
DRAXIN,ENSG00000162490,0.362564023533826,0.230183521806392,0.412212530824817,-0.000445438673810842,missense|LC,1011706171,1,11706171,
PTRHD1,ENSG00000184924,0.362660099156748,0.671771274329857,0.227933766331136,0.000444776969854574,missense|LC,2024790314,2,24790314,
ATG4A,ENSG00000101844,0.362694049131086,0.643388780164946,0.222255955497159,0.000272438075853674,missense|LC,23108087582,X,108087582,
WDHD1,ENSG00000198554,0.36269607591747,0.586526328974474,0.216619347848344,-0.000251401977949019,missense|LC,14054941427,14,54941427,
MSH3,ENSG00000113318,0.362704799641771,0.540493348460237,0.219648408678797,0.00015643247273179,missense|LC,5080649988,5,80649988,
MPRIP,ENSG00000133030,0.362787641679945,0.213672903501757,0.735195535289932,-0.000414671761328498,missense|LC,17017042853,17,17042853,
VPS36,ENSG00000136100,0.362924819335316,0.59977718981612,0.212684633544432,0.000537023018372345,missense|LC,13052415764,13,52415764,
FAM98B,ENSG00000171262,0.362925179237311,0.232774231805312,0.243152248502053,0.000621009327987821,missense|LC,15038454083,15,38454083,
SMAP2,ENSG00000084070,0.362938056472402,0.612369474892893,0.215295446972164,0.000399223368973524,missense|LC,1040374069,1,40374069,
GNRH1,ENSG00000147437,0.362979828079079,0.9439458393877,0.260686331022802,-0.0000555602022931637,missense|LC,8025419416,8,25419416,
OR2AK2,ENSG00000187080,0.362980578561777,0.89659988149841,0.224952240594573,0.0000735124071671903,missense|LC,1247965267,1,247965267,
SPATA12,ENSG00000186451,0.362994786683162,0.231716088623102,0.232185539292788,-0.00151698925595663,missense|LC,3057073538,3,57073538,
GPRC5B,ENSG00000167191,0.363016079040088,0.370257328399415,0.219187984500602,0.00046624145052946,missense|LC,16019856428,16,19856428,
CKLF,ENSG00000217555,0.363098915935797,0.212622255059985,0.611855960903977,0.00221730933352251,missense|LC,16066547822,16,66547822,
C1orf194,ENSG00000179902,0.36313659720859,0.925017277693134,0.219320876532341,0.000118589594514207,missense|LC,1109105979,1,109105979,
C8orf82,ENSG00000213563,0.363263492366617,0.233171784333468,0.411097712996149,-0.000760913104040551,missense|LC,8144520733,8,144520733,
SMIM18,ENSG00000253457,0.36332976349569,0.768601006899201,0.224876333513964,0.000622085049190378,missense|LC,8030635019,8,30635019,
PROSER2,ENSG00000148426,0.363428608074379,0.816696302842025,0.222262329014652,0.000068818670812516,missense|LC,10011851971,10,11851971,
PCDHAC2,ENSG00000243232,0.363480704831592,0.223172502621298,0.303303302253377,0.000387041167204628,missense|LC,5140966657,5,140966657,
SLC46A3,ENSG00000139508,0.363547469598371,0.240543865333368,0.495940467716915,-0.000642472136143569,missense|LC,13028700899,13,28700899,
PTH2R,ENSG00000144407,0.363553916478111,0.214370706199074,0.541122258338655,0.000530289426306389,missense|LC,2208406965,2,208406965,
F12,ENSG00000131187,0.363620807706598,0.225827699650299,0.604136290264826,-0.000644066277813163,missense|LC,5177397142,5,177397142,
SLCO1B3-SLCO1B7,ENSG00000257046,0.363662092085462,0.224849452831646,0.229601306601079,0.000502185943992049,missense|LC,12020815710,12,20815710,
SMCHD1,ENSG00000101596,0.363727177364953,0.210389266022855,0.326466407514698,-0.000628380842702669,missense|LC,18002655981,18,2655981,
ANP32A,ENSG00000140350,0.363750990489083,0.215693963901581,0.600023473993017,-0.00254901192527816,missense|LC,15068780011,15,68780011,
TBCEL,ENSG00000154114,0.363763781464507,0.417036177722571,0.217956759546666,-0.000607433232305814,missense|LC,11121045608,11,121045608,
PTPN20,ENSG00000204179,0.363878081418638,0.234768872758325,0.775635836622586,-0.000827378944865537,missense|LC,10046932427,10,46932427,
KDM4C,ENSG00000107077,0.363894064569182,0.855975714330725,0.223376295483837,-0.0000895021258552939,missense|LC,9006757547,9,6757547,
PAX7,ENSG00000009709,0.363988691546344,0.229243273582813,0.285972705874216,0.000612273107068299,missense|LC,1018631551,1,18631551,
RAB3GAP1,ENSG00000115839,0.364080281980584,0.234290861881559,0.607885653511655,-0.00048023284539961,missense|LC,2135052212,2,135052212,
TIMELESS,ENSG00000111602,0.364143198110265,0.306274766458769,0.215692550690023,0.000287869002821715,missense|LC,12056417641,12,56417641,
SAMD5,ENSG00000203727,0.364412738528782,0.230764525711055,0.573540772447791,-0.00124877139761704,missense|LC,6147508782,6,147508782,
IL17B,ENSG00000127743,0.364436420351455,0.214643448377616,0.332669446047672,0.00115830790906385,missense|LC,5149374288,5,149374288,
MRPL19,ENSG00000115364,0.364474772588387,0.352161019666558,0.247310165320684,0.000449856922046109,missense|LC,2075646731,2,75646731,
ZDHHC21,ENSG00000175893,0.364535066519899,0.253934810741584,0.345006622804221,-0.000795290341252134,missense|LC,9014618852,9,14618852,
GARNL3,ENSG00000136895,0.364598844073117,0.975425114202179,0.214485701410429,-0.0000135648077775561,missense|LC,9127263610,9,127263610,
CSTB,ENSG00000160213,0.364620207563693,0.269026493909755,0.254702840447793,-0.000915460826142768,missense|LC,21043774091,21,43774091,
SPTLC3,ENSG00000172296,0.364629511209821,0.625132987002628,0.211066979125924,0.000350903262601228,missense|LC,20013009218,20,13009218,
MVB12B,ENSG00000196814,0.36463155507554,0.212000947943197,0.713665103584352,0.00159081050280386,missense|LC,9126327175,9,126327175,
COX17,ENSG00000138495,0.364693985706137,0.227147420584664,0.645855885310428,-0.00240969126521968,missense|LC,3119675120,3,119675120,
EIF4A1,ENSG00000161960,0.364699776385513,0.217135910686488,0.3045297494665,0.0024516040821804,missense|LC,17007570252,17,7570252,
MFF,ENSG00000168958,0.364838330917737,0.872295992330754,0.215899763107402,0.000113927306975898,missense|LC,2227329715,2,227329715,
RSPRY1,ENSG00000159579,0.364927068789977,0.671877540364477,0.208292096434856,0.000531446907906824,missense|LC,16057185438,16,57185438,
DEF6,ENSG00000023892,0.364988722172826,0.29623530699061,0.241516965908977,0.000469816578430386,missense|LC,6035292821,6,35292821,
ELOVL1,ENSG00000066322,0.365049958713976,0.21123326911083,0.375112933633301,-0.00225631064270931,missense|LC,1043359136,1,43359136,
IGF2BP1,ENSG00000159217,0.365063911253166,0.23638589510329,0.613871786324671,0.00201263600611487,missense|LC,17048997652,17,48997652,
AP2S1,ENSG00000042753,0.365108764639248,0.220270939253071,0.50767475769865,-0.0045352386228319,missense|LC,19046838370,19,46838370,
GNRH2,ENSG00000125787,0.365129971482648,0.386018928726514,0.241100523342632,-0.000450658199462272,missense|LC,20003044409,20,3044409,
COX4I2,ENSG00000131055,0.365217799584149,0.813221388746454,0.230433393511667,0.000191810043466786,missense|LC,20031638937,20,31638937,
CDV3,ENSG00000091527,0.365257349393596,0.219535575578634,0.318084416191443,-0.00137498727573599,missense|LC,3133573938,3,133573938,
ZNF669,ENSG00000188295,0.365266699392408,0.465240630735251,0.231303110371943,-0.000289730258417505,missense|LC,1247100358,1,247100358,
MCRIP1,ENSG00000225663,0.365330624434236,0.361374996735091,0.222859769043475,0.000932436414876116,missense|LC,17081823204,17,81823204,
GNRHR,ENSG00000109163,0.365359075302903,0.231028515427173,0.549719342737857,-0.000587706259104048,missense|LC,4067740439,4,67740439,
PDCD6-AHRR,ENSG00000286169,0.365426633279915,0.52360384012938,0.223598528437161,0.000178925490935137,missense|LC,5000343802,5,343802,
CDC14A,ENSG00000079335,0.365457101559233,0.296296671886349,0.22822296688847,-0.000463157762173824,missense|LC,1100351672,1,100351672,
MZT2B,ENSG00000152082,0.365481394301405,0.24656667874268,0.485973397479698,0.000619059986177273,missense|LC,2130181188,2,130181188,
POLQ,ENSG00000051341,0.365489878152728,0.21447626423247,0.389426587863646,-0.000285542505795007,missense|LC,3121432230,3,121432230,
PDCD1,ENSG00000188389,0.365522340800224,0.22967337734995,0.349344072179964,0.000910733072318226,missense|LC,2241850938,2,241850938,
TBX1,ENSG00000184058,0.365550576141349,0.549435951217933,0.212171323561732,0.000374783550913979,missense|LC,22019759400,22,19759400,
TEN1-CDK3,ENSG00000261408,0.365628462780962,0.305619464650839,0.229911585495012,0.00164184285687929,missense|LC,17075978431,17,75978431,
MARS1,ENSG00000166986,0.36563106148469,0.318018919184751,0.222198398739728,-0.000385904005051627,missense|LC,12057488034,12,57488034,
CAMK2D,ENSG00000145349,0.365639555914984,0.250374949940798,0.344582495402638,-0.000697567762551857,missense|LC,4113455732,4,113455732,
KLK15,ENSG00000174562,0.365652039210609,0.234628753236162,0.381661473159592,0.000579414678677489,missense|LC,19050821578,19,50821578,
NSG1,ENSG00000168824,0.365734287595945,0.238822570650022,0.29167256315874,-0.000787140352243477,missense|LC,4004387582,4,4387582,
NAGS,ENSG00000161653,0.365764986095674,0.965723127792994,0.225856285782481,0.0000188273386179392,missense|LC,17044004541,17,44004541,
ZNF385C,ENSG00000187595,0.366091784958592,0.424033955874356,0.224817063440052,0.000348161728679378,missense|LC,17042021508,17,42021508,
POTEM,ENSG00000222036,0.366104887699111,0.227942941502497,0.492458522829028,-0.00072145468306411,missense|LC,14018967478,14,18967478,
GK2,ENSG00000196475,0.366113177165567,0.505974828538472,0.221788142314409,-0.000316790141152176,missense|LC,4079406527,4,79406527,
RFXAP,ENSG00000133111,0.366258299779712,0.710721520328522,0.213298696351471,-0.000408190914590362,missense|LC,13036819237,13,36819237,
SELENOH,ENSG00000211450,0.366277222021466,0.534524726759168,0.268149714933349,0.000424058661630647,missense|LC,11057737553,11,57737553,
BAG4,ENSG00000156735,0.366316981935016,0.755104017607742,0.251029059222811,0.000141172227331665,missense|LC,8038171931,8,38171931,
LMOD3,ENSG00000163380,0.366383368316545,0.223114525921433,0.693157439546438,0.000470512561305998,missense|LC,3069101789,3,69101789,
SSX1,ENSG00000126752,0.366453709323195,0.763432791679342,0.216441320581379,-0.000120486756627099,missense|LC,23048257171,X,48257171,
CHRNA10,ENSG00000129749,0.366525942476766,0.877091140772938,0.221988267398389,-0.000064747123418102,missense|LC,11003661301,11,3661301,
HAUS7,ENSG00000213397,0.366531509396557,0.223653615557925,0.405059782663956,-0.000628375692408179,missense|LC,23153444643,X,153444643,
C20orf144,ENSG00000149609,0.366619168841192,0.313904073642018,0.226842606943326,0.000620900845940083,missense|LC,20033657729,20,33657729,
C1orf198,ENSG00000119280,0.366627548250921,0.67284996406229,0.21872029304618,0.000277091423545987,missense|LC,1230839786,1,230839786,
NRBF2,ENSG00000148572,0.366638586963728,0.263351914226815,0.24378874448353,-0.000606505430005473,missense|LC,10063133373,10,63133373,
AZU1,ENSG00000172232,0.366706847538837,0.316490201251397,0.225590772878691,0.000612032211286416,missense|LC,19000827733,19,827733,
ZNF282,ENSG00000170265,0.366744982200979,0.470841620508397,0.232606026009597,-0.000263408461232449,missense|LC,7149190971,7,149190971,
SNN,ENSG00000184602,0.366756084442238,0.237076315266912,0.500965761019102,-0.00178679057656933,missense|LC,16011675962,16,11675962,
TSPYL2,ENSG00000184205,0.366781008410023,0.213544425587513,0.445885292224447,0.000451102976124155,missense|LC,23053077373,X,53077373,
MS4A1,ENSG00000156738,0.366859650045801,0.569693527969701,0.2229748859674,0.000557661929401255,missense|LC,11060462301,11,60462301,
KLB,ENSG00000134962,0.366885285192943,0.688906605625627,0.22264152658593,-0.000120719334311171,missense|LC,4039406896,4,39406896,
UNC5A,ENSG00000113763,0.366901825607533,0.222276659639624,0.80698976027954,0.000467839126535859,missense|LC,5176810709,5,176810709,
CC2D2B,ENSG00000188649,0.366938599676725,0.245095501651058,0.221487162174574,0.0011827182941347,missense|LC,10096000123,10,96000123,
AC027644.4,ENSG00000284461,0.367011353291753,0.618687260061766,0.246154748285171,0.000368781732517555,missense|LC,7066628959,7,66628959,
ANTXRL,ENSG00000274209,0.367016726246655,0.486875796268473,0.225019681291117,0.000159186809380184,missense|LC,10046287147,10,46287147,
UBE2M,ENSG00000130725,0.367060411511709,0.26855195371598,0.39028868898177,0.000758914309713101,missense|LC,19058551543,19,58551543,
CA3,ENSG00000164879,0.367113935893462,0.418639968642315,0.222542449941318,0.000772609857584684,missense|LC,8085438827,8,85438827,
SLC14A1,ENSG00000141469,0.367117907147633,0.32732691224123,0.238887410583555,0.000524020653062226,missense|LC,18045727187,18,45727187,
KISS1,ENSG00000170498,0.367162305740051,0.515639514036458,0.220688227348844,-0.000669846150585932,missense|LC,1204190460,1,204190460,
ZSCAN29,ENSG00000140265,0.367202445442144,0.68417152495601,0.216810571970663,-0.000149450784494043,missense|LC,15043360953,15,43360953,
TULP2,ENSG00000104804,0.367221847655752,0.226850708672323,0.682914905746254,-0.000482104043755065,missense|LC,19048875969,19,48875969,
IL19,ENSG00000142224,0.367231785108414,0.226311881765837,0.270659236950407,0.00160474262647437,missense|LC,1206768621,1,206768621,
SLC19A2,ENSG00000117479,0.367254722973882,0.705775814747591,0.213588646005366,0.000300776298063712,missense|LC,1169465768,1,169465768,
KRTAP6-1,ENSG00000184724,0.367302735154101,0.22662951796822,0.851394691591994,0.0013231071227275,missense|LC,21030613507,21,30613507,
CPLX4,ENSG00000166569,0.36733358448129,0.233515903932932,0.511817544278895,-0.00122339923075932,missense|LC,18059296606,18,59296606,
PI4KB,ENSG00000143393,0.367472433109569,0.229663167172185,0.238692955053869,-0.000894913676896782,missense|LC,1151286940,1,151286940,
ZNF607,ENSG00000198182,0.367539371268415,0.682913011232336,0.213337567766146,0.000204063437453978,missense|LC,19037697346,19,37697346,
VTA1,ENSG00000009844,0.367550942426661,0.348597855213845,0.251092758411018,-0.000447108848240094,missense|LC,6142147208,6,142147208,
FAM20C,ENSG00000177706,0.367566928040872,0.674077327978177,0.23658227684062,-0.000143803010530301,missense|LC,7000193100,7,193100,
SLCO6A1,ENSG00000205359,0.367568778895469,0.217630097654267,0.457244461974779,-0.000577689242148326,missense|LC,5102373288,5,102373288,
PCNP,ENSG00000081154,0.367628198356348,0.254225373533469,0.21987308106445,0.00180779986194118,missense|LC,3101574021,3,101574021,
EEF1AKMT2,ENSG00000203791,0.367720729753272,0.228437094979447,0.245452198993871,0.000909432257384049,missense|LC,10124760375,10,124760375,
TMEM67,ENSG00000164953,0.367758049869123,0.933405460693885,0.234598733765554,-0.0000304482486633511,missense|LC,8093754853,8,93754853,
ATP6V0A4,ENSG00000105929,0.367780115122603,0.246969644564282,0.25740668382963,0.000395976966236919,missense|LC,7138706530,7,138706530,
SEC23B,ENSG00000101310,0.367780305973747,0.235013928986838,0.373161762092038,0.000500627686781273,missense|LC,20018504694,20,18504694,
COMMD1,ENSG00000173163,0.367864952018216,0.216526958076872,0.494440054847584,0.00289258368116763,missense|LC,2061905647,2,61905647,
ANKRD61,ENSG00000157999,0.367895019418266,0.245494676050058,0.401918579955879,-0.000389892606437439,missense|LC,7006026677,7,6026677,
OR8I2,ENSG00000172154,0.367914365872826,0.239437327763497,0.319601529172648,-0.000493134336634304,missense|LC,11056093277,11,56093277,
SNAI3,ENSG00000185669,0.367923891426322,0.906152221642894,0.225996103711003,-0.0000480449358050383,missense|LC,16088678644,16,88678644,
CXCL17,ENSG00000189377,0.367946475108748,0.218981592015967,0.370146337720872,0.00384104961693159,missense|LC,19042423341,19,42423341,
RPS19BP1,ENSG00000187051,0.367998431301839,0.221041714297981,0.553189093794217,-0.0014407643667251,missense|LC,22039529376,22,39529376,
MAGEB6,ENSG00000176746,0.368170385878083,0.214973702818119,0.407708558884233,0.00059730507653135,missense|LC,23026193767,X,26193767,
STT3A,ENSG00000134910,0.368186499680559,0.485319974282874,0.215894855030187,0.000674814567666997,missense|LC,11125595886,11,125595886,
ACTG2,ENSG00000163017,0.368205686538327,0.986659161682935,0.214483573564852,-0.0000096016332300953,missense|LC,2073901201,2,73901201,
ACTL7A,ENSG00000187003,0.368274112593944,0.231008477249703,0.554316022609241,-0.000459712875258933,missense|LC,9108862240,9,108862240,
TCAF1,ENSG00000198420,0.368350763161164,0.221842074018595,0.338643205876598,0.00106237498402806,missense|LC,7143857444,7,143857444,
CCDC194,ENSG00000269720,0.368359651430045,0.639860784754978,0.232432510576932,-0.00108248324921009,missense|LC,19017391556,19,17391556,
OR2T7,ENSG00000227152,0.36840321734646,0.41992389019973,0.232009182757131,0.000255909651545145,missense|LC,1248441082,1,248441082,
DAGLA,ENSG00000134780,0.368429994239354,0.543021693097871,0.22826626410506,0.000252638655873126,missense|LC,11061720071,11,61720071,
HMGB1,ENSG00000189403,0.368465678180942,0.23334751898814,0.280186623726119,0.000604828347640793,missense|LC,13030461049,13,30461049,
GDPD5,ENSG00000158555,0.368630063640337,0.853814157435127,0.220210439486586,0.0000934833371135387,missense|LC,11075429622,11,75429622,
ATP1B1,ENSG00000143153,0.368718736900774,0.25487738792615,0.215993871016512,-0.00214968219723263,missense|LC,1169106764,1,169106764,
AC009133.6,ENSG00000280893,0.368785106912131,0.226955583587038,0.313562481872764,-0.000704213113667239,missense|LC,16029807250,16,29807250,
EIF4EBP2,ENSG00000148730,0.368809243150127,0.264057546517535,0.307814439424323,0.000938061556086418,missense|LC,10070404275,10,70404275,
ARCN1,ENSG00000095139,0.368814592344305,0.21564408930963,0.612245473115869,-0.00101541348556152,missense|LC,11118572448,11,118572448,
PLA2G4A,ENSG00000116711,0.36892103607048,0.467332477119734,0.251679401421448,0.000348083980885471,missense|LC,1186854328,1,186854328,
NOL12,ENSG00000273899,0.368942215413767,0.213927433282406,0.769907820827103,0.00115507127778604,missense|LC,22037686304,22,37686304,
TOPORS,ENSG00000197579,0.369027302086617,0.223457963855939,0.717947865689381,0.000450329364599179,missense|LC,9032541316,9,32541316,
ADGRF3,ENSG00000173567,0.369271722367002,0.315078580085484,0.22344730861592,-0.000244773750794495,missense|LC,2026309945,2,26309945,
CLDN24,ENSG00000185758,0.369287227396384,0.234595081480985,0.248436000215996,0.00106537231629519,missense|LC,4183319472,4,183319472,
USP12,ENSG00000152484,0.369362774227626,0.215455024666042,0.613630639850442,0.00187604226164934,missense|LC,13027069228,13,27069228,
DSTN,ENSG00000125868,0.369480123308626,0.2139144453227,0.909718023000956,0.00313183207918176,missense|LC,20017570064,20,17570064,
OR5M9,ENSG00000150269,0.36949192142152,0.759330842480386,0.238810365489609,0.000128212880524946,missense|LC,11056462442,11,56462442,
SOWAHD,ENSG00000187808,0.369516234382779,0.237581094551428,0.34718207972884,0.000608524424520014,missense|LC,23119758591,X,119758591,
DSE,ENSG00000111817,0.369538908416771,0.380329439992673,0.214533601939231,-0.000521476449096326,missense|LC,6116369838,6,116369838,
ETV6,ENSG00000139083,0.369678775430091,0.240733928879897,0.275937279696379,0.000499003488676894,missense|LC,12011650061,12,11650061,
PTPN18,ENSG00000072135,0.3697174071564,0.29361461694625,0.216944588882224,-0.000496482791635544,missense|LC,2130356052,2,130356052,
AC002094.3,ENSG00000273171,0.369725742265231,0.687461357388839,0.227196667344834,-0.000359912780472215,missense|LC,17028359308,17,28359308,
KY,ENSG00000174611,0.369742568880624,0.887156562235146,0.239247431163866,-0.000054996486331966,missense|LC,3134603506,3,134603506,
ACBD5,ENSG00000107897,0.369807066794892,0.22263787835344,0.542887244297433,0.000775396869466633,missense|LC,10027197364,10,27197364,
NOXO1,ENSG00000196408,0.369830726930615,0.314657073945465,0.259201533218002,0.000262329245669805,missense|LC,16001974039,16,1974039,
MCM3,ENSG00000112118,0.369847496065003,0.219595122752918,0.432827381917232,0.000506428058508401,missense|LC,6052264508,6,52264508,
SLC26A11,ENSG00000181045,0.369866621529453,0.222359237740956,0.408919557765831,0.000419291921783697,missense|LC,17080216956,17,80216956,
LRRC37A,ENSG00000176681,0.369878811387401,0.255909709906656,0.276761810716555,-0.0010849730986523,missense|LC,17046297355,17,46297355,
CDO1,ENSG00000129596,0.369903966157422,0.451310037684399,0.246029837591974,-0.000546214787630639,missense|LC,5115805372,5,115805372,
UEVLD,ENSG00000151116,0.369925613887285,0.221336782784439,0.349384627489468,-0.000994498007324393,missense|LC,11018525613,11,18525613,
ZBTB49,ENSG00000168826,0.37002009084865,0.755238922877791,0.228006785437528,-0.000126274086381404,missense|LC,4004299861,4,4299861,
GLS,ENSG00000115419,0.370073028625887,0.217891823490671,0.884781848452479,0.00111976877307103,missense|LC,2190880987,2,190880987,
FEZ2,ENSG00000171055,0.370080140984811,0.217670457356038,0.915273264148159,0.00076953235288134,missense|LC,2036548471,2,36548471,
SIRT4,ENSG00000089163,0.370094385830557,0.262882371089159,0.248573457387609,-0.000432925977562091,missense|LC,12120303462,12,120303462,
AL662899.2,ENSG00000263020,0.370098109532884,0.61291218328012,0.217648420245331,0.000530495539979244,missense|LC,6031662225,6,31662225,
OR4C13,ENSG00000258817,0.370131799818852,0.247312472891473,0.242813011971222,-0.000431501957608014,missense|LC,11049952397,11,49952397,
NOTCH2NLA,ENSG00000264343,0.37020226295289,,,,missense|LC,1146228283,1,146228283,
MFSD1,ENSG00000118855,0.370232306985448,0.803780984565098,0.230086998235833,0.000131124789084659,missense|LC,3158801921,3,158801921,
UNC93B1,ENSG00000110057,0.370375150169287,0.226026666694108,0.594928543345732,-0.00049678214140414,missense|LC,11067991444,11,67991444,
GAB4,ENSG00000215568,0.370389381166131,0.487922352067736,0.236237844678954,0.000224493876988762,missense|LC,22016962657,22,16962657,
CCDC12,ENSG00000160799,0.370461504531677,0.975163359750835,0.23217903082323,-0.0000196461864232346,missense|LC,3046921971,3,46921971,
GOLGA6L2,ENSG00000174450,0.370628715422334,0.225803282132043,0.250456217768161,0.000454999135621352,missense|LC,15023439519,15,23439519,
LY86,ENSG00000112799,0.370642348171788,0.359493655731154,0.239193790598616,-0.000753483130115141,missense|LC,6006588631,6,6588631,
FAM186A,ENSG00000185958,0.370673722649742,0.484839818940469,0.216458948512702,0.000188093414835985,missense|LC,12050327334,12,50327334,
ACOT13,ENSG00000112304,0.370798628166575,0.238914755467281,0.25225564229399,0.00085623455329751,missense|LC,6024665976,6,24665976,
RITA1,ENSG00000139405,0.370842382538477,0.718651551657553,0.241303267546013,-0.000158434830980797,missense|LC,12113180790,12,113180790,
CHPF2,ENSG00000033100,0.370847803047934,0.611485599202918,0.217463879903592,-0.000146862875915487,missense|LC,7151232670,7,151232670,
TNFSF14,ENSG00000125735,0.370872619276309,0.232305501221443,0.252580915498545,-0.00119949127954569,missense|LC,19006664806,19,6664806,
C5AR2,ENSG00000134830,0.370900882878069,0.21669334129408,0.609990612202904,0.000935879954175423,missense|LC,19047340716,19,47340716,
TMEM214,ENSG00000119777,0.370932512014798,0.224279313632722,0.327488723231077,-0.000538362304813695,missense|LC,2027032885,2,27032885,
UBXN2B,ENSG00000215114,0.370945577622123,0.464694427928148,0.220323900131001,-0.000571390673001877,missense|LC,8058411297,8,58411297,
ZNF322,ENSG00000181315,0.370995171183202,0.599826234099143,0.226671024008384,-0.000674702410894645,missense|LC,6026637298,6,26637298,
FAM161B,ENSG00000156050,0.370999541686543,0.685617770685477,0.224000019343141,-0.000160537188363918,missense|LC,14073931440,14,73931440,
NPRL2,ENSG00000114388,0.371171696600889,0.771354319882631,0.215888342227419,0.000251173455131672,missense|LC,3050342331,3,50342331,
IRGC,ENSG00000124449,0.371226833311724,0.221551497081227,0.716806734216722,-0.000649385771655349,missense|LC,19043718370,19,43718370,
NFKBIA,ENSG00000100906,0.371266352574642,0.222283325354526,0.449143884071301,-0.00136055865531021,missense|LC,14035401922,14,35401922,
KMT2C,ENSG00000055609,0.371322032799057,0.216765568039849,0.600435498712691,0.000219118825346781,missense|LC,7152136803,7,152136803,
TLDC2,ENSG00000101342,0.371335960049456,0.458723991536716,0.269409533385099,-0.00020573107710977,missense|LC,20036876079,20,36876079,
RAPSN,ENSG00000165917,0.371336248220398,0.23126447178655,0.618499289200584,-0.000535670204132755,missense|LC,11047437867,11,47437867,
NR1H2,ENSG00000131408,0.37140576916409,0.804715168227489,0.213635207048597,-0.000195752046787487,missense|LC,19050358480,19,50358480,
UBE2V2,ENSG00000169139,0.37143342867104,0.227258964226969,0.57903267241681,0.0022826274496152,missense|LC,8048008315,8,48008315,
HFM1,ENSG00000162669,0.3715229739224,0.927283892420184,0.216653208084908,0.0000386357072984748,missense|LC,1091261299,1,91261299,
MIS18A,ENSG00000159055,0.371532229065639,0.261879018353863,0.38232574584472,0.000610032140351371,missense|LC,21032269002,21,32269002,
SLBP,ENSG00000163950,0.371556762804617,0.243923289245397,0.785033576931443,0.000727599756160077,missense|LC,4001693574,4,1693574,
MTG1,ENSG00000148824,0.371821088413101,0.226865049203218,0.538881262989783,0.000580435235444401,missense|LC,10133389464,10,133389464,
GALM,ENSG00000143891,0.371829653802458,0.226597828574584,0.441339251468769,0.000861679730918771,missense|LC,2038666095,2,38666095,
SCN2A,ENSG00000136531,0.371840962205818,0.771929809478732,0.218060919746491,-0.000177404977742383,missense|LC,2165239561,2,165239561,
MUC15,ENSG00000169550,0.371882351994917,0.224322552320883,0.431862768237068,-0.000940596573324229,missense|LC,11026559679,11,26559679,
MYCL,ENSG00000116990,0.371884474610133,0.894151355659892,0.250988865345559,-0.0000526811521989741,missense|LC,1039897305,1,39897305,
LGALS4,ENSG00000171747,0.371889986060785,0.218212163033977,0.430049388016633,-0.00103665655021826,missense|LC,19038801687,19,38801687,
ZC2HC1B,ENSG00000118491,0.371956179759146,0.38596648840139,0.219338573099386,-0.00100701270704154,missense|LC,6143860352,6,143860352,
SNRPA,ENSG00000077312,0.371987154814706,0.214691888781452,0.426427480528501,-0.00192314680534923,missense|LC,19040749395,19,40749395,
FREM2,ENSG00000150893,0.372002246437832,0.227564237051293,0.512686751066065,-0.000174736955897443,missense|LC,13038687221,13,38687221,
DCAF15,ENSG00000132017,0.372060695896592,0.218000918277432,0.423755072415411,-0.000804204890682811,missense|LC,19013952359,19,13952359,
CAPS2,ENSG00000180881,0.372087550225293,0.49346778628649,0.2361178549371,-0.000303530203234995,missense|LC,12075276117,12,75276117,
PLA2G4C,ENSG00000105499,0.37212689577401,0.596066588494853,0.223310756210546,0.000238226616752041,missense|LC,19048043786,19,48043786,
CLMP,ENSG00000166250,0.372301577721067,0.236727662748394,0.264023773762003,-0.000708169086262655,missense|LC,11123073378,11,123073378,
ZNF516,ENSG00000101493,0.372339402031572,0.629929630232823,0.224492461867284,-0.000137114822347796,missense|LC,18076362425,18,76362425,
EXD1,ENSG00000178997,0.372473726257611,0.354184911185363,0.234540114436596,-0.00038463530681371,missense|LC,15041183847,15,41183847,
CCDC126,ENSG00000169193,0.372514452174967,0.457494579085267,0.22367767613455,-0.0015554362264499,missense|LC,7023611290,7,23611290,
RAB19,ENSG00000146955,0.372585194321467,0.442243836830206,0.217504475727997,0.000891467297292744,missense|LC,7140407583,7,140407583,
LAMP2,ENSG00000005893,0.37261094640995,0.251765164327689,0.333842743875106,-0.000521030002048975,missense|LC,23120428361,X,120428361,
TMEM232,ENSG00000186952,0.372649009299238,0.250713633555955,0.26420524707483,-0.000235212924616836,missense|LC,5110420537,5,110420537,
RNASEH1,ENSG00000171865,0.372656106019458,0.22055109493203,0.503376811486134,-0.000944961930023236,missense|LC,2003545749,2,3545749,
AC108488.2,ENSG00000286905,0.372656106019458,0.22055109493203,0.503376811486134,-0.000944961930023236,missense|LC,2003545749,2,3545749,
KCNK7,ENSG00000173338,0.372691057911247,0.219367754658903,0.539410870770724,-0.00105256473697876,missense|LC,11065589608,11,65589608,
AC079741.2,ENSG00000288634,0.372711900316836,,,,missense|LC,7112450639,7,112450639,
MINAR2,ENSG00000186367,0.372777577783323,0.33875997701103,0.222650567646358,0.00118702552369804,missense|LC,5129748113,5,129748113,
NGFR,ENSG00000064300,0.37278833809599,0.550152180412838,0.225354863061541,-0.000429504096429222,missense|LC,17049495329,17,49495329,
PPME1,ENSG00000214517,0.372811422524587,0.718388330058367,0.214223469172387,-0.00049729719647782,missense|LC,11074168289,11,74168289,
FSHB,ENSG00000131808,0.37288183473869,0.244292796912041,0.556765393899472,0.000772104387343295,missense|LC,11030231817,11,30231817,
PHLDB3,ENSG00000176531,0.372932577344025,0.226716451471181,0.405663499028987,-0.000355582012651087,missense|LC,19043475280,19,43475280,
DEFA6,ENSG00000164822,0.372978389294823,0.484489753112413,0.222165685555347,0.00070405286846402,missense|LC,8006924776,8,6924776,
ARFGEF2,ENSG00000124198,0.373029286229579,0.234054381998764,0.368354996668145,0.000409816863193977,missense|LC,20048921762,20,48921762,
RMDN3,ENSG00000137824,0.373033212923003,0.226257157958328,0.840633791921332,0.000842711890738027,missense|LC,15040730947,15,40730947,
GTF2H1,ENSG00000110768,0.37309722384934,0.321837381878799,0.254510575404991,0.000478958307830983,missense|LC,11018317685,11,18317685,
PNP,ENSG00000198805,0.373166806764799,0.222238820982883,0.47422096375978,0.00135528352225308,missense|LC,14020469413,14,20469413,
PBX2,ENSG00000204304,0.373186208138064,0.219238615920845,0.562555301514201,-0.00110056310117953,missense|LC,6032179734,6,32179734,
ETAA1,ENSG00000143971,0.373214107815185,0.440773046942538,0.218973827015973,-0.000348537968730074,missense|LC,2067397365,2,67397365,
LPGAT1,ENSG00000123684,0.373319580577119,0.577396167861306,0.219557771611812,-0.000775030305410151,missense|LC,1211749828,1,211749828,
EFCAB9,ENSG00000214360,0.373326325560462,0.280828584067229,0.230019978736019,-0.000987315347003774,missense|LC,5172194050,5,172194050,
KHK,ENSG00000138030,0.373347062812902,0.224937973027708,0.604519291657276,-0.000637386817822623,missense|LC,2027081969,2,27081969,
AL160272.2,ENSG00000285082,0.373357826200041,0.600762430196697,0.233426324422955,0.00119392765603845,missense|LC,9117704406,9,117704406,
SELENOS,ENSG00000131871,0.373426496484329,0.556308357067662,0.232453711954303,-0.000398466024067832,missense|LC,15101272759,15,101272759,
NR2F6,ENSG00000160113,0.373469083423394,0.877401353967966,0.217776685452215,0.000129697886441649,missense|LC,19017226883,19,17226883,
GPALPP1,ENSG00000133114,0.373487157491411,0.884768836906675,0.226242854584206,-0.000730511851574245,missense|LC,13044988948,13,44988948,
ASB18,ENSG00000182177,0.373514406636381,0.227124038430103,0.479644788057447,-0.000579213091179919,missense|LC,2236194876,2,236194876,
ACACB,ENSG00000076555,0.373518449928533,0.22896716568345,0.260407214231197,-0.000263048098512864,missense|LC,12109139324,12,109139324,
VPS45,ENSG00000136631,0.373520608384957,0.622218299350421,0.22367367604717,0.000292508033644249,missense|LC,1150067776,1,150067776,
GTF3C6,ENSG00000155115,0.373529461812625,0.231629045446417,0.679157009541212,0.0014203699609062,missense|LC,6110958688,6,110958688,
PCSK1,ENSG00000175426,0.373588162970567,0.227595503721287,0.666469039974216,-0.000647959245426474,missense|LC,5096392940,5,96392940,
CYP51A1,ENSG00000001630,0.373754080733775,0.244928035513048,0.64716028372144,0.000667657437593871,missense|LC,7092107224,7,92107224,
MTHFD2,ENSG00000065911,0.373773463361898,0.219059016059602,0.366062219673551,0.00117178984442376,missense|LC,2074198573,2,74198573,
TMEM80,ENSG00000177042,0.373802234615379,0.233591880878995,0.581323815891203,-0.000426388196801066,missense|LC,11000691435,11,691435,
PEX3,ENSG00000034693,0.373810503220067,0.228751398613232,0.76828819819107,0.00111216962250534,missense|LC,6143450477,6,143450477,
STXBP1,ENSG00000136854,0.373855951933712,0.223135353143968,0.337396237789676,0.00134871725517978,missense|LC,9127612295,9,127612295,
TMEM63A,ENSG00000196187,0.373893346456645,0.423111400513241,0.231023125414058,-0.000275231101045757,missense|LC,1225842335,1,225842335,
OR4C45,ENSG00000260811,0.373947973427089,0.937057853314541,0.253059172754935,-0.00003820742997516,missense|LC,11050032847,11,50032847,
CDX4,ENSG00000131264,0.373991005423265,0.25427786513897,0.828871607643158,0.000618330798431276,missense|LC,23073447182,X,73447182,
STK10,ENSG00000072786,0.374009055667905,0.242701198118738,0.220992982896729,-0.000462927606052393,missense|LC,5172044745,5,172044745,
NUBP2,ENSG00000095906,0.374029626895157,0.236482635833524,0.378851471321028,-0.000589476602096588,missense|LC,16001777961,16,1777961,
C7orf31,ENSG00000153790,0.374052588022834,0.228134647631767,0.616948139589782,0.00050942540828323,missense|LC,7025134606,7,25134606,
NSF,ENSG00000073969,0.374083363122891,0.402137876051591,0.232707345779237,-0.0010239407809965,missense|LC,17046692929,17,46692929,
MARCHF5,ENSG00000198060,0.374153293349885,0.885128887083172,0.225182457249379,-0.000240560077215966,missense|LC,10092291429,10,92291429,
CRYGB,ENSG00000182187,0.374225806749736,0.587464466960574,0.224512150106675,-0.000593993613632616,missense|LC,2208142537,2,208142537,
BDNF,ENSG00000176697,0.374295819528997,0.42172837201576,0.242952136971373,0.000530474288286527,missense|LC,11027656460,11,27656460,
RALGDS,ENSG00000160271,0.374446712862324,0.226321463133864,0.543707499882928,0.000499037757069451,missense|LC,9133098506,9,133098506,
CA5A,ENSG00000174990,0.374449553439259,0.979489486092724,0.24427504801672,0.0000033858174336779,missense|LC,16087887994,16,87887994,
LRRC8C,ENSG00000171488,0.374527868049814,0.837863199864833,0.232659037192376,-0.000119631050630254,missense|LC,1089686388,1,89686388,
CKB,ENSG00000166165,0.374603113218082,0.220842178684416,0.609026207333297,-0.00133504138205223,missense|LC,14103519766,14,103519766,
POLE,ENSG00000177084,0.374605204787846,0.54261443607186,0.218441681209708,0.000124257446502632,missense|LC,12132618763,12,132618763,
ABHD8,ENSG00000127220,0.374614241738066,0.411846199633079,0.245849831162373,0.000408009745171534,missense|LC,19017292547,19,17292547,
YWHAH,ENSG00000128245,0.374642288694026,0.232767238175656,0.479031151341924,0.00189653743023761,missense|LC,22031944640,22,31944640,
PABPC5,ENSG00000174740,0.374658557363502,0.225480500812747,0.429417040499261,0.0011216595374406,missense|LC,23091435528,X,91435528,
GNAI3,ENSG00000065135,0.374936781635205,0.960282514369883,0.231820607956521,-0.0000429986460764517,missense|LC,1109543622,1,109543622,
IFIT2,ENSG00000119922,0.374948277908183,0.253076724607232,0.778545077262537,0.000436270287252389,missense|LC,10089302030,10,89302030,
GOLPH3L,ENSG00000143457,0.374968737519175,0.59027423020433,0.249592890390768,0.000277472772128077,missense|LC,1150648278,1,150648278,
EIF4H,ENSG00000106682,0.375023526061759,0.54575397851238,0.225996649519058,0.000820460934393207,missense|LC,7074174282,7,74174282,
GLIS2,ENSG00000126603,0.37515623936084,0.238386885984637,0.237301508435973,0.0006637357001823,missense|LC,16004332184,16,4332184,
IVD,ENSG00000128928,0.37523695662845,0.23324834190486,0.4611039096622,0.000705053505210345,missense|LC,15040405653,15,40405653,
KCTD20,ENSG00000112078,0.375249420793554,0.607103704452511,0.231524696912329,-0.000345968752058027,missense|LC,6036470017,6,36470017,
IFITM1,ENSG00000185885,0.375288535262131,0.407974443705146,0.238459068930268,-0.000888204402392887,missense|LC,11000308528,11,308528,
LARP1,ENSG00000155506,0.375320535033334,0.420076320155783,0.225378998348088,0.000336086378984072,missense|LC,5154712865,5,154712865,
LZTS1,ENSG00000061337,0.375343996830255,0.231042793852363,0.540495788926959,0.000387430998292476,missense|LC,8020249611,8,20249611,
CLNK,ENSG00000109684,0.375348204586414,0.693725257592535,0.228908605079528,-0.000170016228157205,missense|LC,4010490376,4,10490376,
TMEM189,ENSG00000240849,0.375371738138395,0.87712650575548,0.226874050936607,-0.00014670443316368,missense|LC,20050115333,20,50115333,
KRTAP12-1,ENSG00000187175,0.375493692054261,0.248128694030334,0.412675412899996,-0.000918266423742932,missense|LC,21044681724,21,44681724,
TIGD5,ENSG00000179886,0.375507963637622,0.229653006921986,0.476166859472186,0.000585294631971621,missense|LC,8143593775,8,143593775,
KIFAP3,ENSG00000075945,0.375698831763823,0.257482062990306,0.476703396143177,0.00089558951102135,missense|LC,1169921630,1,169921630,
TMEM19,ENSG00000139291,0.375915352212766,0.288880640649956,0.247058298808729,-0.000539367882304921,missense|LC,12071686590,12,71686590,
FLAD1,ENSG00000160688,0.375940116740544,0.90243704069982,0.220480261995864,-0.000070794812668177,missense|LC,1154978669,1,154978669,
MUC2,ENSG00000198788,0.375991042873577,0.896071782684065,0.221969085110132,-0.0000311981034563075,missense|LC,11001074834,11,1074834,
LRRC4B,ENSG00000131409,0.37600332668043,0.362774737993461,0.232561000463693,-0.000332609472392745,missense|LC,19050512066,19,50512066,
FCER2,ENSG00000104921,0.37613649050267,0.228610743437208,0.362678577356076,0.000620356729589011,missense|LC,19007689156,19,7689156,
LILRB1,ENSG00000104972,0.376247887117603,0.307420601597469,0.225107413687495,-0.000252316309778623,missense|LC,19054630900,19,54630900,
DPP7,ENSG00000176978,0.37631551334904,0.467216748024541,0.230338880758227,-0.000191353557212086,missense|LC,9137106074,9,137106074,
GABRR3,ENSG00000183185,0.376413078581096,0.22402446139157,0.959096603934768,0.00149628924245857,missense|LC,3097986639,3,97986639,
PROKR1,ENSG00000169618,0.376448509074224,0.542643615051476,0.224054592843106,-0.00041191863502776,missense|LC,2068645721,2,68645721,
RPL6,ENSG00000089009,0.376468785293009,0.242169182099402,0.551027356354668,-0.000759564213619281,missense|LC,12112405143,12,112405143,
MRGPRE,ENSG00000184350,0.376505688979878,0.225830946702375,0.936602628635872,0.000604308149520114,missense|LC,11003227792,11,3227792,
RNF32,ENSG00000105982,0.37655586223719,0.230081339375223,0.292269283890174,-0.000993398676524658,missense|LC,7156643814,7,156643814,
RPH3AL,ENSG00000181031,0.37662271331519,0.231259132321745,0.483819274439921,-0.000554601561957084,missense|LC,17000213798,17,213798,
ZNF276,ENSG00000158805,0.376658234023722,0.236147426933317,0.418111806866852,0.000423483893547757,missense|LC,16089716537,16,89716537,
TNFRSF6B,ENSG00000243509,0.376680695888935,0.773845212492224,0.217220138454129,-0.000182176997015091,missense|LC,20063691681,20,63691681,
NDUFB5,ENSG00000136521,0.376754952886186,0.427597319696318,0.285789282041124,0.000417996246613259,missense|LC,3179601711,3,179601711,
HCN2,ENSG00000099822,0.376767256917372,0.252057432585789,0.877252002629879,-0.0002711046553733,missense|LC,19000589903,19,589903,
MAGEF1,ENSG00000177383,0.376770754455193,0.240465770880501,0.823957836145886,0.000397683305516067,missense|LC,3184710748,3,184710748,
DAO,ENSG00000110887,0.376809962404765,0.531043186224419,0.222373404115195,-0.000404497610278676,missense|LC,12108884936,12,108884936,
IDI1,ENSG00000067064,0.37682024740252,0.689441307242875,0.23981677243026,-0.000301784865729646,missense|LC,10001041164,10,1041164,
DGKG,ENSG00000058866,0.376936231406731,0.228801582474603,0.274430137160647,0.000560501639092736,missense|LC,3186147060,3,186147060,
C11orf71,ENSG00000180425,0.376972930132024,0.953324588186577,0.22645360257419,-0.0000752051767720637,missense|LC,11114391543,11,114391543,
FOLR3,ENSG00000110203,0.376982834761991,0.350978917800137,0.22905015404428,0.000480948642634572,missense|LC,11072135867,11,72135867,
AC012309.1,ENSG00000267360,0.377082901653325,0.226887961356684,0.691127408089187,0.00252719844748778,missense|LC,19037089053,19,37089053,
MAP10,ENSG00000212916,0.377150207567129,0.710156694930218,0.221765625074473,-0.000119393321797186,missense|LC,1232804934,1,232804934,
ATIC,ENSG00000138363,0.377167082953292,0.398022665108881,0.219154251100461,-0.000461999649946586,missense|LC,2215312018,2,215312018,
MS4A7,ENSG00000166927,0.377187741813419,0.668669532231358,0.244387062416177,0.000206351345234373,missense|LC,11060383041,11,60383041,
KRT86,ENSG00000170442,0.377271144859222,0.863573687885538,0.221723301677477,-0.0000873944052546681,missense|LC,12052274634,12,52274634,
TEN1,ENSG00000257949,0.377350172613262,0.317135023394988,0.237078121182261,0.00157877812718441,missense|LC,17075978431,17,75978431,
HPRT1,ENSG00000165704,0.377496075543463,0.328815765800288,0.239274289312782,-0.00233780851647179,missense|LC,23134460231,X,134460231,
ABCE1,ENSG00000164163,0.377580486579159,0.219574197314287,0.302303942197795,0.00151225212492559,missense|LC,4145095883,4,145095883,
ARHGEF2,ENSG00000116584,0.377585038129304,0.217382793300091,0.599441401482884,0.000822567727123147,missense|LC,1155941857,1,155941857,
HYDIN,ENSG00000157423,0.377593189116801,0.330422409006225,0.219341058386917,-0.000202871002511694,missense|LC,16070800734,16,70800734,
RIPK1,ENSG00000137275,0.377714808558895,0.28371923469236,0.22007580118508,-0.000669318995139683,missense|LC,6003068133,6,3068133,
PABPC4,ENSG00000090621,0.377780773564237,0.24486697123289,0.230903695372153,0.00121069748449293,missense|LC,1039561654,1,39561654,
CD300E,ENSG00000186407,0.377919639598881,0.612635031268039,0.227206897046499,-0.000592484230980659,missense|LC,17074612526,17,74612526,
PRSS35,ENSG00000146250,0.377951311540146,0.222567590862839,0.351933989763683,0.00100764529125087,missense|LC,6083523370,6,83523370,
KCTD11,ENSG00000213859,0.37795298393154,0.220935063540393,0.596931139292877,-0.00162259021414862,missense|LC,17007346893,17,7346893,
TMEM273,ENSG00000204161,0.378010347460226,0.264409909675553,0.366864047568555,0.000542958257347856,missense|LC,10049155780,10,49155780,
CCDC97,ENSG00000142039,0.378048793318037,0.581765609292114,0.218195151149391,0.000365899049171257,missense|LC,19041305587,19,41305587,
HEY1,ENSG00000164683,0.378084647959807,0.670936466869441,0.262644106001533,-0.000268131634626316,missense|LC,8079765136,8,79765136,
CYB561D2,ENSG00000114395,0.378115654468899,0.222346798033788,0.782906598240802,0.00146066611029415,missense|LC,3050345864,3,50345864,
LSM5,ENSG00000106355,0.378139469095168,0.22507221832977,0.346561603349497,0.00394477706782211,missense|LC,7032487200,7,32487200,
PRKD2,ENSG00000105287,0.378162712195239,0.598540543993947,0.233646768248528,0.000192086184994163,missense|LC,19046674424,19,46674424,
ERMP1,ENSG00000099219,0.378215910029776,0.242213455037576,0.348356439977803,0.000367499133797981,missense|LC,9005787067,9,5787067,
S100B,ENSG00000160307,0.378260758538137,0.232406642998129,0.294457562525383,0.00333580698708674,missense|LC,21046599306,21,46599306,
ZKSCAN7,ENSG00000196345,0.378298535697748,0.220350044328726,0.464939289547434,0.000638008643661725,missense|LC,3044556943,3,44556943,
SP140,ENSG00000079263,0.378379043034796,0.229277294269453,0.458019395009861,0.00053221490156664,missense|LC,2230221634,2,230221634,
PGM2L1,ENSG00000165434,0.378503773225254,0.238325394357146,0.662512250370973,0.000683559920123125,missense|LC,11074336615,11,74336615,
GIMAP1-GIMAP5,ENSG00000281887,0.37852002318093,0.239134584965988,0.332783683628981,-0.000403025995684977,missense|LC,7150718936,7,150718936,
MFHAS1,ENSG00000147324,0.378584494262836,0.221810362008603,0.367653211113591,0.00041308673341549,missense|LC,8008785942,8,8785942,
LRPPRC,ENSG00000138095,0.378606132075327,0.368184526412532,0.221550162155424,-0.000312007834247898,missense|LC,2043888579,2,43888579,
NUP42,ENSG00000136243,0.378613378629577,0.25335549978825,0.239937915726168,0.000611938623762771,missense|LC,7023181965,7,23181965,
RUNX2,ENSG00000124813,0.378765193124099,0.221046852189525,0.587839589629937,-0.000706606785356078,missense|LC,6045328196,6,45328196,
ZNF66,ENSG00000160229,0.378792463359479,0.248159342947943,0.864841016649985,0.000809016699255178,missense|LC,19020776327,19,20776327,
ANGPTL7,ENSG00000171819,0.379032759187053,0.24226180041615,0.69223315816085,0.00046856173837152,missense|LC,1011189477,1,11189477,
IL11RA,ENSG00000137070,0.379156828571673,0.77932579591454,0.221634705873932,0.000227668824880337,missense|LC,9034646608,9,34646608,
PDGFRA,ENSG00000134853,0.379192426175969,0.305274959918172,0.232458467753365,-0.000434488175071473,missense|LC,4054258730,4,54258730,
BTF3L4,ENSG00000134717,0.379317088458846,0.778272492724057,0.226331701256711,-0.000793981808955334,missense|LC,1052054966,1,52054966,
ABCA4,ENSG00000198691,0.379378668904773,0.226250095159117,0.808336897454416,-0.00262155915985682,missense|LC,1093993138,1,93993138,
CCIN,ENSG00000185972,0.379477422753762,0.234122114754891,0.83785996684102,0.000616599639885761,missense|LC,9036169428,9,36169428,
RAPGEF5,ENSG00000136237,0.379523051839644,0.224698495141239,0.520046069811585,-0.000800613803672358,missense|LC,7022122360,7,22122360,
SYT6,ENSG00000134207,0.379579195227248,0.536275179253792,0.225797126979065,0.000343751821447927,missense|LC,1114091920,1,114091920,
PTMA,ENSG00000187514,0.379649564137978,0.545829477554539,0.225104187314092,-0.00108053024445793,missense|LC,2231707600,2,231707600,
RBBP8,ENSG00000101773,0.379665240270666,0.229586429154445,0.452969493837441,0.000584875704657334,missense|LC,18022936765,18,22936765,
TAS2R13,ENSG00000212128,0.379671877244581,0.742342819881752,0.237197811454054,-0.000241755070242507,missense|LC,12010908304,12,10908304,
PGC,ENSG00000096088,0.379711891428702,0.23216700977133,0.680994299671346,0.000722758359419235,missense|LC,6041732501,6,41732501,
FBN1,ENSG00000166147,0.379848924016932,0.805622034535229,0.219165853919786,0.0000770227322883296,missense|LC,15048410928,15,48410928,
TRMU,ENSG00000100416,0.379862313670925,0.224182114084053,0.689055321351971,0.0006992634576175,missense|LC,22046335668,22,46335668,
CENPP,ENSG00000188312,0.379910827989324,0.246953498213694,0.442976406458758,0.000545006304354195,missense|LC,9092321645,9,92321645,
ZNF563,ENSG00000188868,0.37994675908472,0.586369584277512,0.24061705181145,-0.000276791494304845,missense|LC,19012318502,19,12318502,
SKAP1,ENSG00000141293,0.379947272284741,0.223473778924537,0.642212607388667,0.0010835517250736,missense|LC,17048137213,17,48137213,
FFAR3,ENSG00000185897,0.379956281175858,0.581934070108404,0.244845039258782,-0.00023341747306436,missense|LC,19035358388,19,35358388,
EVA1A,ENSG00000115363,0.379962162873668,0.972089737683124,0.227191058711638,0.0000318635534803013,missense|LC,2075493110,2,75493110,
PUS7L,ENSG00000129317,0.380008375498565,0.232390457694481,0.896457035139467,-0.000352268970614962,missense|LC,12043730339,12,43730339,
ZNF211,ENSG00000121417,0.380038130893094,0.260883356498384,0.236423145542455,0.0004867332017576,missense|LC,19057633260,19,57633260,
INSIG1,ENSG00000186480,0.380055013035812,0.558029997342317,0.230641059811709,-0.00068067598355799,missense|LC,7155298174,7,155298174,
NAMPT,ENSG00000105835,0.380130425389265,0.686059906018954,0.222437943239337,-0.000628425857328525,missense|LC,7106251062,7,106251062,
NEMP2,ENSG00000189362,0.380140747410596,0.808820073853398,0.221406062284599,0.000211855371023471,missense|LC,2190499719,2,190499719,
PLEKHA8,ENSG00000106086,0.380227942937179,0.468051405314175,0.243905380277839,0.000422456440031024,missense|LC,7030026224,7,30026224,
FANCC,ENSG00000158169,0.380272865951982,0.23632188925434,0.556366063449704,0.000399776879940954,missense|LC,9095101606,9,95101606,
SRSF12,ENSG00000154548,0.380283870092106,0.247602751760957,0.721725131660156,-0.000532524792359668,missense|LC,6089098457,6,89098457,
TCF4,ENSG00000196628,0.380336604670054,0.238845052525364,0.281217577015141,0.000993015133911815,missense|LC,18055228110,18,55228110,
NUTM2B,ENSG00000188199,0.380441388302438,0.822578822484152,0.240053436818772,-0.0000882146080283362,missense|LC,10079703946,10,79703946,
FBXO3,ENSG00000110429,0.380467175117854,0.289190776797092,0.22177462234562,-0.0010086069428816,missense|LC,11033741811,11,33741811,
PTGFR,ENSG00000122420,0.380545368292582,0.289882019216876,0.252119430640748,0.000361693652871133,missense|LC,1078492675,1,78492675,
ENTPD5,ENSG00000187097,0.380569227069837,0.875850809048935,0.239648242929468,0.0000983261793562868,missense|LC,14073958096,14,73958096,
GBP6,ENSG00000183347,0.380717726143476,0.61503772295672,0.233840210310727,-0.000155874287421975,missense|LC,1089368477,1,89368477,
C11orf52,ENSG00000149300,0.380727753001314,0.264410089008648,0.245957423390123,0.00111078839632287,missense|LC,11111913918,11,111913918,
DGKZ,ENSG00000149091,0.38081590380271,0.234710263785136,0.34920098570998,-0.000265772257223434,missense|LC,11046361604,11,46361604,
H1-1,ENSG00000124610,0.380982561016565,0.268705685746075,0.234721223533309,-0.000543872342529279,missense|LC,6026017008,6,26017008,
ICAM1,ENSG00000090339,0.380989687820183,0.23056012797684,0.548135140211808,0.000429065948090913,missense|LC,19010271101,19,10271101,
C1orf52,ENSG00000162642,0.381150384004965,0.223960209052618,0.595001178805161,0.00143006711089197,missense|LC,1085252592,1,85252592,
AMD1,ENSG00000123505,0.381195393083055,0.305296996190253,0.22290248509287,-0.00171723594699045,missense|LC,6110875050,6,110875050,
CSN1S1,ENSG00000126545,0.381335620214678,0.2426238015309,0.406153676628369,-0.00108745241778219,missense|LC,4069932476,4,69932476,
RPTN,ENSG00000215853,0.381375180018574,0.523643761679492,0.233904463247873,-0.000210487927885615,missense|LC,1152154624,1,152154624,
CCNA1,ENSG00000133101,0.381377159684745,0.656349820149115,0.232741383832859,-0.000328448738853361,missense|LC,13036432586,13,36432586,
CCSAP,ENSG00000154429,0.381420360094365,0.413501641665921,0.261126530504351,0.000627769836680682,missense|LC,1229325151,1,229325151,
AC007731.4,ENSG00000277971,0.381605351929637,0.28036996348412,0.305886246013114,0.0016124520232858,missense|LC,22020425289,22,20425289,
LAPTM4A,ENSG00000068697,0.381716893783923,0.482012519349341,0.266925707885289,-0.00043732022914911,missense|LC,2020033157,2,20033157,
ETV1,ENSG00000006468,0.381882413172094,0.222191090496643,0.597935357247421,-0.00125286377598015,missense|LC,7013895832,7,13895832,
BCO1,ENSG00000135697,0.381889687998518,0.772326999238162,0.232095424460834,-0.0000967636475979648,missense|LC,16081238848,16,81238848,
FCN3,ENSG00000142748,0.38192135383188,0.230025587537868,0.693862181546487,-0.000816964947922176,missense|LC,1027364111,1,27364111,
LY6G5B,ENSG00000240053,0.382038448857007,0.732734389170512,0.225325267489801,0.000355376924407267,missense|LC,6031665377,6,31665377,
UNC45A,ENSG00000140553,0.38203942357179,0.301178399243452,0.221874170462419,0.000416675183705749,missense|LC,15090935286,15,90935286,
TECR,ENSG00000099797,0.382144488462457,0.715037632221948,0.222205172245159,-0.000557022913114719,missense|LC,19014529571,19,14529571,
KRT12,ENSG00000187242,0.382199372371834,0.240289398823197,0.58221391980221,0.000486733052494087,missense|LC,17040861646,17,40861646,
GTF2IRD1,ENSG00000006704,0.382331961510306,0.271617509595349,0.231117232156761,0.00043085281141757,missense|LC,7074507985,7,74507985,
ALDH3A1,ENSG00000108602,0.382340072763233,0.233079766073789,0.686264378829953,0.00040904003832114,missense|LC,17019737961,17,19737961,
CDH15,ENSG00000129910,0.382401479929018,0.220809854142851,0.367952941487755,0.000518774126633172,missense|LC,16089171748,16,89171748,
MON1A,ENSG00000164077,0.382404777236655,0.233258595378833,0.407173650292418,-0.000671138374996563,missense|LC,3049908917,3,49908917,
ZMAT5,ENSG00000100319,0.382456676206596,0.545298280656887,0.225677166973868,-0.000899219567824144,missense|LC,22029727562,22,29727562,
P2RY13,ENSG00000181631,0.382541662493368,0.466281159868795,0.255571183711844,0.000402206380476706,missense|LC,3151327945,3,151327945,
FCN2,ENSG00000160339,0.38255532851475,0.252264319497673,0.30107500628217,0.000434141781283793,missense|LC,9134880774,9,134880774,
TNNI3,ENSG00000129991,0.382620227807046,0.964662858980949,0.222061262232898,0.0000733666155537831,missense|LC,19055146768,19,55146768,
NPIPB9,ENSG00000196993,0.382694982870118,0.276496985563596,0.628406231400524,0.00466843743868137,missense|LC,16028752391,16,28752391,
C4orf45,ENSG00000164123,0.382703565958991,0.460633144076304,0.249280939619235,0.000600040180542861,missense|LC,4158889754,4,158889754,
GDF6,ENSG00000156466,0.382733870893099,0.790979660559071,0.258626196824371,-0.000145480625849882,missense|LC,8096144456,8,96144456,
GSTM2,ENSG00000213366,0.382925135136999,0.239193340816143,0.421998383842676,-0.00106622156506423,missense|LC,1109664921,1,109664921,
MED14,ENSG00000180182,0.383043227477508,0.804129156902021,0.230566544918726,0.000127311268601866,missense|LC,23040646924,X,40646924,
ERMN,ENSG00000136541,0.38310742871851,0.257020032087384,0.450155567310035,0.000620399254509816,missense|LC,2157321143,2,157321143,
SLC20A2,ENSG00000168575,0.38324491962784,0.906474474549685,0.229553066510306,0.0000691707665801791,missense|LC,8042417718,8,42417718,
ADAMTSL4,ENSG00000143382,0.383273008241438,0.898264938292018,0.224386305139812,-0.0000349411258580719,missense|LC,1150552206,1,150552206,
TNFRSF11A,ENSG00000141655,0.383308740789427,0.233686496341033,0.8171329517999,0.000448853933988983,missense|LC,18062325294,18,62325294,
UBQLN1,ENSG00000135018,0.383316397454264,0.673004542616311,0.255133952952359,-0.000208209080667054,missense|LC,9083661690,9,83661690,
FAM160A1,ENSG00000164142,0.38334031469799,0.248328268489282,0.241716946735152,0.000351684833169947,missense|LC,4151566226,4,151566226,
ZNF345,ENSG00000251247,0.383417249555446,0.920771681690057,0.245376234702521,-0.0000503332913196248,missense|LC,19036876746,19,36876746,
MYF5,ENSG00000111049,0.383447669734064,0.653029341021454,0.229382399659867,-0.00044023672014114,missense|LC,12080716953,12,80716953,
ZNF496,ENSG00000162714,0.383483624348446,0.528411683578698,0.226369558063859,0.000361947220935838,missense|LC,1247300417,1,247300417,
AP4E1,ENSG00000081014,0.383492046625099,0.227713680721794,0.736901418429323,0.00058894225066055,missense|LC,15050908656,15,50908656,
AP002512.3,ENSG00000284732,0.383504687917226,0.576572766652579,0.244851057057011,0.000226752585493354,missense|LC,11056462442,11,56462442,
OR2F1,ENSG00000213215,0.383512940008258,0.248587319648562,0.353826428303429,-0.000522404890523565,missense|LC,7143959924,7,143959924,
RRBP1,ENSG00000125844,0.383517011726718,0.229707649283865,0.664353770165368,-0.000364015229255599,missense|LC,20017614111,20,17614111,
AL928654.3,ENSG00000257341,0.383637029606286,0.286443724847605,0.589316269364424,0.000568662497751807,missense|LC,14105486489,14,105486489,
OR4K15,ENSG00000169488,0.383654079488975,0.23310592851634,0.250503591941658,0.000812571246729136,missense|LC,14019975471,14,19975471,
DSCAML1,ENSG00000177103,0.383657458635707,0.623730887016284,0.225033185775823,-0.000140579435576983,missense|LC,11117428315,11,117428315,
STAG1,ENSG00000118007,0.383690353048804,0.22278136009392,0.362699649883957,-0.00100067527494892,missense|LC,3136333348,3,136333348,
GALT,ENSG00000213930,0.383822691617754,0.250321568867583,0.331332486914625,0.00070333208091149,missense|LC,9034646676,9,34646676,
USP3,ENSG00000140455,0.383914695656575,0.419680864680736,0.223991231875926,0.000635848748678092,missense|LC,15063504657,15,63504657,
ZNF334,ENSG00000198185,0.384002825229185,0.226548377880931,0.571183131158015,-0.000541740795371222,missense|LC,20046501176,20,46501176,
CRIP1,ENSG00000213145,0.384071587636528,0.286744567862612,0.58947250238745,0.000568251317406626,missense|LC,14105486489,14,105486489,
PRR5,ENSG00000186654,0.384080334996582,0.44538644145986,0.243077730991836,0.000262623637679785,missense|LC,22044679737,22,44679737,
GRIA1,ENSG00000155511,0.384092269328882,0.249907235575683,0.467509710190316,0.000531126191020098,missense|LC,5153492178,5,153492178,
IPO11,ENSG00000086200,0.38415550430639,0.593511853861835,0.236754900037344,-0.000197400448441309,missense|LC,5062418904,5,62418904,
MYH11,ENSG00000133392,0.384222942909682,0.227522007556562,0.890235429088333,0.000286794899840456,missense|LC,16015699462,16,15699462,
COA8,ENSG00000256053,0.384321414758715,0.285422464587312,0.2476998911636,-0.000590866505762354,missense|LC,14103559709,14,103559709,
C9orf135,ENSG00000204711,0.384414750260451,0.911810645164079,0.24160751261469,-0.0000590624922631291,missense|LC,9069820783,9,69820783,
APOBEC3A,ENSG00000128383,0.384442248726229,0.237743584497804,0.305408205358233,0.00106253046832248,missense|LC,22038957575,22,38957575,
RPS27,ENSG00000177954,0.384581407617699,0.671721194867181,0.27861604651558,0.000776821318217016,missense|LC,1153985950,1,153985950,
PARP8,ENSG00000151883,0.384587571931174,0.522015511673096,0.23032339560184,0.000412210726142736,missense|LC,5050666788,5,50666788,
ARTN,ENSG00000117407,0.384643216193884,0.817348585809156,0.251120290062419,-0.000187967481500449,missense|LC,1043930072,1,43930072,
ERMAP,ENSG00000164010,0.384652753702605,0.244589814913541,0.437764950888417,-0.00042453411711109,missense|LC,1042816411,1,42816411,
SCP2D1,ENSG00000132631,0.384674262745036,0.285329199011549,0.418975995745237,0.000541735052473141,missense|LC,20018809677,20,18809677,
MTFR2,ENSG00000146410,0.384760924036344,0.364427333617777,0.241548523904613,-0.000505056010948529,missense|LC,6136231257,6,136231257,
NEK11,ENSG00000114670,0.384765034281638,0.241255082183857,0.373062480569293,0.000567375005694909,missense|LC,3131023921,3,131023921,
TSNARE1,ENSG00000171045,0.384873886135799,0.240447007717538,0.484042040744584,-0.000341035520645447,missense|LC,8142229433,8,142229433,
NF1,ENSG00000196712,0.384890797936301,0.231621591935719,0.838948763348541,-0.000489275610024599,missense|LC,17031095231,17,31095231,
SLC15A5,ENSG00000188991,0.384941303046405,0.621908063206625,0.23848271333453,0.000160614186595769,missense|LC,12016189582,12,16189582,
PAK2,ENSG00000180370,0.384971890410389,0.861021140303978,0.232477773205956,-0.000208793037776597,missense|LC,3196782619,3,196782619,
ATR,ENSG00000175054,0.384999582695968,0.242828594051771,0.260054629674712,0.00028708689663347,missense|LC,3142447780,3,142447780,
MORF4L1,ENSG00000185787,0.385008878214194,0.249976045997064,0.795213433108305,-0.00090844524568882,missense|LC,15078872760,15,78872760,
GRB10,ENSG00000106070,0.385031818199998,0.343362299446742,0.232836265112374,-0.000758692045925893,missense|LC,7050592866,7,50592866,
LRP12,ENSG00000147650,0.385048391486959,0.828709281601526,0.237531225030258,-0.000101506244921464,missense|LC,8104490572,8,104490572,
BBIP1,ENSG00000214413,0.385076226471169,0.247084946451088,0.727729616192992,-0.00312953823807479,missense|LC,10110895900,10,110895900,
IQCF2,ENSG00000184345,0.385087904471987,0.490973119423818,0.234453794875906,-0.000862583972616396,missense|LC,3051861592,3,51861592,
NRG1,ENSG00000157168,0.38515121637459,0.958140155276657,0.227446322667173,-0.0000301674161844107,missense|LC,8032548637,8,32548637,
SPAG4,ENSG00000061656,0.385225062312606,0.232114571873775,0.498257800209421,0.000967564077474438,missense|LC,20035615915,20,35615915,
TMCC1,ENSG00000172765,0.385228240076513,0.637082952847675,0.227980395373487,-0.000387122059595329,missense|LC,3129651392,3,129651392,
RAB33B,ENSG00000172007,0.385240541084363,0.271732661400318,0.628732857157642,-0.000712980560904449,missense|LC,4139454082,4,139454082,
DPY19L2,ENSG00000177990,0.385263803959073,0.23807171724706,0.658430941254872,-0.000623328993706001,missense|LC,12063560390,12,63560390,
PSMB11,ENSG00000222028,0.385339423986987,0.422491888301335,0.242259547901996,-0.000269821430804044,missense|LC,14023042148,14,23042148,
SSC4D,ENSG00000146700,0.38543766162817,0.251126835026358,0.671129910933538,-0.000346322086521903,missense|LC,7076389942,7,76389942,
RSPO2,ENSG00000147655,0.385468635367558,0.625824292424747,0.238501373822471,0.000322070972573001,missense|LC,8107900999,8,107900999,
OR7A10,ENSG00000127515,0.38548562562241,0.667446350726771,0.297356857688173,0.000116238416949517,missense|LC,19014840909,19,14840909,
TTC1,ENSG00000113312,0.385490274682708,0.306117842736663,0.257502270907349,-0.000502831899005193,missense|LC,5160010461,5,160010461,
HHLA3,ENSG00000197568,0.38551552622406,0.858581106146185,0.228670115285974,-0.00037201283534907,missense|LC,1070353845,1,70353845,
NAT8B,ENSG00000204872,0.385583015003687,0.379461856686122,0.251183758776976,-0.000293518189430105,missense|LC,2073700469,2,73700469,
C1GALT1,ENSG00000106392,0.385602035926635,0.24374120458169,0.387528164960774,0.000925655728708765,missense|LC,7007182720,7,7182720,
USF2,ENSG00000105698,0.385628921388581,0.23834012578596,0.316469541105021,-0.00105663435563742,missense|LC,19035266287,19,35266287,
ARFGAP2,ENSG00000149182,0.385719907881772,0.636831633950364,0.24951764119542,0.000190961596838498,missense|LC,11047161018,11,47161018,
FOXK2,ENSG00000141568,0.385722268221791,0.240508725539597,0.359318959846954,0.000347300552316664,missense|LC,17082519843,17,82519843,
KIF20B,ENSG00000138182,0.385723711503285,0.239368108272567,0.747315963724638,0.000198815871201676,missense|LC,10089705229,10,89705229,
ZRSR2,ENSG00000169249,0.38577257292944,0.237991265205768,0.560013045655961,0.00050937917714138,missense|LC,23015790407,X,15790407,
OSBPL1A,ENSG00000141447,0.385857406737327,0.9034931441504,0.240127835910865,0.0000431495703134942,missense|LC,18024159435,18,24159435,
MCF2L2,ENSG00000053524,0.385973071511549,0.482767697739029,0.227278107181329,-0.0002482047482155,missense|LC,3183179240,3,183179240,
CLDN20,ENSG00000171217,0.386030352950858,0.578433165947801,0.228855398258921,-0.000500863635224264,missense|LC,6155260191,6,155260191,
SYNC,ENSG00000162520,0.386057618650638,0.785950675115487,0.236514561872885,-0.000108418629813202,missense|LC,1032679566,1,32679566,
TLE3,ENSG00000140332,0.386087368067911,0.295111707078653,0.243232234100144,-0.000610518254585787,missense|LC,15070050031,15,70050031,
ISL2,ENSG00000159556,0.386138679397721,0.226764817817106,0.353568786541684,-0.00105180629702021,missense|LC,15076336821,15,76336821,
FAM171B,ENSG00000144369,0.386174013390472,0.705544736653759,0.244791048287983,0.00014525176453401,missense|LC,2186694039,2,186694039,
OR2G6,ENSG00000188558,0.386250090083186,0.772875467680058,0.228551246642559,-0.00016929813644337,missense|LC,1248521613,1,248521613,
AP002748.5,ENSG00000256349,0.386296494133435,0.236068360626724,0.590361284134914,-0.000498609742347294,missense|LC,11066504495,11,66504495,
ZNF454,ENSG00000178187,0.386335118587357,0.228785528028923,0.309042499366873,0.00100529080239565,missense|LC,5178942706,5,178942706,
GIN1,ENSG00000145723,0.386396492738158,0.243484751655719,0.26594582662603,0.000792113594377928,missense|LC,5103087901,5,103087901,
LAMTOR4,ENSG00000188186,0.386511542320078,0.782973364743189,0.237415704351957,0.000405029649023369,missense|LC,7100148867,7,100148867,
BFSP2,ENSG00000170819,0.38652388423151,0.662454581037145,0.230476312898942,-0.000297116286291989,missense|LC,3133395757,3,133395757,
WDR12,ENSG00000138442,0.386603227156144,0.485895703716227,0.235774414379545,-0.000427144343311521,missense|LC,2202880788,2,202880788,
SLC39A13,ENSG00000165915,0.386645599389186,0.454664970360522,0.260779179381521,0.000361457387598165,missense|LC,11047409987,11,47409987,
ALOX15,ENSG00000161905,0.386675868614137,0.433383682993437,0.233568004479477,0.000233975838661199,missense|LC,17004631488,17,4631488,
MED31,ENSG00000108590,0.386731558303385,0.253938216939703,0.826522358926846,0.00145506796802451,missense|LC,17006640953,17,6640953,
TBPL2,ENSG00000182521,0.38676121978057,0.52058172451027,0.235211691418859,0.000440601560544927,missense|LC,14055411518,14,55411518,
TMC4,ENSG00000167608,0.386869351551364,0.582158521649841,0.256612356645797,-0.000225247995221974,missense|LC,19054155204,19,54155204,
LACTBL1,ENSG00000215906,0.386905825019385,0.241918476976981,0.798171938361433,-0.000365585834974523,missense|LC,1022952910,1,22952910,
UCN2,ENSG00000145040,0.386924910303114,0.23809054941044,0.472828604194208,-0.00130735218080114,missense|LC,3048556719,3,48556719,
FOXRED2,ENSG00000100350,0.386978049554204,0.226183227333217,0.313258347090146,0.00053396202642059,missense|LC,22036489914,22,36489914,
ZNF217,ENSG00000171940,0.387025094509658,0.533270046285858,0.243593457624747,-0.000129184854988907,missense|LC,20053569022,20,53569022,
SYT11,ENSG00000132718,0.387117608907804,0.231598577384209,0.430787703636083,-0.00120281055353149,missense|LC,1155859690,1,155859690,
CHTOP,ENSG00000160679,0.387141866561705,0.23075265966094,0.537450376236522,-0.00114187364623009,missense|LC,1153630398,1,153630398,
MOXD1,ENSG00000079931,0.387182961395027,0.251866212565487,0.719050353520522,-0.000478383381580432,missense|LC,6132297066,6,132297066,
SNF8,ENSG00000159210,0.387200483009937,0.859119436148454,0.229617022974826,0.000209378355612938,missense|LC,17048926862,17,48926862,
TNFAIP1,ENSG00000109079,0.387217276338351,0.228481186781335,0.819860756387227,-0.00117975397304216,missense|LC,17028331750,17,28331750,
USP47,ENSG00000170242,0.387278162947038,0.233787825181271,0.484164531404436,-0.000544183912869081,missense|LC,11011842073,11,11842073,
OR2B3,ENSG00000204703,0.387333251552997,0.876884872243306,0.228779547889792,-0.000117537956268766,missense|LC,6029086288,6,29086288,
SOCS5,ENSG00000171150,0.387339799153863,0.552740852829149,0.229474933705349,0.000408013240465074,missense|LC,2046758478,2,46758478,
NKX1-2,ENSG00000229544,0.387439980819361,0.237530578140209,0.541380183593122,-0.000661801245110987,missense|LC,10124447365,10,124447365,
PCDHAC1,ENSG00000248383,0.387505877815798,0.983566550618229,0.262377587568178,0.00000305526739887623,missense|LC,5140926740,5,140926740,
RNF217,ENSG00000146373,0.387564821174791,0.660569386587097,0.226502914465873,0.000437871980089473,missense|LC,6124962536,6,124962536,
ZNF883,ENSG00000285447,0.387599575305529,0.581005761639886,0.234167571725287,0.000251574594471535,missense|LC,9112997032,9,112997032,
CRAMP1,ENSG00000007545,0.387633076217192,0.970793371581144,0.238615204159045,-0.00000878563793087799,missense|LC,16001607362,16,1607362,
ZNF142,ENSG00000115568,0.387695029686521,0.560633557131437,0.235099356737292,0.000143182823145194,missense|LC,2218638242,2,218638242,
GPR17,ENSG00000144230,0.387706196721584,0.234185709634818,0.812547022322637,0.000420145148487764,missense|LC,2127640865,2,127640865,
MRPL58,ENSG00000167862,0.387720579891308,0.873507450091103,0.259872601120393,0.000121434070739501,missense|LC,17075012615,17,75012615,
JDP2,ENSG00000140044,0.387754046686861,0.359200324696375,0.25283038917682,0.000790932163278664,missense|LC,14075432243,14,75432243,
SMTNL2,ENSG00000188176,0.387815946507314,0.236148607974662,0.562442065892985,-0.000361550784763344,missense|LC,17004584481,17,4584481,
ANGPTL8,ENSG00000130173,0.387824102693096,0.56188281811287,0.234811030077205,-0.00046623115108318,missense|LC,19011233077,19,11233077,
LRRC26,ENSG00000184709,0.387859905451071,0.29984116297708,0.250882332148964,-0.000353514813316148,missense|LC,9137163757,9,137163757,
ZNF18,ENSG00000154957,0.387915716454155,0.948202380540696,0.231285064131625,-0.0000481380591980233,missense|LC,17011977854,17,11977854,
TMEM259,ENSG00000182087,0.388080084261349,0.763542717369035,0.231136424518201,0.000133141808741408,missense|LC,19001004655,19,1004655,
SSR1,ENSG00000124783,0.388096523853555,0.228262403646413,0.437068669010744,0.00160776072091646,missense|LC,6007289791,6,7289791,
HMX3,ENSG00000188620,0.388120524366004,0.263507545399406,0.65793972183611,-0.000438139306756583,missense|LC,10123135917,10,123135917,
COX8C,ENSG00000187581,0.388147775568285,0.321372108955032,0.297276610137797,0.000679366758096427,missense|LC,14093347157,14,93347157,
RRP1B,ENSG00000160208,0.388183823912057,0.332443608661986,0.248326115651991,0.000390297141122231,missense|LC,21043656513,21,43656513,
AC011511.1,ENSG00000167807,0.388283313392742,0.571541968539757,0.297398083852349,-0.000364718027986449,missense|LC,19010305043,19,10305043,
OR6C74,ENSG00000197706,0.388358136618276,0.444543694292027,0.248380681048112,-0.000331858925327194,missense|LC,12055247260,12,55247260,
AL109811.3,ENSG00000277726,0.388406100150954,0.414773984673635,0.255851392388161,0.00500833913666616,missense|LC,1011018623,1,11018623,
TMEM145,ENSG00000167619,0.388426679226968,0.257865018900487,0.847656192938661,-0.000487613881014863,missense|LC,19042309525,19,42309525,
ZP2,ENSG00000103310,0.388667943860639,0.525426131700907,0.230754221985393,-0.000341118173622295,missense|LC,16021197368,16,21197368,
DCP1B,ENSG00000151065,0.388768074195537,0.229862237772667,0.491429699981621,-0.000585148300859227,missense|LC,12001946148,12,1946148,
PDGFRB,ENSG00000113721,0.388836527721614,0.750556394670724,0.234071657088608,-0.0000956379043263916,missense|LC,5150115679,5,150115679,
MTARC2,ENSG00000117791,0.388897820828859,0.259027856730073,0.325134975850002,0.000685065622009959,missense|LC,1220748421,1,220748421,
TMEM121B,ENSG00000183307,0.388900629065768,0.238616755336917,0.735455034281698,-0.000421299784019962,missense|LC,22017119254,22,17119254,
AGFG2,ENSG00000106351,0.388974989825653,0.24713409148082,0.268272385530014,-0.000440536889432096,missense|LC,7100539232,7,100539232,
FLII,ENSG00000177731,0.388977937790731,0.229543522667128,0.638548179852525,0.000332967585343473,missense|LC,17018240477,17,18240477,
MYO10,ENSG00000145555,0.388979288550763,0.680743611922213,0.23222399536864,0.0000965318904383378,missense|LC,5016666628,5,16666628,
AP4B1,ENSG00000134262,0.389001085021786,0.242887075144651,0.270329852695725,0.000438283879396198,missense|LC,1113894979,1,113894979,
VPS13D,ENSG00000048707,0.389010201596248,0.227698815160449,0.366525443276044,0.000232871630197382,missense|LC,1012234241,1,12234241,
ADD2,ENSG00000075340,0.389024892883179,0.595059642905059,0.231809535435366,-0.000253218745385284,missense|LC,2070663334,2,70663334,
TAAR1,ENSG00000146399,0.38903457157474,0.899015734725302,0.230494081066744,-0.0000925771386601999,missense|LC,6132644915,6,132644915,
ELP2,ENSG00000134759,0.38903728460841,0.29622303207792,0.249967393007921,0.000305210544874188,missense|LC,18036126156,18,36126156,
TBC1D32,ENSG00000146350,0.389040752417831,0.229288431904404,0.315467005755552,0.000423024790706147,missense|LC,6121080662,6,121080662,
ZNF821,ENSG00000102984,0.389083263738281,0.253207257257161,0.473557236684053,0.000731161103997824,missense|LC,16071859918,16,71859918,
RAC2,ENSG00000128340,0.389116736214387,0.237333864038587,0.425223097312151,-0.00218121119539975,missense|LC,22037226549,22,37226549,
RAN,ENSG00000132341,0.3891747891119,0.232916152880713,0.79240986148994,-0.0058527248750052,missense|LC,12130872501,12,130872501,
MAGEB17,ENSG00000182798,0.389198908246301,0.230177770262022,0.637544738031483,0.000822978095502692,missense|LC,23016170216,X,16170216,
CALM1,ENSG00000198668,0.389202927504637,0.667681620656588,0.240852810733843,0.00482976841280665,missense|LC,14090397145,14,90397145,
SOX12,ENSG00000177732,0.389344415846441,0.266405869496399,0.753404655372766,0.000658627027514821,missense|LC,20000325860,20,325860,
ADAMTS9,ENSG00000163638,0.389428460621257,0.227308386458388,0.334716702783257,-0.000345317910856448,missense|LC,3064522103,3,64522103,
RNF2,ENSG00000121481,0.389466987987379,0.705250847800287,0.229181170188336,-0.000737565328543395,missense|LC,1185087498,1,185087498,
BTNL8,ENSG00000113303,0.389484425689755,0.257336074191014,0.762986289147192,-0.000394161406267999,missense|LC,5180899215,5,180899215,
TBC1D7,ENSG00000145979,0.389490790115853,0.253325950864082,0.265926541413438,-0.00060138903119778,missense|LC,6013272624,6,13272624,
PIGG,ENSG00000174227,0.389501340142162,0.226432307973646,0.860084513206688,-0.000467704079557041,missense|LC,4000499241,4,499241,
MEGF11,ENSG00000157890,0.38952410871629,0.582888616314289,0.232337249313472,-0.000226885243206756,missense|LC,15065897856,15,65897856,
ANKRD65,ENSG00000235098,0.389668955647468,0.236126439182938,0.914438353470231,0.000559988162888371,missense|LC,1001419003,1,1419003,
FNIP1,ENSG00000217128,0.389689091196127,0.725125677918683,0.231053651719122,-0.000152115264122673,missense|LC,5131644633,5,131644633,
APC2,ENSG00000115266,0.389705954738278,0.815843644045924,0.228833217389184,0.0000490420923319955,missense|LC,19001452868,19,1452868,
AC108941.2,ENSG00000284695,0.389733318729,0.694290312765279,0.233016863175645,-0.000716617966845322,missense|LC,4069841987,4,69841987,
FGFR4,ENSG00000160867,0.389832462517,0.449823745136161,0.228818678800994,-0.000352182279697738,missense|LC,5177087496,5,177087496,
NLRC4,ENSG00000091106,0.389912009583342,0.242064994413867,0.694548043872871,-0.000523881803032193,missense|LC,2032220105,2,32220105,
ABCB5,ENSG00000004846,0.39009327335325,0.230117612082459,0.45423545242598,0.000349005854917647,missense|LC,7020623248,7,20623248,
CFAP77,ENSG00000188523,0.390181035133644,0.316451661363767,0.250603937728802,-0.000350112455367617,missense|LC,9132410221,9,132410221,
CIB4,ENSG00000157884,0.390195029205256,0.872138327269532,0.276390497375841,-0.0000788094095718926,missense|LC,2026576210,2,26576210,
WASHC2A,ENSG00000099290,0.390242079395165,0.23655446633833,0.683534495385296,0.000272966782421083,missense|LC,10050063314,10,50063314,
COL17A1,ENSG00000065618,0.390299719353674,0.23127733046828,0.460850250768032,-0.000301539455071148,missense|LC,10104032180,10,104032180,
MTERF4,ENSG00000122085,0.390374154725094,0.229405649246232,0.657325043461714,0.000833131010521529,missense|LC,2241082216,2,241082216,
BORCS6,ENSG00000196544,0.390521664806857,0.627479058508436,0.249803526169796,-0.000212915447859461,missense|LC,17008188938,17,8188938,
GYS2,ENSG00000111713,0.390547294105784,0.490202153719739,0.249964177456368,-0.000262573281523139,missense|LC,12021531110,12,21531110,
HS3ST1,ENSG00000002587,0.39054965047976,0.232630725633338,0.731799046984064,-0.00106545515260241,missense|LC,4011399015,4,11399015,
PAQR4,ENSG00000162073,0.390561854530644,0.300651010521257,0.24207244805969,-0.000532087914842094,missense|LC,16002964464,16,2964464,
SOX3,ENSG00000134595,0.39071669511569,0.240197659664783,0.728890644357392,-0.000504763663449371,missense|LC,23140503648,X,140503648,
PLEKHA2,ENSG00000169499,0.390739243680324,0.325742327434759,0.228535473793861,-0.000871785674401205,missense|LC,8038917802,8,38917802,
ABCA5,ENSG00000154265,0.390766693568703,0.87617594990877,0.235387929165344,-0.0000518152412327603,missense|LC,17069247516,17,69247516,
MED18,ENSG00000130772,0.391035794340911,0.599764344948782,0.229048142216068,-0.000728304933598082,missense|LC,1028330609,1,28330609,
FADS1,ENSG00000149485,0.391048842889878,0.228388762992405,0.597343189526923,0.00160339297688656,missense|LC,11061795273,11,61795273,
PDE11A,ENSG00000284741,0.391062384466422,0.283805537753389,0.474404252263979,-0.00185249163630468,missense|LC,2177629484,2,177629484,
SULF2,ENSG00000196562,0.391122015343488,0.353529592107697,0.227517893853019,0.000430017083582734,missense|LC,20047652323,20,47652323,
MTERF2,ENSG00000120832,0.391136177835632,0.330405199148907,0.258116149661473,-0.000617690920482463,missense|LC,12106977545,12,106977545,
CCDC92,ENSG00000119242,0.39118107816673,0.237786803875166,0.611282120779787,-0.000702818004291186,missense|LC,12123930624,12,123930624,
EPB41L4A,ENSG00000129595,0.391187312726184,0.480492541174376,0.23701145478598,0.000168715757175234,missense|LC,5112164901,5,112164901,
ATXN3,ENSG00000066427,0.391207838148346,0.25006928177784,0.453367352772694,0.000413758749032731,missense|LC,14092064282,14,92064282,
SKP1,ENSG00000113558,0.391517331594874,0.233763523463162,0.605576630238647,0.0051376627396862,missense|LC,5134144750,5,134144750,
GJA8,ENSG00000121634,0.391526951878034,0.268889559756806,0.245923643873972,0.000424538581639153,missense|LC,1147907940,1,147907940,
FPGT-TNNI3K,ENSG00000259030,0.391547817841375,0.576075398018978,0.237215017906886,0.000182943937309137,missense|LC,1074198087,1,74198087,
NXPE1,ENSG00000095110,0.391638950663086,0.250589583129015,0.398267532254135,0.00053644105217264,missense|LC,11114521946,11,114521946,
GPR148,ENSG00000173302,0.391829216013929,0.683830375793732,0.230275278677179,0.000292539202898165,missense|LC,2130729085,2,130729085,
LRRC55,ENSG00000183908,0.391848805606945,0.228925788680129,0.397155465770099,-0.00108135374705211,missense|LC,11057181799,11,57181799,
HERC2,ENSG00000128731,0.391849455431439,0.775668556334636,0.226901330057577,0.000060455519755294,missense|LC,15028111678,15,28111678,
FKTN,ENSG00000106692,0.391921650222557,0.326548188776827,0.258502620312008,0.000402612271533636,missense|LC,9105575026,9,105575026,
GTSE1,ENSG00000075218,0.392074132849,0.826602876839948,0.235619372543706,0.0000666245533238431,missense|LC,22046292725,22,46292725,
EDA2R,ENSG00000131080,0.392122461413875,0.385964797859189,0.272272183224284,-0.000283877678485436,missense|LC,23066597973,X,66597973,
AL132780.3,ENSG00000259132,0.39215821467879,0.745265098973094,0.237731687948759,-0.000474013389369934,missense|LC,14022946464,14,22946464,
ZNF24,ENSG00000172466,0.392203778154807,0.245795179212223,0.490991137442369,-0.00123620040594961,missense|LC,18035337154,18,35337154,
CALM2,ENSG00000143933,0.392205512801949,0.958391357140239,0.234031691131385,0.000368222536646274,missense|LC,2047155103,2,47155103,
RPS4Y2,ENSG00000280969,0.392403935461648,0.235359703863004,0.848707128170415,-0.00122845463941525,missense|LC,24020756117,Y,20756117,
SPINK7,ENSG00000145879,0.392411881397506,0.262694744006848,0.269879477742496,0.00111785748497597,missense|LC,5148312473,5,148312473,
GOT2,ENSG00000125166,0.392435209062099,0.463253388520609,0.240339267293616,-0.000580532511416471,missense|LC,16058708093,16,58708093,
AC090527.3,ENSG00000260170,0.392583678392773,0.230860686928651,0.395422628760504,-0.00111861491064506,missense|LC,15045587371,15,45587371,
WNT16,ENSG00000002745,0.392632436690241,0.278252089369339,0.247746431697674,-0.000672429841255723,missense|LC,7121325339,7,121325339,
TAS2R16,ENSG00000128519,0.392647667387492,0.237657987887195,0.390718226989638,0.000845036963762547,missense|LC,7122994662,7,122994662,
TNNI3K,ENSG00000116783,0.392673365692891,0.79308849621879,0.238929653408008,0.0000874669088352213,missense|LC,1074235414,1,74235414,
MTO1,ENSG00000135297,0.392769640512209,0.283006066056183,0.250073519460911,0.000413470025558847,missense|LC,6073461763,6,73461763,
KBTBD8,ENSG00000163376,0.392778555333178,0.238784894188431,0.718504910941563,-0.00349364228091119,missense|LC,3066998274,3,66998274,
LRRTM2,ENSG00000146006,0.39294191501585,0.230295944951866,0.396657234700581,0.00129275129692426,missense|LC,5138872978,5,138872978,
RTP5,ENSG00000188011,0.392946317179944,0.785498831339893,0.236011513881362,-0.000119911851399482,missense|LC,2241869665,2,241869665,
OR5T3,ENSG00000172489,0.393019270713959,0.25882878713642,0.301638927697259,0.000460343417124,missense|LC,11056252168,11,56252168,
UHRF1,ENSG00000276043,0.393058112786108,0.728238927268109,0.245962567353564,0.00014280321480332,missense|LC,19004910757,19,4910757,
PLK4,ENSG00000142731,0.39310084560714,0.900358819675808,0.252500637541401,0.0000433533053855057,missense|LC,4127881039,4,127881039,
BEND4,ENSG00000188848,0.393132756097306,0.235362489926429,0.888524348130404,-0.000674168541818593,missense|LC,4042117476,4,42117476,
NFATC3,ENSG00000072736,0.39318100687607,0.371080334042708,0.22432511272518,0.000495558850730771,missense|LC,16068085610,16,68085610,
NME1-NME2,ENSG00000011052,0.393187458191538,0.231862678077854,0.315818798632549,0.00126025804836349,missense|LC,17051154456,17,51154456,
ECE2,ENSG00000145194,0.393390820273989,0.689846401859003,0.236454191261593,-0.000176231252577126,missense|LC,3184275972,3,184275972,
FCRL3,ENSG00000160856,0.393447240889514,0.280520125468032,0.242277063783524,0.000364236223760147,missense|LC,1157676648,1,157676648,
SHE,ENSG00000169291,0.393452100511517,0.257218083677148,0.233140891120118,0.000779754322173552,missense|LC,1154479423,1,154479423,
MRGPRG,ENSG00000182170,0.393637037675335,0.369609064288118,0.236545802586399,0.00054736253606053,missense|LC,11003217867,11,3217867,
GADD45B,ENSG00000099860,0.39380117240609,0.790404021911393,0.276544050169145,-0.000319049126535116,missense|LC,19002476285,19,2476285,
MATN1,ENSG00000162510,0.393834937575399,0.910802293877193,0.237164049176833,0.0000620532046027996,missense|LC,1030713496,1,30713496,
HSFX1,ENSG00000171116,0.393838442883267,0.264390412322788,0.547941554008444,0.00374915582697422,missense|LC,23149774669,X,149774669,
BTNL9,ENSG00000165810,0.393855056437824,0.255551094285061,0.795947572540391,0.000498960143858249,missense|LC,5181045459,5,181045459,
CLTA,ENSG00000122705,0.393865016761777,0.231416030091532,0.701790776732715,-0.00136025551969327,missense|LC,9036190890,9,36190890,
SLC10A2,ENSG00000125255,0.39386789845349,0.247345381105195,0.478148788300999,-0.000408346690017453,missense|LC,13103046031,13,103046031,
MICAL2,ENSG00000133816,0.393990833299884,0.342215014903428,0.241901425605539,-0.000207527437340874,missense|LC,11012162035,11,12162035,
SRRD,ENSG00000100104,0.39399370850206,0.238455555108286,0.488684102391987,0.000825177940492628,missense|LC,22026479193,22,26479193,
KDM1B,ENSG00000165097,0.394007195061343,0.252488439027427,0.558743409598962,-0.000466495280682594,missense|LC,6018159882,6,18159882,
HMGN4,ENSG00000182952,0.394012610794085,0.500946792202104,0.266094147611517,-0.00121394301846464,missense|LC,6026545128,6,26545128,
SOX15,ENSG00000129194,0.394025139364929,0.248856784420738,0.256680218686273,-0.00118423813443763,missense|LC,17007583180,17,7583180,
KRTAP6-2,ENSG00000186930,0.394095144672966,0.238595154644224,0.530034304172503,-0.0020786234256861,missense|LC,21030598555,21,30598555,
ATP13A1,ENSG00000105726,0.394277604024529,0.237924688566204,0.309949015405346,0.000386108575192746,missense|LC,19019640198,19,19640198,
PPP1R13L,ENSG00000104881,0.394289122681894,0.694623502885473,0.235885479911493,-0.000154198456475738,missense|LC,19045380102,19,45380102,
ATP12A,ENSG00000075673,0.394328809080979,0.536088869364475,0.242964557545215,0.000190391485138616,missense|LC,13024680634,13,24680634,
BHLHA9,ENSG00000205899,0.394369871570683,0.246941219608868,0.845316657152644,0.000629202786862305,missense|LC,17001270518,17,1270518,
SMARCA4,ENSG00000127616,0.394410441345035,0.789092535524176,0.237420632019125,-0.00019618897428851,missense|LC,19010984071,19,10984071,
TRAF4,ENSG00000076604,0.394447646835435,0.272927672281074,0.599083650113147,0.000511164130563592,missense|LC,17028739041,17,28739041,
SOHLH1,ENSG00000165643,0.394468009150915,0.308550260473159,0.240804830551718,0.000411191333497993,missense|LC,9135693468,9,135693468,
AZGP1,ENSG00000160862,0.394552883466626,0.260559811258796,0.237066479618934,-0.000888389978752051,missense|LC,7099966878,7,99966878,
LAT,ENSG00000213658,0.394567721004974,0.238892377675644,0.831223462773604,-0.000967732187133024,missense|LC,16028981355,16,28981355,
CLDN14,ENSG00000159261,0.394571079556366,0.368258856879726,0.242810338669318,0.000609018262659934,missense|LC,21036460885,21,36460885,
IL2RB,ENSG00000100385,0.394630866964139,0.251448474102946,0.2673410645739,0.000483783958310061,missense|LC,22037128019,22,37128019,
ARID4B,ENSG00000054267,0.394664470313331,0.539457432063816,0.237388417529949,-0.000240457476325952,missense|LC,1235168406,1,235168406,
C1orf105,ENSG00000180999,0.394677080895824,0.453403832110438,0.236537572886898,-0.00096526855176749,missense|LC,1172418192,1,172418192,
AC090360.1,ENSG00000267127,0.394796582186102,0.234482864746268,0.388933868263034,0.00275047975519225,missense|LC,18080034401,18,80034401,
AC119676.1,ENSG00000284895,0.394980849173921,0.246415819381935,0.405520696830934,0.00702403265871526,missense|LC,1041580310,1,41580310,
GATC,ENSG00000257218,0.39499528252,0.232440378917417,0.881238901670173,-0.00202392229037404,missense|LC,12120444827,12,120444827,
TXNDC9,ENSG00000115514,0.395038640740736,0.321697414054234,0.262026530642354,-0.000774394851453556,missense|LC,2099319646,2,99319646,
ARMCX4,ENSG00000196440,0.395041160073204,0.981686495864688,0.236320018255645,-0.0000027184164636355,missense|LC,23101488046,X,101488046,
REP15,ENSG00000174236,0.395102012382075,0.768220007783348,0.233947612346697,-0.000407140437018179,missense|LC,12027691692,12,27691692,
CCDC152,ENSG00000198865,0.395158667594254,0.360877498395678,0.291542961289467,-0.000480729392818294,missense|LC,5042759089,5,42759089,
CMPK2,ENSG00000134326,0.395192216309801,0.253935281795182,0.246704669620337,0.00042017212848598,missense|LC,2006848316,2,6848316,
DCXR,ENSG00000169738,0.395204416368632,0.319953393634861,0.264493559551915,0.000636131371136048,missense|LC,17082030859,17,82030859,
PGGT1B,ENSG00000164219,0.395216696867263,0.376748124318058,0.258433084877244,0.000708861243981276,missense|LC,5115212240,5,115212240,
PRR23D1,ENSG00000255251,0.395273113872805,0.249356371091394,0.306657838624752,0.00641477931001478,missense|LC,8007540956,8,7540956,
NUP153,ENSG00000124789,0.39529907789181,0.271879535627502,0.23890049201599,-0.000240957423179712,missense|LC,6017616069,6,17616069,
GSDMD,ENSG00000104518,0.395327662639132,0.232049017576014,0.692007343927927,0.000731398696751992,missense|LC,8143558231,8,143558231,
C4B,ENSG00000224389,0.395405568036244,0.890423788443831,0.235876837958558,0.0000954500392349503,missense|LC,6032009810,6,32009810,
ETNPPL,ENSG00000164089,0.395409989797753,0.313141721044735,0.241859696560638,0.000711575274153332,missense|LC,4108742404,4,108742404,
FITM2,ENSG00000197296,0.395431645930952,0.397988707313539,0.235957785605322,-0.000860622453632673,missense|LC,20044306503,20,44306503,
PRAMEF17,ENSG00000204479,0.395442658141012,0.337574074433856,0.246031506303397,-0.000207958673315601,missense|LC,1013389534,1,13389534,
SAP30L,ENSG00000164576,0.39544916179435,0.886670527782066,0.259347693102468,0.000132029967806754,missense|LC,5154446525,5,154446525,
PDILT,ENSG00000169340,0.395451193016714,0.240111966889158,0.578813712710015,-0.000381090218071476,missense|LC,16020359178,16,20359178,
JOSD1,ENSG00000100221,0.395546425292512,0.911685116770398,0.239700919499913,0.000153181701252859,missense|LC,22038681882,22,38681882,
B4GALNT2,ENSG00000167080,0.395670832721224,0.233607243481663,0.533701242122521,-0.00067462334001696,missense|LC,17049132967,17,49132967,
SPACA3,ENSG00000141316,0.395736846905065,0.868666554609281,0.250119367111013,-0.0000994360610381386,missense|LC,17032991834,17,32991834,
OLR1,ENSG00000173391,0.395750649835608,0.438841021964392,0.231103864974402,0.000995198254780226,missense|LC,12010159787,12,10159787,
ERP27,ENSG00000139055,0.395813488657935,0.545434866606943,0.238503358273891,0.000461790524049777,missense|LC,12014914663,12,14914663,
FANCA,ENSG00000187741,0.395841981810964,0.233634910510615,0.618154342287853,0.000283958575455836,missense|LC,16089733238,16,89733238,
WDR62,ENSG00000075702,0.395886807284966,0.242580012114108,0.300826271825741,0.000302224411617685,missense|LC,19036054037,19,36054037,
ATCAY,ENSG00000167654,0.395918292142951,0.317068989671686,0.227764058914391,-0.000850204712032472,missense|LC,19003885702,19,3885702,
RSL1D1,ENSG00000171490,0.395921874648323,0.419288617997625,0.255813423368973,-0.000320261229347047,missense|LC,16011837720,16,11837720,
ALKBH5,ENSG00000091542,0.395925811704494,0.542929652990003,0.228097041241895,0.000557545218432499,missense|LC,17018178830,17,18178830,
IRS4,ENSG00000133124,0.396049338458661,0.713424700045604,0.231168733436265,-0.000174490673664319,missense|LC,23108732484,X,108732484,
RNF125,ENSG00000101695,0.396078135677044,0.248116242883424,0.558797261787814,0.000849276872077137,missense|LC,18032018761,18,32018761,
SLITRK2,ENSG00000185985,0.396245162379216,0.23741127664395,0.592937210473887,0.000528581470756092,missense|LC,23145822377,X,145822377,
TMEM140,ENSG00000146859,0.396288361212305,0.569186424410321,0.248223497706015,0.00039011576473972,missense|LC,7135164359,7,135164359,
TFF3,ENSG00000160180,0.396290605705271,0.513534615286696,0.307374646897485,-0.000387804007898382,missense|LC,21042312146,21,42312146,
CEP192,ENSG00000101639,0.396356324838728,0.730014212235305,0.265485113153746,0.000742410246403305,missense|LC,18012986362,18,12986362,
FOXR1,ENSG00000176302,0.396434210969506,0.890938129379865,0.269559572402933,-0.0000637438363469787,missense|LC,11118971837,11,118971837,
DCLRE1A,ENSG00000198924,0.396671704835516,0.241846470790335,0.953854194411317,-0.000380775393246681,missense|LC,10113835079,10,113835079,
AC004593.2,ENSG00000285162,0.396715965404563,0.688123806995363,0.238388394962987,-0.000224251355252469,missense|LC,7029120831,7,29120831,
RSC1A1,ENSG00000215695,0.396724133524842,0.489610011243951,0.250817177917994,0.000315766134446169,missense|LC,1015656332,1,15656332,
SHISA4,ENSG00000198892,0.396747852938789,0.259353377499842,0.566195918925135,-0.00078754114765634,missense|LC,1201888925,1,201888925,
UGT2A1,ENSG00000173610,0.396761975231141,0.245514320643749,0.52613323340368,0.000391279551107734,missense|LC,4069589246,4,69589246,
ANKRD63,ENSG00000230778,0.39678244365738,0.254492732002091,0.682556869138662,0.000476921251227079,missense|LC,15040281447,15,40281447,
RUNDC1,ENSG00000198863,0.396924789946682,0.256949359262118,0.396213185063928,0.000468452105458332,missense|LC,17042979092,17,42979092,
MMP27,ENSG00000137675,0.396997232699433,0.256981607841147,0.559135998528122,-0.000471591779515986,missense|LC,11102691693,11,102691693,
PIGT,ENSG00000124155,0.397056635082955,0.248345327218228,0.785019803666216,-0.000428408947211142,missense|LC,20045416064,20,45416064,
AMBRA1,ENSG00000110497,0.397071690499776,0.952555175002493,0.239442119662038,-0.0000238241703599746,missense|LC,11046397307,11,46397307,
KIF21A,ENSG00000139116,0.397100811612897,0.294290868826999,0.240895448009191,0.000333146441132083,missense|LC,12039294398,12,39294398,
SPAG5,ENSG00000076382,0.397125016954305,0.241901407064959,0.315465857706243,-0.000361617410768511,missense|LC,17028573457,17,28573457,
APOA1,ENSG00000118137,0.397250142368067,0.253646411482339,0.640748824342119,0.00076274949315477,missense|LC,11116830751,11,116830751,
JAG2,ENSG00000184916,0.397317057747058,0.567943194869318,0.245647820457888,0.000168890270878388,missense|LC,14105142639,14,105142639,
NKX6-2,ENSG00000148826,0.397496796203901,0.487662318833606,0.231918262424526,0.000658211458425673,missense|LC,10132780797,10,132780797,
AC021660.3,ENSG00000285635,0.397512457495914,0.2648597583592,0.255440418406494,-0.00308253450300954,missense|LC,3098516133,3,98516133,
CCND2,ENSG00000118971,0.397714298897142,0.249784059892185,0.919804831001124,0.00115892559021417,missense|LC,12004273999,12,4273999,
NUAK1,ENSG00000074590,0.397728115453183,0.685977290137298,0.236858123508213,0.000210018318386574,missense|LC,12106066758,12,106066758,
AMOTL2,ENSG00000114019,0.397757925169924,0.294350862267036,0.247481158521838,-0.000297867761033291,missense|LC,3134357634,3,134357634,
CNN2,ENSG00000064666,0.398053055262407,0.947703510518788,0.233987981406534,-0.0000475728465215715,missense|LC,19001026590,19,1026590,
SUFU,ENSG00000107882,0.39810526834983,0.267983464538922,0.272864568492735,0.000533421418905298,missense|LC,10102502511,10,102502511,
PLEKHH1,ENSG00000054690,0.398369624168911,0.239764190702373,0.435630901348069,-0.000318998603865474,missense|LC,14067541791,14,67541791,
SPOUT1,ENSG00000198917,0.398386597608728,0.925213959213674,0.257138265042873,0.0000444895022277422,missense|LC,9128818532,9,128818532,
PCDHA5,ENSG00000204965,0.398390244347506,0.275659087709872,0.243566478416337,0.000365194601306027,missense|LC,5140821683,5,140821683,
KRT83,ENSG00000170523,0.398398546754236,0.369338822314331,0.246988318746574,-0.000361611220742397,missense|LC,12052314567,12,52314567,
PTPN2,ENSG00000175354,0.398438371958462,0.247033774706898,0.369677257232388,0.00106374501799579,missense|LC,18012792150,18,12792150,
SRSF3,ENSG00000112081,0.398483112899948,0.53405797745719,0.235729322919126,0.00318986334178848,missense|LC,6036596698,6,36596698,
ZNF875,ENSG00000181666,0.398513821433899,0.859177189879269,0.244621257663043,-0.000066012495894341,missense|LC,19037344627,19,37344627,
WBP11,ENSG00000084463,0.39852517014807,0.267265545119436,0.31173434006847,0.00042432918172364,missense|LC,12014786973,12,14786973,
PPIA,ENSG00000196262,0.398612046374062,0.473711260754308,0.250041709973092,0.00167578590932368,missense|LC,7044796648,7,44796648,
CCL13,ENSG00000181374,0.39861594330003,0.457664400298003,0.250645579389812,0.00136321636608114,missense|LC,17034356484,17,34356484,
HSPA2,ENSG00000126803,0.398719675081026,0.241703401118563,0.32125546426437,0.000928432846330493,missense|LC,14064531757,14,64531757,
GPR179,ENSG00000277399,0.398749419227145,0.561274105637811,0.236540516948074,0.000110257756266279,missense|LC,17038320535,17,38320535,
HSBP1,ENSG00000230989,0.398762476449651,0.254360317872831,0.541359803097438,0.00129320701121078,missense|LC,16083808003,16,83808003,
PLEKHO1,ENSG00000023902,0.398803775788443,0.557636318048035,0.245532367367335,-0.000222643435345134,missense|LC,1150144919,1,150144919,
C18orf32,ENSG00000177576,0.398833411608271,0.254495452773981,0.5289311000159,0.00146283929687613,missense|LC,18049482319,18,49482319,
CLDN15,ENSG00000106404,0.398855063704089,0.243448265384266,0.477370751889923,0.00121202194215267,missense|LC,7101232367,7,101232367,
MAGEH1,ENSG00000187601,0.398955380739414,0.729965080181815,0.23961184345922,-0.000511298598716346,missense|LC,23055452325,X,55452325,
AC132217.2,ENSG00000284779,0.39897248769099,0.639516736247457,0.241041459138714,-0.000608818047170125,missense|LC,11002132948,11,2132948,
MAGEC2,ENSG00000046774,0.398990068762275,0.485680722473091,0.264489344513727,0.000238551906172724,missense|LC,23142202799,X,142202799,
DNAAF6,ENSG00000080572,0.39902199801602,0.32889265714862,0.290151986293391,-0.000706806080492829,missense|LC,23107212781,X,107212781,
AKIP1,ENSG00000166452,0.399057945693301,0.353631480454789,0.248148355577838,-0.000836591166784699,missense|LC,11008911366,11,8911366,
ANO7,ENSG00000146205,0.399062551957184,0.248494371711666,0.279758960617872,0.000279953093109626,missense|LC,2241188501,2,241188501,
TTI2,ENSG00000129696,0.399102363306074,0.910239464392692,0.266377393094641,0.0000393204627405368,missense|LC,8033495497,8,33495497,
GSTK1,ENSG00000197448,0.399205146089353,0.268758814252549,0.373821974767705,-0.000551395024289974,missense|LC,7143263459,7,143263459,
MAGEB3,ENSG00000198798,0.399213173861216,0.635629523890353,0.239872319035176,-0.000423533065048128,missense|LC,23030235892,X,30235892,
DENND6B,ENSG00000205593,0.399310439675741,0.483181637934975,0.231802154729198,-0.000403491854095367,missense|LC,22050307477,22,50307477,
PCK1,ENSG00000124253,0.399313715871241,0.244438446003769,0.560552495225868,-0.000382769604821699,missense|LC,20057561382,20,57561382,
SLIT2,ENSG00000145147,0.399468817119315,0.249005269333597,0.711611104015404,0.000363510742696105,missense|LC,4020253723,4,20253723,
PLCB4,ENSG00000101333,0.399469075604842,0.243811635108562,0.827077279780743,0.000484864075148298,missense|LC,20009307807,20,9307807,
CTAGE8,ENSG00000244693,0.399490294585777,0.264794837452664,0.593784071768551,-0.000509062699767779,missense|LC,7144266905,7,144266905,
HCST,ENSG00000126264,0.399507970882105,0.268817335899552,0.453137811251196,-0.00135061690997427,missense|LC,19035897653,19,35897653,
CEP135,ENSG00000174799,0.399554867953807,0.240471403714634,0.562318762112866,-0.000503743439157052,missense|LC,4055952124,4,55952124,
RPRD1A,ENSG00000141425,0.39963846471322,0.5347513340472,0.260854054934364,-0.00181206606205932,missense|LC,18035993084,18,35993084,
CACNG1,ENSG00000108878,0.399678985512826,0.720375993760257,0.24284160174136,0.000282810186329206,missense|LC,17067044623,17,67044623,
ATP5F1E,ENSG00000124172,0.399712453943029,0.417508980682037,0.246542376423482,-0.00228411241528287,missense|LC,20059022776,20,59022776,
NCOR1,ENSG00000141027,0.399719435116278,0.236388163833488,0.359817707194733,-0.000364382289430384,missense|LC,17016024954,17,16024954,
HSPB11,ENSG00000081870,0.399755132482088,0.285112524267816,0.343949423124434,0.000861273673062076,missense|LC,1053921650,1,53921650,
ETS1,ENSG00000134954,0.39986111234301,0.946078942433975,0.275128520678387,0.0000284059093618655,missense|LC,11128462317,11,128462317,
STMP1,ENSG00000243317,0.39989155382683,0.240949200385378,0.718159146374857,-0.00619526104277597,missense|LC,7135662487,7,135662487,
TBX6,ENSG00000149922,0.400018856289352,0.457664313033193,0.263960610226785,0.000302508844534545,missense|LC,16030081139,16,30081139,
FAH,ENSG00000103876,0.400023985782402,0.237936458052401,0.571996132093315,0.000925433849281296,missense|LC,15080152990,15,80152990,
AC118281.1,ENSG00000288380,0.400040218339085,0.236025993816769,0.63078203258782,-0.000314819023082213,missense|LC,4001394361,4,1394361,
OTX2,ENSG00000165588,0.400071331607442,0.245437046007193,0.714270259479319,0.00106366641242464,missense|LC,14056801656,14,56801656,
MMGT1,ENSG00000169446,0.400171595983799,0.288628719842558,0.250402302312189,0.00166524743172387,missense|LC,23135964974,X,135964974,
ZNF695,ENSG00000197472,0.40019980555342,0.699039518594805,0.261241653433907,-0.000181847284706183,missense|LC,1246985219,1,246985219,
NFU1,ENSG00000169599,0.400225577721875,0.25277369498225,0.24623609637622,0.00110122701985198,missense|LC,2069396199,2,69396199,
H3C11,ENSG00000275379,0.400244023329353,0.644906168545134,0.238856704706545,-0.000736287838510522,missense|LC,6027866825,6,27866825,
IL23R,ENSG00000162594,0.400332589649112,0.266462210137038,0.265186309749166,0.000493647017903959,missense|LC,1067168090,1,67168090,
CLDND2,ENSG00000160318,0.400341699795307,0.26683270209917,0.310445720958632,0.000593021421501334,missense|LC,19051366200,19,51366200,
POLM,ENSG00000122678,0.400427457389006,0.259119775122009,0.669697860543688,-0.000467299092700813,missense|LC,7044073027,7,44073027,
C21orf91,ENSG00000154642,0.400450208837048,0.246709294689261,0.536492550372553,-0.00100023249581939,missense|LC,21017793347,21,17793347,
SFTA3,ENSG00000229415,0.400574574598669,0.263979602562293,0.501963149842333,0.00105528854750036,missense|LC,14036473806,14,36473806,
SMARCA1,ENSG00000102038,0.400608954735533,0.310913247267939,0.236339635343279,-0.000675767603995574,missense|LC,23129447123,X,129447123,
F11,ENSG00000088926,0.400625321516304,0.315593720963987,0.236310181253487,0.000602669981281551,missense|LC,4186267109,4,186267109,
SNRNP35,ENSG00000184209,0.400641365342956,0.261105883109189,0.34543117424747,-0.00060305161439976,missense|LC,12123457982,12,123457982,
TRAM2,ENSG00000065308,0.400649291866095,0.42561998832549,0.251833037249063,-0.000513123534113426,missense|LC,6052492400,6,52492400,
PLCXD3,ENSG00000182836,0.400662211755458,0.661592592844719,0.245704274328457,-0.000477988041003631,missense|LC,5041313516,5,41313516,
SRCAP,ENSG00000080603,0.400803955212246,0.239990711814588,0.489931004980905,-0.000243638277837883,missense|LC,16030697611,16,30697611,
DEFB133,ENSG00000214643,0.400938936092341,0.482714738994968,0.294578637397487,0.000712023586999122,missense|LC,6049945981,6,49945981,
TTC8,ENSG00000165533,0.400948350938373,0.25571245665559,0.440206299045473,0.00050536224774562,missense|LC,14088824642,14,88824642,
C1QBP,ENSG00000108561,0.401142666730321,0.248771395538117,0.384142531863464,-0.00114428228899699,missense|LC,17005427999,17,5427999,
LEKR1,ENSG00000197980,0.401153977003652,0.387958999748262,0.260142828209958,-0.00123057189461707,missense|LC,3156829293,3,156829293,
WDR72,ENSG00000166415,0.401174701512683,0.876565470776874,0.231024279774635,0.0000871854458875348,missense|LC,15053517629,15,53517629,
ATXN10,ENSG00000130638,0.401240377048269,0.234487044514759,0.405229107882769,0.000904509028570376,missense|LC,22045671961,22,45671961,
ODR4,ENSG00000157181,0.401322745445524,0.478574797590089,0.265144079865694,-0.000292509407436573,missense|LC,1186370916,1,186370916,
NFIA,ENSG00000162599,0.401472971648235,0.241447052082836,0.638481896369192,-0.00124919863402346,missense|LC,1061077538,1,61077538,
MAP3K10,ENSG00000130758,0.401509903108964,0.534170941941296,0.241855874986152,0.000233049831141622,missense|LC,19040191981,19,40191981,
HOXA10,ENSG00000253293,0.401533851716378,0.248236187132837,0.50480243139548,0.000491608845614029,missense|LC,7027171825,7,27171825,
ZNF774,ENSG00000196391,0.401549992096115,0.266201628068558,0.248123110423467,-0.000427329427763015,missense|LC,15090348944,15,90348944,
FGF11,ENSG00000161958,0.401551440909898,0.256756223496193,0.256357909418218,0.00103232944660381,missense|LC,17007435793,17,7435793,
OPTC,ENSG00000188770,0.401583245753372,0.721914256525019,0.260266689464208,0.000130755482697835,missense|LC,1203495964,1,203495964,
ATF4,ENSG00000128272,0.401605470585868,0.249154335751646,0.744490276579332,-0.000423701988297135,missense|LC,22039521383,22,39521383,
C6orf58,ENSG00000184530,0.401736571201976,0.635675871113486,0.240811393832493,-0.000405618021832312,missense|LC,6127577126,6,127577126,
ZNF225,ENSG00000256294,0.401751981629117,0.241985849720319,0.882553116521148,-0.000435949808921689,missense|LC,19044115740,19,44115740,
COIL,ENSG00000121058,0.40181070251266,0.584944768710565,0.237386146247489,0.000350888747458744,missense|LC,17056939059,17,56939059,
ARHGAP17,ENSG00000140750,0.401898787338155,0.613330812377481,0.238689946093419,0.000218206782876648,missense|LC,16024919997,16,24919997,
NOX4,ENSG00000086991,0.401946961264137,0.584848832137748,0.251927673914743,-0.000205732845579364,missense|LC,11089326687,11,89326687,
FBXO45,ENSG00000174013,0.402039805930955,0.257251237430853,0.324669518064745,0.00106357905563216,missense|LC,3196568873,3,196568873,
KANK2,ENSG00000197256,0.402106891164393,0.932967704254378,0.240606090063324,0.0000236088810541062,missense|LC,19011166560,19,11166560,
SULT6B1,ENSG00000138068,0.402136568562172,0.563129565830896,0.273428606161927,0.000331886762013488,missense|LC,2037167935,2,37167935,
GZMB,ENSG00000100453,0.402152317399685,0.260630236105279,0.821726413616422,-0.000739086371691618,missense|LC,14024631023,14,24631023,
THSD1,ENSG00000136114,0.402197847984947,0.251398207639307,0.310061067755389,0.000422399560511741,missense|LC,13052377093,13,52377093,
TRIM24,ENSG00000122779,0.40221684420119,0.519850691720591,0.268980487820074,0.000246122358388937,missense|LC,7138460427,7,138460427,
PCSK5,ENSG00000099139,0.402241134349538,0.30844181745106,0.294286546650781,-0.00125220795517012,missense|LC,9075891092,9,75891092,
PSORS1C1,ENSG00000204540,0.402247794449053,0.719841990755745,0.272823529044783,0.000255176358248774,missense|LC,6031111304,6,31111304,
HSPG2,ENSG00000142798,0.402261102261013,0.605541694985425,0.233282272473576,0.0000648357167961709,missense|LC,1021821343,1,21821343,
EXOC1,ENSG00000090989,0.402262033166862,0.267495287030846,0.401402434072662,0.000515096381045841,missense|LC,4055858217,4,55858217,
PRSS37,ENSG00000165076,0.402337372118223,0.740571308122658,0.270007202117822,0.000261728615524606,missense|LC,7141836298,7,141836298,
OPTN,ENSG00000123240,0.402418837688968,0.442765434544462,0.232829396474698,0.000703134469189611,missense|LC,10013109048,10,13109048,
GOLGA4,ENSG00000144674,0.402446507911478,0.336341990666587,0.240182257874889,0.000219038839090311,missense|LC,3037243496,3,37243496,
MFSD5,ENSG00000182544,0.402567277438486,0.888919732795606,0.234287173330333,-0.000101576549801486,missense|LC,12053251641,12,53251641,
TDRP,ENSG00000180190,0.402668304585893,0.25302502858991,0.273735478948842,-0.000755729998985384,missense|LC,8000491525,8,491525,
HADHB,ENSG00000138029,0.402793314532252,0.237763558532992,0.708169326494999,0.00105111131819672,missense|LC,2026244452,2,26244452,
GRPEL1,ENSG00000109519,0.402810579875686,0.581943503472822,0.237478806582169,0.000639291644294317,missense|LC,4007053954,4,7053954,
ZNF154,ENSG00000179909,0.402944917029078,0.577023337469156,0.241286566207695,0.000366247533497997,missense|LC,19057701543,19,57701543,
MGMT,ENSG00000170430,0.402956443775762,0.292421139473664,0.23714119056375,-0.000902306350083073,missense|LC,10129467152,10,129467152,
TMEM160,ENSG00000130748,0.402969676608599,0.300078185007564,0.237329635727206,0.00146198504949271,missense|LC,19047040909,19,47040909,
KLHDC4,ENSG00000104731,0.402986607048709,0.239199426478243,0.507716415245983,0.00037786268365388,missense|LC,16087708320,16,87708320,
INHBB,ENSG00000163083,0.402987034648406,0.587607226687421,0.237571588241156,0.000406963654726664,missense|LC,2120346075,2,120346075,
EPHA8,ENSG00000070886,0.402987764960458,0.461298942841668,0.239960631985485,0.000203554830639056,missense|LC,1022569214,1,22569214,
OR4C16,ENSG00000279514,0.403040046918982,0.910837876895819,0.246291687775564,0.0000408273414821004,missense|LC,11055572106,11,55572106,
KLHL13,ENSG00000003096,0.403045573746606,0.238006347950289,0.612146796944969,-0.000985682378426512,missense|LC,23117898841,X,117898841,
MBOAT4,ENSG00000177669,0.403064280468992,0.559742972522154,0.2482628127119,-0.000360518247027083,missense|LC,8030131834,8,30131834,
DGKA,ENSG00000065357,0.40316757601151,0.329926411899972,0.261659018199782,0.0003671084035357,missense|LC,12055927029,12,55927029,
SMG8,ENSG00000167447,0.403180984817533,0.918609373541242,0.244646724019716,-0.0000384921126442546,missense|LC,17059209982,17,59209982,
GSTZ1,ENSG00000100577,0.403217827339616,0.477731561182367,0.267154573751611,-0.000585463295894316,missense|LC,14077320282,14,77320282,
DPPA2,ENSG00000163530,0.403371361261755,0.267376495747653,0.436515820637883,0.000486150158528802,missense|LC,3109300321,3,109300321,
MAPK8IP1,ENSG00000121653,0.403613837659151,0.372245077159516,0.234442629535791,-0.000516722780912482,missense|LC,11045885775,11,45885775,
ZNF528,ENSG00000167555,0.403652807970576,0.925246151706056,0.249767402260292,0.0000229309732906125,missense|LC,19052398499,19,52398499,
MCM3AP,ENSG00000160294,0.403693608499268,0.776383448600521,0.242347110415298,0.0000717295498960328,missense|LC,21046235193,21,46235193,
AGAP1,ENSG00000157985,0.403878860820293,0.672966587255227,0.238569824778,-0.000250694105503013,missense|LC,2235494613,2,235494613,
ZBTB14,ENSG00000198081,0.403931110734685,0.613080424691574,0.238450946528722,0.000618513255356936,missense|LC,18005290723,18,5290723,
RNF224,ENSG00000233198,0.403936796566624,0.798171420181387,0.264605935012932,0.000144087242028896,missense|LC,9137225087,9,137225087,
SEMA3F,ENSG00000001617,0.404135636828414,0.731288455939525,0.241885748427473,-0.000172581000751712,missense|LC,3050159598,3,50159598,
CRB3,ENSG00000130545,0.404181483884758,0.705623342059607,0.240533559780546,-0.000588799056056472,missense|LC,19006459395,19,6459395,
SLC25A5,ENSG00000005022,0.404225745822363,0.23929251944042,0.617921821539263,0.00203594659482354,missense|LC,23119468473,X,119468473,
TREML2,ENSG00000112195,0.404283016321585,0.834643942432149,0.262990775197741,-0.0000908975051957337,missense|LC,6041192373,6,41192373,
COQ3,ENSG00000132423,0.404284851632192,0.7558062623723,0.266364706682118,0.000156829685463611,missense|LC,6099369574,6,99369574,
GPRASP1,ENSG00000198932,0.404367250442629,0.78199572286078,0.239227648222719,0.0000972289806368813,missense|LC,23102653886,X,102653886,
RSBN1L,ENSG00000187257,0.404403135894367,0.232188255567008,0.514358171637104,0.000871129343683486,missense|LC,7077696376,7,77696376,
PTAR1,ENSG00000188647,0.40448533563575,0.417462465227961,0.248308629520253,-0.000402767932712412,missense|LC,9069718301,9,69718301,
BLOC1S4,ENSG00000186222,0.404491521200641,0.268563122240392,0.289544538187112,-0.000582483089117141,missense|LC,4006716072,4,6716072,
E4F1,ENSG00000167967,0.404545863784545,0.249882069851199,0.734704564507799,-0.000354581055625214,missense|LC,16002223482,16,2223482,
PELP1,ENSG00000141456,0.40457806578221,0.924794346490901,0.247286985866647,0.0000191529475289037,missense|LC,17004671451,17,4671451,
OR9Q2,ENSG00000186513,0.404594061508361,0.446076349398041,0.272325643531709,0.000354221370854494,missense|LC,11058190460,11,58190460,
WSCD1,ENSG00000179314,0.404611522373629,0.241469610195681,0.530220585632686,0.000450086558703735,missense|LC,17006080568,17,6080568,
RPL39,ENSG00000198918,0.404711833324864,0.287887368852498,0.413517956688266,-0.011460715273013,missense|LC,23119786673,X,119786673,
PHEX,ENSG00000102174,0.404745677489569,0.239886266356038,0.437213704062285,0.000882733998154304,missense|LC,23022032994,X,22032994,
LGALS12,ENSG00000133317,0.404798729570768,0.551195242711734,0.238370220792756,-0.000648417151482719,missense|LC,11063506286,11,63506286,
XIRP2,ENSG00000163092,0.404821304369684,0.354550660411656,0.244340101487838,0.00120768495656108,missense|LC,2166903373,2,166903373,
IGSF11,ENSG00000144847,0.404831526408703,0.949769278279747,0.253907355875009,-0.0000368489913676167,missense|LC,3118902492,3,118902492,
POLR3B,ENSG00000013503,0.404877830184804,0.869827021879631,0.247026814940009,0.0000732184313882622,missense|LC,12106357803,12,106357803,
SYT2,ENSG00000143858,0.404899430826867,0.238514589525013,0.325261808687785,0.000915989986741592,missense|LC,1202596682,1,202596682,
NME7,ENSG00000143156,0.404943526987705,0.302405094332666,0.244069800667066,-0.000695453660100095,missense|LC,1169129936,1,169129936,
ALKBH2,ENSG00000189046,0.404957546320178,0.591463237995849,0.240411707352433,-0.000630039007614914,missense|LC,12109084841,12,109084841,
HKDC1,ENSG00000156510,0.404971680036297,0.380982849083876,0.253194929326279,0.000243070823005806,missense|LC,10069220381,10,69220381,
RHBDL3,ENSG00000141314,0.405142189174129,0.411592298113305,0.237060982158276,-0.000773439158562351,missense|LC,17032266170,17,32266170,
TWIST1,ENSG00000122691,0.4051472389222,0.252895480283274,0.510160822937992,0.000517411143355925,missense|LC,7019116611,7,19116611,
MOCS1,ENSG00000124615,0.405282900223276,0.864080572870955,0.248614536424052,0.0000569751995889239,missense|LC,6039899971,6,39899971,
MFSD6,ENSG00000151690,0.405375881108259,0.459307516882762,0.268994909820746,0.000247050653480673,missense|LC,2190411035,2,190411035,
DPCD,ENSG00000166171,0.40542883912306,0.302245280576932,0.240693142400982,0.00146996812014234,missense|LC,10101583419,10,101583419,
NAV2,ENSG00000166833,0.405465365104546,0.24490866670996,0.903156812520263,-0.000332421668890169,missense|LC,11019713603,11,19713603,
ZNF841,ENSG00000197608,0.405470590360313,0.656080018573526,0.240836729454107,0.000192314878102895,missense|LC,19052065024,19,52065024,
TMPRSS9,ENSG00000178297,0.405522021499026,0.241919061809226,0.598433482706638,0.000277814881786879,missense|LC,19002389665,19,2389665,
ADAM21,ENSG00000139985,0.405548520901369,0.951738771920075,0.242391549911747,0.0000233604926664504,missense|LC,14070457369,14,70457369,
TMEM31,ENSG00000179363,0.405595907738147,0.597815222121124,0.246424022001783,0.000698110237870637,missense|LC,23103707292,X,103707292,
MTIF3,ENSG00000122033,0.40562488337471,0.421481859570356,0.250365725023453,-0.0006700383820495,missense|LC,13027432677,13,27432677,
LRRC7,ENSG00000033122,0.405715272376162,0.58240474662454,0.320619536304478,-0.000411127431557788,missense|LC,1069568539,1,69568539,
TAFA1,ENSG00000183662,0.405719702011107,0.245644676170449,0.572386348718286,-0.00181389992706534,missense|LC,3068006587,3,68006587,
KRTAP5-4,ENSG00000241598,0.405814508401614,0.966220959916308,0.257626598430056,0.0000179403864863056,missense|LC,11001621239,11,1621239,
SCMH1,ENSG00000010803,0.405838595803001,0.871869677719548,0.26437241769591,-0.000060138963526092,missense|LC,1041028094,1,41028094,
BMP4,ENSG00000125378,0.405870243564558,0.728032327758842,0.244338309919138,-0.000280482645574596,missense|LC,14053949944,14,53949944,
FBXO48,ENSG00000204923,0.405907672990705,0.294253355487924,0.242388617407116,0.00216175827434317,missense|LC,2068464145,2,68464145,
SLC25A40,ENSG00000075303,0.405954692687679,0.700758176849151,0.281648847188412,0.000186772895431513,missense|LC,7087829844,7,87829844,
PGA5,ENSG00000256713,0.405956826243493,0.255184722483023,0.286371488547746,0.000982216530111873,missense|LC,11061248239,11,61248239,
FKBP8,ENSG00000105701,0.406004420573804,0.256366281857166,0.573283839682966,-0.000770383658864992,missense|LC,19018532105,19,18532105,
ENHO,ENSG00000168913,0.406029927716928,0.253898958394039,0.475443362420561,0.00300931418248272,missense|LC,9034517192,9,34517192,
RNFT2,ENSG00000135119,0.406070313897666,0.251453107881005,0.276853712575447,0.000825623520358898,missense|LC,12116737673,12,116737673,
SPSB1,ENSG00000171621,0.406189960541009,0.981272133253603,0.238835581809471,-0.0000256944317363522,missense|LC,1009292757,1,9292757,
TNNC2,ENSG00000101470,0.406262503554896,0.25820507227395,0.253633903370433,-0.00244790149944655,missense|LC,20045823261,20,45823261,
HLA-DRA,ENSG00000204287,0.406276805404598,0.276894822279432,0.495419702893284,-0.000757043327812048,missense|LC,6032439908,6,32439908,
ZNF326,ENSG00000162664,0.406377809275192,0.276671912691508,0.440710745925208,0.00338192261870009,missense|LC,1089994234,1,89994234,
HTR1D,ENSG00000179546,0.406442978935383,0.678288076770608,0.23919730869252,-0.000295668590631001,missense|LC,1023193049,1,23193049,
ADHFE1,ENSG00000147576,0.406444227858155,0.791653466479027,0.241196936350963,-0.000170452498147662,missense|LC,8066428998,8,66428998,
DNAJB6,ENSG00000105993,0.406484259375314,0.730567168283795,0.239318216348686,0.000280217402186832,missense|LC,7157358518,7,157358518,
PAFAH1B1,ENSG00000007168,0.406546596523469,0.500378620048076,0.247975123778988,0.000967687253815328,missense|LC,17002638231,17,2638231,
TIFAB,ENSG00000255833,0.406547394410784,0.247201001477596,0.432134004408837,0.000919151467302376,missense|LC,5135446262,5,135446262,
CORO2A,ENSG00000106789,0.406598787705232,0.245822690473964,0.700178977565967,0.000556766784904657,missense|LC,9098118871,9,98118871,
BTBD2,ENSG00000133243,0.406654129576775,0.302069796434791,0.277662674704377,0.000490450964324483,missense|LC,19001986384,19,1986384,
RSPO4,ENSG00000101282,0.406679322440666,0.263799753868773,0.729413105345004,-0.000449955630347129,missense|LC,20000960320,20,960320,
RAB11FIP4,ENSG00000131242,0.406688624783286,0.389679290676491,0.240172704870411,-0.000517797414715696,missense|LC,17031391740,17,31391740,
MRGPRD,ENSG00000172938,0.406759847121774,0.274924267497156,0.417908092147591,-0.000466278254939331,missense|LC,11068979904,11,68979904,
ILF2,ENSG00000143621,0.406902436051068,0.667792057032019,0.242909082950429,-0.00067105290785511,missense|LC,1153658612,1,153658612,
LRRK2,ENSG00000188906,0.406982854313344,0.45768052333399,0.24014935344241,-0.000211044051516663,missense|LC,12040225020,12,40225020,
CTCF,ENSG00000102974,0.406991113138815,0.711529006056463,0.288541444575385,-0.000197286560450898,missense|LC,16067610765,16,67610765,
SEPTIN7,ENSG00000122545,0.40706085239294,0.279583588797922,0.252395573181941,0.00104287453740192,missense|LC,7035801136,7,35801136,
IL17F,ENSG00000112116,0.407067630612952,0.495304507699021,0.252440893908643,0.00066692878794962,missense|LC,6052236891,6,52236891,
PNPLA7,ENSG00000130653,0.407085404014863,0.241456216000789,0.699664290662167,0.000302073264382282,missense|LC,9137455159,9,137455159,
TGFA,ENSG00000163235,0.407100082509161,0.440025267318956,0.241110938264928,0.00102628794756039,missense|LC,2070450772,2,70450772,
SUZ12,ENSG00000178691,0.407136327976156,0.256469578659494,0.749346757629151,-0.000520336491499277,missense|LC,17031937160,17,31937160,
AC008750.7,ENSG00000269403,0.407192008559244,0.293867993473091,0.366232189195698,0.000618102279405358,missense|LC,19051345376,19,51345376,
OR2V1,ENSG00000185372,0.407195718835728,0.335897394538792,0.239820017714309,-0.000949332958259384,missense|LC,5181124270,5,181124270,
PPP1R12B,ENSG00000077157,0.40735997781636,0.442147140806414,0.26062461018923,-0.000315778623577177,missense|LC,1202348732,1,202348732,
MOB3B,ENSG00000120162,0.407412992285296,0.928768502800482,0.239950873410756,0.000118873491038183,missense|LC,9027330470,9,27330470,
NUB1,ENSG00000013374,0.40742457285919,0.24199860515997,0.610333421053643,0.000797307457309575,missense|LC,7151341676,7,151341676,
DMTN,ENSG00000158856,0.407428347969532,0.982306840006852,0.242801161419848,0.0000104997579980002,missense|LC,8022066756,8,22066756,
ATG5,ENSG00000057663,0.407452893964304,0.243892181753757,0.494673816619569,0.00206745482218451,missense|LC,6106186444,6,106186444,
CSNK1A1,ENSG00000113712,0.407477337816036,0.405504881059413,0.240809589864069,0.00491188210709892,missense|LC,5149496726,5,149496726,
CHST9,ENSG00000154080,0.407536863640208,0.253033481519577,0.499102848897831,0.000735589062940693,missense|LC,18026916217,18,26916217,
BIVM-ERCC5,ENSG00000270181,0.407628849571932,0.24631900172696,0.324605688383231,0.000335432685844597,missense|LC,13102796791,13,102796791,
LRFN2,ENSG00000156564,0.407697575646873,0.815770237844191,0.239997835833813,-0.000114194476675457,missense|LC,6040391845,6,40391845,
IGSF9,ENSG00000085552,0.407700217217493,0.854160375666716,0.249108843354874,-0.0000546890038369201,missense|LC,1159923332,1,159923332,
GPR39,ENSG00000183840,0.407737222350473,0.464818668300671,0.246193735989057,0.000352684176986044,missense|LC,2132416939,2,132416939,
ERICH1,ENSG00000104714,0.407771060454791,0.288217066303642,0.246066089244822,-0.00052213444240864,missense|LC,8000664160,8,664160,
TIMM22,ENSG00000177370,0.407776950535658,0.302017558559389,0.280106792908336,0.000478973124050688,missense|LC,17000997063,17,997063,
GMCL2,ENSG00000244234,0.407866223451764,0.949742604883397,0.241858128014504,-0.000144174457746284,missense|LC,5178186346,5,178186346,
ABI1,ENSG00000136754,0.407934861160266,0.263164695196704,0.885494606299036,0.000567228207916655,missense|LC,10026742463,10,26742463,
PAK1,ENSG00000149269,0.408034838728462,0.290303470983205,0.345122908931692,0.000744732641994753,missense|LC,11077323116,11,77323116,
MED29,ENSG00000063322,0.408157169387377,0.626335960259338,0.248856668566057,-0.000555956859905873,missense|LC,19039386324,19,39386324,
OXCT1,ENSG00000083720,0.408162529123412,0.301980406021928,0.36167057931715,-0.000521931715521393,missense|LC,5041731299,5,41731299,
ZNF138,ENSG00000197008,0.408188855907208,0.246073421916558,0.890310363596937,0.000788410254911418,missense|LC,7064794451,7,64794451,
RARB,ENSG00000077092,0.40827978541085,0.948954857180286,0.253669758342871,0.0000570819766213607,missense|LC,3025428165,3,25428165,
SCAF4,ENSG00000156304,0.408313723894864,0.252260460399295,0.31601195646206,-0.000360309108844472,missense|LC,21031666416,21,31666416,
LMBR1L,ENSG00000139636,0.408340246917664,0.427048467595207,0.264286716231589,0.000376453756904344,missense|LC,12049094121,12,49094121,
GNG4,ENSG00000168243,0.40837720471415,0.264708952572168,0.261622789794487,0.00157167396320613,missense|LC,1235552042,1,235552042,
AP1AR,ENSG00000138660,0.408435806432525,0.529929463691998,0.284775870964832,-0.000313961320125644,missense|LC,4112231987,4,112231987,
MMRN1,ENSG00000138722,0.408452630139445,0.303751876118657,0.24797748221488,-0.000239338132901503,missense|LC,4089894807,4,89894807,
AARS2,ENSG00000124608,0.408501448647167,0.27485164571869,0.247799741670214,0.000380504260862781,missense|LC,6044300433,6,44300433,
SCN8A,ENSG00000196876,0.408515083589269,0.235653441740515,0.812474258768363,-0.000765326911604609,missense|LC,12051662736,12,51662736,
CD6,ENSG00000013725,0.408565369139988,0.329979478318249,0.363205519105223,0.00172993181273917,missense|LC,11060971787,11,60971787,
AC099811.2,ENSG00000267261,0.408571867223403,0.274965795572755,0.764544990417972,0.00100022635236677,missense|LC,17042114808,17,42114808,
AC008687.4,ENSG00000268655,0.40859381208615,0.247382098747814,0.750005512751648,-0.000988323816688857,missense|LC,19049014378,19,49014378,
RPA4,ENSG00000204086,0.408638612841548,0.711818583318072,0.244646704386525,-0.000266148103997273,missense|LC,23096881528,X,96881528,
GULP1,ENSG00000144366,0.408688144723298,0.247014778410846,0.935429427992184,0.00143552047038819,missense|LC,2188477667,2,188477667,
SNRPC,ENSG00000124562,0.40871295777614,0.245063006540588,0.419535357413407,0.0026845868396783,missense|LC,6034757471,6,34757471,
ABCC11,ENSG00000121270,0.408727619999795,0.31447290517125,0.249341212219289,-0.000250370293343231,missense|LC,16048167379,16,48167379,
ERICH6B,ENSG00000165837,0.408781801601545,0.253964302382041,0.846266709276726,0.000384339770551828,missense|LC,13045541390,13,45541390,
ZC3H15,ENSG00000065548,0.408880200005168,0.418081220894016,0.275951760370305,0.000422850549192195,missense|LC,2186486266,2,186486266,
ANGPTL1,ENSG00000116194,0.409032527707489,0.681270106564689,0.249287716542494,0.000249116328080184,missense|LC,1178851046,1,178851046,
LCMT1,ENSG00000205629,0.409045769831166,0.312494317430558,0.245709013272756,-0.000839989928489179,missense|LC,16025111845,16,25111845,
BAMBI,ENSG00000095739,0.409119654880651,0.792767851985241,0.274871252967248,0.000122777260735277,missense|LC,10028677816,10,28677816,
CIDEB,ENSG00000136305,0.409169633976971,0.243915519125848,0.564020345386206,-0.00107926849797844,missense|LC,14024300187,14,24300187,
PDE6C,ENSG00000095464,0.409172046216461,0.856845275221578,0.250963798362316,-0.0000677747402586553,missense|LC,10093612616,10,93612616,
DCTN2,ENSG00000175203,0.409190328528903,0.327194137387584,0.243234139613993,-0.000801790436856435,missense|LC,12057525308,12,57525308,
CLMN,ENSG00000165959,0.409201490332181,0.89036743967024,0.250046180498469,0.0000425896929347203,missense|LC,14095191487,14,95191487,
S100A2,ENSG00000196754,0.409214265990583,0.6162208957318,0.243785801505224,0.00137271254089309,missense|LC,1153561336,1,153561336,
POTEF,ENSG00000196604,0.409362935387349,0.258292955779001,0.243547025646239,0.000360854871631875,missense|LC,2130074137,2,130074137,
ZNF836,ENSG00000196267,0.409430825335277,0.264485964770296,0.567580995441408,-0.000379108928982935,missense|LC,19052154851,19,52154851,
LCN8,ENSG00000204001,0.409464844756336,0.908190614063285,0.249964386971061,-0.0000965422705082669,missense|LC,9136754333,9,136754333,
SOSTDC1,ENSG00000171243,0.409617699967851,0.264495342334546,0.258551999913773,-0.00122272212465489,missense|LC,7016462479,7,16462479,
ANKZF1,ENSG00000163516,0.409894772740168,0.628655616883093,0.264747887433483,-0.0000960597378889818,missense|LC,2219224806,2,219224806,
FAM53B,ENSG00000189319,0.409997426887112,0.666496872582196,0.266562424714704,-0.00021267448040324,missense|LC,10124623121,10,124623121,
LCE2D,ENSG00000187223,0.410055244370252,0.331449612009169,0.272928218552355,-0.000810844113240224,missense|LC,1152663986,1,152663986,
YIPF6,ENSG00000181704,0.410091630943547,0.244511999123124,0.480754253433701,0.00189176139825834,missense|LC,23068498986,X,68498986,
UBXN7,ENSG00000163960,0.410100761582589,0.362690771437689,0.273102144704102,0.000638242202140759,missense|LC,3196356585,3,196356585,
METTL6,ENSG00000206562,0.410111584160533,0.740201132937273,0.257233279280728,0.000341348276130353,missense|LC,3015411154,3,15411154,
EAF1,ENSG00000144597,0.410203792905149,0.267276226750553,0.351523316745939,-0.000408483481124725,missense|LC,3015424847,3,15424847,
SLC1A7,ENSG00000162383,0.410213788357855,0.258174814822183,0.870813588604227,0.000364557167160217,missense|LC,1053087966,1,53087966,
AOC2,ENSG00000131480,0.410225109692351,0.740606913201319,0.24601922565057,0.000121027264204873,missense|LC,17042841466,17,42841466,
RHCG,ENSG00000140519,0.410316541377343,0.508382010749694,0.256599109932154,-0.000325500850250051,missense|LC,15089472631,15,89472631,
BPGM,ENSG00000172331,0.410318020549507,0.258855061474899,0.288932052094596,-0.00107678407799996,missense|LC,7134661386,7,134661386,
MPPED1,ENSG00000186732,0.410323783636213,0.245662553037313,0.363189542769112,0.00133569548269136,missense|LC,22043411257,22,43411257,
PLCH1,ENSG00000114805,0.410405518056745,0.259623862115077,0.724163404390213,-0.000380227223462213,missense|LC,3155480907,3,155480907,
LMF2,ENSG00000100258,0.410542077311011,0.405199690659389,0.24625541190556,0.000263756000199132,missense|LC,22050503300,22,50503300,
CD200,ENSG00000091972,0.410549709030036,0.601975000663902,0.281654803298149,0.000324955894363415,missense|LC,3112333086,3,112333086,
ATAD2B,ENSG00000119778,0.410582483372182,0.981459731441611,0.261648730496744,0.00000473946685002661,missense|LC,2023751996,2,23751996,
TMED3,ENSG00000166557,0.410584730890207,0.284297986397579,0.672698150991241,-0.000504224431209345,missense|LC,15079311142,15,79311142,
SPINK14,ENSG00000196800,0.410668846298817,0.258837828252726,0.489447629614816,0.00291470271052274,missense|LC,5148169735,5,148169735,
IFT81,ENSG00000122970,0.410695904295004,0.257363599478321,0.670371919989174,0.000592563608581872,missense|LC,12110127277,12,110127277,
STAG3,ENSG00000066923,0.410699439229203,0.449976818303165,0.247923461419551,-0.000272748487595462,missense|LC,7100173788,7,100173788,
RPS2,ENSG00000140988,0.41081207763826,0.237437704960291,0.717792532457203,0.00215306518342542,missense|LC,16001959482,16,1959482,
TERF2,ENSG00000132604,0.410882408579149,0.929662195884666,0.267225490438884,0.0000529901165041248,missense|LC,16069351470,16,69351470,
ALG9,ENSG00000086848,0.410944151066338,0.309831199588604,0.263402824930519,-0.00055215849921934,missense|LC,11111786275,11,111786275,
ANKRD20A1,ENSG00000260691,0.410970135719859,0.27976789868765,0.625298668909819,0.000957809641323623,missense|LC,9067867274,9,67867274,
GXYLT1,ENSG00000151233,0.411006868569749,0.780692822928846,0.2476923237664,0.000136910036446121,missense|LC,12042087743,12,42087743,
OR51E2,ENSG00000167332,0.41102386381411,0.476348694395718,0.244074916263899,-0.000556331714312802,missense|LC,11004681652,11,4681652,
RAB33A,ENSG00000134594,0.411134281063726,0.259275174134062,0.40993794141572,-0.00157741373335334,missense|LC,23130171975,X,130171975,
EFCAB1,ENSG00000034239,0.411139432337041,0.408854949794454,0.303711491915695,-0.000457642174668095,missense|LC,8048724680,8,48724680,
AC013717.1,ENSG00000285542,0.41117652278468,0.242491837483111,0.383314239334534,0.00120043469813792,missense|LC,2044166685,2,44166685,
LXN,ENSG00000079257,0.411196199304372,0.268733961132172,0.694535968005362,-0.000359975284592245,missense|LC,3158662604,3,158662604,
SUMO3,ENSG00000184900,0.411218643108567,0.707487362137971,0.307327765781688,0.000208351531975501,missense|LC,21044801248,21,44801248,
LANCL1,ENSG00000115365,0.411239380367668,0.265563011906288,0.270524638319058,0.00056641649459705,missense|LC,2210434445,2,210434445,
SMS,ENSG00000102172,0.411253148192966,0.715250246498474,0.246221418894939,0.000555445230816376,missense|LC,23021940783,X,21940783,
DLG4,ENSG00000132535,0.411260671048182,0.719269509321193,0.262030239752041,-0.000193663501411847,missense|LC,17007190655,17,7190655,
DBNDD1,ENSG00000003249,0.411309939141884,0.249501664990194,0.688123704503104,-0.00096065819798573,missense|LC,16090006220,16,90006220,
IGFL2,ENSG00000204866,0.41137584111271,0.677554671290787,0.272451720541957,0.000371456180411938,missense|LC,19046148207,19,46148207,
PROCA1,ENSG00000167525,0.411623206711902,0.349098211862194,0.244923769812351,0.000723751625827408,missense|LC,17028699732,17,28699732,
ADAMTS12,ENSG00000151388,0.411651037800822,0.416102540202266,0.251346254865617,-0.000261600471558117,missense|LC,5033527077,5,33527077,
CSN2,ENSG00000135222,0.411713887906432,0.490185002226065,0.24647171139895,-0.00068601328225271,missense|LC,4069956244,4,69956244,
ZNF648,ENSG00000179930,0.41175655547543,0.245100778997642,0.452858531307374,-0.00053451489350881,missense|LC,1182056183,1,182056183,
MFGE8,ENSG00000140545,0.411866582555277,0.352977783730302,0.252019461995749,0.000409167967609679,missense|LC,15088899281,15,88899281,
CENPC,ENSG00000145241,0.411901364015524,0.238236447856574,0.67205981232898,-0.000670964393617022,missense|LC,4067472463,4,67472463,
FAM9B,ENSG00000177138,0.411909129619682,0.574755488524827,0.249877984848099,-0.00055375001745282,missense|LC,23009025512,X,9025512,
IL13RA1,ENSG00000131724,0.411989879361847,0.46515426632202,0.257142937409566,0.0008357454793465,missense|LC,23118727609,X,118727609,
CAMKK1,ENSG00000004660,0.412015932543024,0.716554380802708,0.267769215232808,-0.000185510290041173,missense|LC,17003862147,17,3862147,
TMEM143,ENSG00000161558,0.412150378373767,0.98308041764412,0.259874389198612,0.00000211276362017599,missense|LC,19048327474,19,48327474,
PCDH1,ENSG00000156453,0.412208437926998,0.251946722059202,0.730745186910725,0.000499759663216029,missense|LC,5141853963,5,141853963,
VSNL1,ENSG00000163032,0.412226321540603,0.840119408488956,0.247951645943789,0.000796272854316104,missense|LC,2017591974,2,17591974,
TMEM177,ENSG00000144120,0.412236761070407,0.471199611520392,0.261743993662179,-0.000404811722657281,missense|LC,2119680773,2,119680773,
SLC2A5,ENSG00000142583,0.412395393882975,0.636942252269457,0.256436844149023,-0.000222857962082153,missense|LC,1009037534,1,9037534,
ATG14,ENSG00000126775,0.412395604158026,0.929002888692453,0.244412888196815,-0.0000589758173455226,missense|LC,14055369535,14,55369535,
RHBDF2,ENSG00000129667,0.412417972748383,0.250104769213382,0.951813692577465,-0.000396590061476996,missense|LC,17076466106,17,76466106,
FOXO3B,ENSG00000240445,0.412552820361069,0.747014129293351,0.267976960972974,0.000131029938932187,missense|LC,17018661773,17,18661773,
OR4D2,ENSG00000255713,0.412610537328622,0.907626643388527,0.241519858406652,-0.0000869870087672351,missense|LC,17058169605,17,58169605,
DNALI1,ENSG00000163879,0.412687573653728,0.477714353082673,0.294492765822905,-0.000343259558756827,missense|LC,1037552597,1,37552597,
KLRG1,ENSG00000139187,0.412822324971019,0.27819602624893,0.561439188047907,-0.00142165630292414,missense|LC,12008989629,12,8989629,
ANXA7,ENSG00000138279,0.412823576343881,0.868515597047682,0.255066627428601,-0.0000810018439146779,missense|LC,10073376025,10,73376025,
LYPD5,ENSG00000159871,0.412828671080865,0.251418307063305,0.798656468836262,0.00119046932179987,missense|LC,19043797543,19,43797543,
FABP2,ENSG00000145384,0.412845262227107,0.858400248350672,0.24809948025634,0.000320896056415819,missense|LC,4119318995,4,119318995,
AC113554.1,ENSG00000264813,0.412915914139013,0.497230545491083,0.257333704508093,0.000208527207422115,missense|LC,17063479825,17,63479825,
TGM5,ENSG00000104055,0.413065759508338,0.262165008067421,0.788221967197422,-0.000322542634368112,missense|LC,15043233089,15,43233089,
TRIM62,ENSG00000116525,0.413124960900468,0.901706779473227,0.248157188227376,0.0000725149878304056,missense|LC,1033147086,1,33147086,
FAM25G,ENSG00000189090,0.413133295506045,0.256627414090397,0.44361982475209,0.00442021731806801,missense|LC,10047483768,10,47483768,
ZMYND8,ENSG00000101040,0.413141787519769,0.405719962308908,0.240420855309057,0.000446619355489752,missense|LC,20047210623,20,47210623,
TTPA,ENSG00000137561,0.413240477666726,0.317497425819706,0.256514576149848,-0.000702168769631306,missense|LC,8063061174,8,63061174,
RAD21,ENSG00000164754,0.41337645098681,0.865783561140862,0.258534933987093,-0.000101755024820877,missense|LC,8116847434,8,116847434,
PLSCR5,ENSG00000231213,0.413378592844324,0.26405317182099,0.444984577235019,-0.000896305935264732,missense|LC,3146585974,3,146585974,
CLDN3,ENSG00000165215,0.413390804912124,0.345430775293264,0.273848114128244,-0.000816124317337493,missense|LC,7073769174,7,73769174,
HELB,ENSG00000127311,0.413434171317623,0.58917431628953,0.252595966218931,-0.000176214514012475,missense|LC,12066302525,12,66302525,
ATP13A5,ENSG00000187527,0.41348078918972,0.26108178461384,0.280450271740274,0.000366305338838256,missense|LC,3193270522,3,193270522,
GPR21,ENSG00000188394,0.413575495660574,0.248126889777578,0.683387976333908,-0.00114330891903745,missense|LC,9123029400,9,123029400,
NXT1,ENSG00000132661,0.41360710530091,0.609577760800457,0.261905319362527,0.000881386086180712,missense|LC,20023353957,20,23353957,
PTHLH,ENSG00000087494,0.413693336236828,0.429316548755132,0.250338608450256,-0.00113164861393414,missense|LC,12027958479,12,27958479,
PAGE5,ENSG00000158639,0.413753160500689,0.758477731414251,0.250727985352331,0.000439127585274911,missense|LC,23055220533,X,55220533,
GDI2,ENSG00000057608,0.413791191296097,0.427254762015005,0.246622967643109,-0.000978190017200646,missense|LC,10005761220,10,5761220,
CEP19,ENSG00000174007,0.413794953972491,0.253188449730059,0.42852476472806,-0.00172136408317511,missense|LC,3196707464,3,196707464,
AC018809.3,ENSG00000288550,0.413912765129491,0.89151191495903,0.271080440673782,-0.000510413245896121,missense|LC,3009928096,3,9928096,
SHC3,ENSG00000148082,0.413941097468164,0.257581036128413,0.56604442464943,-0.000605670918661287,missense|LC,9089001100,9,89001100,
SEL1L,ENSG00000071537,0.41402301869949,0.255223045167874,0.323680847952168,-0.000551845897938985,missense|LC,14081476888,14,81476888,
PDE4D,ENSG00000113448,0.414060580118435,0.251044409805565,0.676205616754416,-0.00109182723830051,missense|LC,5058974589,5,58974589,
TGOLN2,ENSG00000152291,0.414172389637893,0.566630558257867,0.27819031393587,0.000212999482398901,missense|LC,2085322553,2,85322553,
CHP2,ENSG00000166869,0.414176527783991,0.757870954841276,0.256142865740456,0.000260644643851868,missense|LC,16023755002,16,23755002,
ESRRB,ENSG00000119715,0.41419403742662,0.940584888724166,0.257375086026225,-0.0000306159991988844,missense|LC,14076376460,14,76376460,
SYT8,ENSG00000149043,0.41424631879454,0.741787765005423,0.260075187223564,0.000114704280384841,missense|LC,11001834494,11,1834494,
INTS1,ENSG00000164880,0.414547847999927,0.412188676857066,0.245369722976322,-0.000195257599903085,missense|LC,7001470517,7,1470517,
MYO1B,ENSG00000128641,0.414600878998968,0.386146686913884,0.252102330791148,-0.000363494279894857,missense|LC,2191247850,2,191247850,
ST20,ENSG00000180953,0.41464252884004,0.304165541669603,0.427162153340034,0.000603609264590184,missense|LC,15079896703,15,79896703,
GSTA3,ENSG00000174156,0.414769404808738,0.714584455330402,0.25800783038336,-0.000249190034209745,missense|LC,6052896712,6,52896712,
OVOL3,ENSG00000105261,0.41480295727743,0.243644141780366,0.462907319653849,-0.00126854549491752,missense|LC,19036111137,19,36111137,
ANKS4B,ENSG00000175311,0.414836558285597,0.273874543763972,0.828781912175036,0.00050065568787815,missense|LC,16021233657,16,21233657,
EHMT1,ENSG00000181090,0.414850063856677,0.409845525984259,0.238771993203101,0.000342134700252202,missense|LC,9137614002,9,137614002,
TRAPPC1,ENSG00000170043,0.414903969694395,0.716644118766139,0.247865987414625,0.000580499996452711,missense|LC,17007925605,17,7925605,
AC100868.1,ENSG00000258417,0.414977192276769,0.666985440180319,0.252352477535642,-0.000146413149700682,missense|LC,8132024433,8,132024433,
HSP90B1,ENSG00000166598,0.414981122671285,0.528119951777711,0.257389803996409,-0.000318211451418563,missense|LC,12103930435,12,103930435,
PRKG1,ENSG00000185532,0.414985609174644,0.607932711720664,0.247063211432747,-0.00103373194150871,missense|LC,10051074488,10,51074488,
H4C11,ENSG00000197238,0.415038777540758,0.338992049488496,0.248392171086661,-0.00226909559150073,missense|LC,6027823959,6,27823959,
OR6M1,ENSG00000196099,0.415133699360757,0.382156929460076,0.288288943744654,-0.000410378214492593,missense|LC,11123805373,11,123805373,
ACP2,ENSG00000134575,0.415136577937581,0.631663280049803,0.269947104493624,0.000235073374437331,missense|LC,11047234520,11,47234520,
SELENON,ENSG00000162430,0.415210701753634,0.250882961807066,0.326006531840626,0.000648791115456797,missense|LC,1025800237,1,25800237,
LSAMP,ENSG00000185565,0.415245521250212,0.962037500107321,0.246255486575804,0.0000832394064113871,missense|LC,3115810285,3,115810285,
PLA2G4E,ENSG00000188089,0.415251367356767,0.248378773043744,0.746367878470268,0.000526716398736933,missense|LC,15041983683,15,41983683,
ZNF184,ENSG00000096654,0.415359539131197,0.27045075138595,0.418990873032404,-0.000598789918012907,missense|LC,6027451198,6,27451198,
OR4B1,ENSG00000175619,0.415409813343609,0.545834296964607,0.259722336792535,0.000291721266206885,missense|LC,11048216769,11,48216769,
VPS26C,ENSG00000157538,0.41542828930963,0.37617978463575,0.254835412960036,-0.000711434571855342,missense|LC,21037225493,21,37225493,
GLRA4,ENSG00000188828,0.415441124504853,0.549053156616768,0.269771683171185,-0.000223780651127691,missense|LC,23103707352,X,103707352,
BPHL,ENSG00000137274,0.415447410962636,0.38026551663392,0.254060496600403,0.000579156615305444,missense|LC,6003118666,6,3118666,
CAPN15,ENSG00000103326,0.415531627175971,0.335209203430289,0.246690722759795,0.00026441096154038,missense|LC,16000528643,16,528643,
TP53I3,ENSG00000115129,0.415545275168499,0.570958435410639,0.243855626751697,0.000616593104165196,missense|LC,2024074069,2,24074069,
RALA,ENSG00000006451,0.415558035154516,0.329366366876292,0.412971023949666,-0.00111940118333909,missense|LC,7039686634,7,39686634,
MKRN2,ENSG00000075975,0.415559332727996,0.243270742142751,0.455733816313421,-0.00103524600242789,missense|LC,3012557032,3,12557032,
RPEL1,ENSG00000235376,0.415607054058536,0.250999819012886,0.711366125521366,-0.00137607666366615,missense|LC,10103245873,10,103245873,
ERAS,ENSG00000187682,0.415647197352474,0.537043608554128,0.25580801864788,0.000621767368846093,missense|LC,23048823874,X,48823874,
SMTN,ENSG00000183963,0.415660157177781,0.25089756248389,0.693276172434852,-0.000323397187246925,missense|LC,22031082862,22,31082862,
FUT5,ENSG00000130383,0.415676186331833,0.678715620091128,0.250014793356491,-0.000153429594673932,missense|LC,19005866471,19,5866471,
CASS4,ENSG00000087589,0.415679842885349,0.774699512266212,0.24613261370887,0.000138638649431189,missense|LC,20056412378,20,56412378,
LRRC73,ENSG00000204052,0.415741096179667,0.422995382157975,0.248431775237524,-0.00107227314160999,missense|LC,6043502205,6,43502205,
OR5A2,ENSG00000172324,0.415855113336982,0.247398521469288,0.373809150076215,-0.00109196430473743,missense|LC,11059421904,11,59421904,
GLB1L2,ENSG00000149328,0.416114188345092,0.910541808102734,0.252375103275225,0.000066491065558246,missense|LC,11134332017,11,134332017,
ACER3,ENSG00000078124,0.416192190607686,0.758351240079697,0.280538152678755,0.000332583745359947,missense|LC,11076860915,11,76860915,
NCAPD3,ENSG00000151503,0.41645665908882,0.578153456941989,0.251420313011181,-0.000157470686486125,missense|LC,11134145912,11,134145912,
SF3A2,ENSG00000104897,0.416618202507389,0.708444815348492,0.271376984124199,-0.000220694371507707,missense|LC,19002233752,19,2233752,
PPP1R12A,ENSG00000058272,0.416653238027106,0.63659457009051,0.271375522291778,0.000196813334970613,missense|LC,12079775885,12,79775885,
UNC5D,ENSG00000156687,0.416710394061912,0.257364244652804,0.418452572943193,0.000547201737403508,missense|LC,8035235701,8,35235701,
ANKRD27,ENSG00000105186,0.416731923799903,0.434787851497832,0.252099269874245,-0.000262292016106981,missense|LC,19032598079,19,32598079,
NUDT14,ENSG00000183828,0.416832950633277,0.589714562981169,0.273887176131215,-0.00023781009685198,missense|LC,14105167940,14,105167940,
ZCCHC18,ENSG00000166707,0.416869409421332,0.44300024632072,0.251190848921684,-0.000465245357503059,missense|LC,23104113985,X,104113985,
AC073610.2,ENSG00000272822,0.41688689316962,0.252207878884812,0.452597103951764,0.00676248017890633,missense|LC,12048904213,12,48904213,
NR2F1,ENSG00000175745,0.416950570460591,0.279686956341123,0.687303988600499,0.00106818788554003,missense|LC,5093584968,5,93584968,
KIF4B,ENSG00000226650,0.416961822361424,0.258860485934993,0.90776336727381,0.00034826306084258,missense|LC,5155013727,5,155013727,
CHST12,ENSG00000136213,0.416976035610795,0.707851160964131,0.245683644814114,-0.000300456390160936,missense|LC,7002432539,7,2432539,
FXYD7,ENSG00000221946,0.417012933643907,0.272694860038778,0.581222826144075,-0.00231092270194727,missense|LC,19035140016,19,35140016,
IL3,ENSG00000164399,0.41703620803913,0.815828454974166,0.294822298576387,-0.000148130019475975,missense|LC,5132060585,5,132060585,
OR5H1,ENSG00000231192,0.417085378338585,0.906746877525111,0.25817353637496,0.0000489614916666355,missense|LC,3098132588,3,98132588,
ERLEC1,ENSG00000068912,0.417173661355209,0.254785772063861,0.358370052305027,-0.00069560412564191,missense|LC,2053787075,2,53787075,
S100A12,ENSG00000163221,0.417350287569345,0.255122453293397,0.354844104659138,0.00267986618725023,missense|LC,1153373770,1,153373770,
MYO7A,ENSG00000137474,0.417404998458616,0.813328396657693,0.24604409506191,-0.0000487845387570746,missense|LC,11077123632,11,77123632,
ETV2,ENSG00000105672,0.41742239166626,0.588012684949781,0.250428605335094,-0.000357093821419302,missense|LC,19035637077,19,35637077,
PTGES3L,ENSG00000267060,0.417440211422537,0.259917942770156,0.559274414083148,0.00178845193351957,missense|LC,17042963960,17,42963960,
GOLGA8S,ENSG00000261739,0.417449932819861,0.255434073337122,0.756746638176745,0.000549678493384314,missense|LC,15023357418,15,23357418,
MPV17L2,ENSG00000254858,0.417473011674384,0.568401128121367,0.258387512082322,-0.000691985691509675,missense|LC,19018193179,19,18193179,
ACADSB,ENSG00000196177,0.417567860278994,0.258512758457126,0.283221642349756,0.000851929640319034,missense|LC,10123008941,10,123008941,
SENP2,ENSG00000163904,0.417651539445615,0.477274400399929,0.247088104572217,-0.000687746213256309,missense|LC,3185586085,3,185586085,
BCL7B,ENSG00000106635,0.417658523334837,0.554461824873178,0.256065356064063,-0.001008447684003,missense|LC,7073537217,7,73537217,
RNF183,ENSG00000165188,0.417670281993996,0.25868596361598,0.343125761994944,-0.000785038826418924,missense|LC,9113297566,9,113297566,
WDR1,ENSG00000071127,0.417684915450451,0.273069873345791,0.321967961128414,0.000414759126255999,missense|LC,4010075310,4,10075310,
AP1S2,ENSG00000182287,0.417884477606239,0.323016140597478,0.257373902558609,-0.00314282509368249,missense|LC,23015822600,X,15822600,
TRAF6,ENSG00000175104,0.417919882441502,0.937183802081068,0.252018609230325,-0.0000593060405880059,missense|LC,11036489760,11,36489760,
ERICH2,ENSG00000204334,0.417995387514021,0.268533535038246,0.421618941939466,0.00113966485438098,missense|LC,2170779764,2,170779764,
CLDN12,ENSG00000157224,0.418161976828163,0.283683940138942,0.756611722553118,0.000864767823017045,missense|LC,7090412581,7,90412581,
FZD5,ENSG00000163251,0.418201121783595,0.594167077332858,0.28319678635184,0.000268662160368577,missense|LC,2207766925,2,207766925,
CSTF2T,ENSG00000177613,0.418258516505558,0.679492302294623,0.253491269186726,0.000211956202825494,missense|LC,10051697625,10,51697625,
ZNF804A,ENSG00000170396,0.418433451412257,0.918720712960685,0.254155984135979,0.0000315772435619176,missense|LC,2184598919,2,184598919,
CHD8,ENSG00000100888,0.418515174707481,0.248389940050635,0.359501297092399,-0.000387258609492501,missense|LC,14021383771,14,21383771,
PIN1,ENSG00000127445,0.418583167005732,0.295761266440318,0.77523588702706,-0.00075773722009844,missense|LC,19009835318,19,9835318,
GNAT2,ENSG00000134183,0.418588744407771,0.370099320865779,0.270819826660471,0.000374434438905262,missense|LC,1109603351,1,109603351,
C19orf81,ENSG00000235034,0.41858991664413,0.508292755344365,0.284977142046864,-0.00030284073517365,missense|LC,19050649366,19,50649366,
CUX1,ENSG00000257923,0.418681162429292,0.486353330585559,0.253598348639133,-0.00234499242522872,missense|LC,7101815974,7,101815974,
VANGL2,ENSG00000162738,0.418790300452992,0.260811684838761,0.698624315406264,-0.000642598472256824,missense|LC,1160415749,1,160415749,
ANKRD52,ENSG00000139645,0.418915735422678,0.245710148328628,0.789127175508188,-0.000782305932415543,missense|LC,12056232815,12,56232815,
MANBAL,ENSG00000101363,0.418926573100329,0.313723929007803,0.251472274951486,-0.00259816872867223,missense|LC,20037301175,20,37301175,
IL1R1,ENSG00000115594,0.418933572725362,0.273751492345332,0.918640386355007,0.000458757426642744,missense|LC,2102157688,2,102157688,
CCR7,ENSG00000126353,0.418977441164793,0.96035740442885,0.253927911582347,0.0000454515424734952,missense|LC,17040554684,17,40554684,
KCTD8,ENSG00000183783,0.419009895542795,0.863586539808237,0.250861999207425,0.000119628321495727,missense|LC,4044174741,4,44174741,
ARF4,ENSG00000168374,0.419020291721193,0.255670441693804,0.32830536926798,-0.00345665026508957,missense|LC,3057572166,3,57572166,
HSF2,ENSG00000025156,0.419055630432007,0.299763897781686,0.245843316742189,-0.00119317840865596,missense|LC,6122399676,6,122399676,
TLR8,ENSG00000101916,0.419094617197777,0.31111462041571,0.251207233825334,-0.000571018604770698,missense|LC,23012906639,X,12906639,
TMEM240,ENSG00000205090,0.419233969049145,0.275582450823779,0.662547669518282,-0.000866919876519365,missense|LC,1001533796,1,1533796,
PWWP3B,ENSG00000157502,0.419267221708057,0.261550929724268,0.696701977526432,0.000508034043550568,missense|LC,23106205382,X,106205382,
AL365232.1,ENSG00000243501,0.419269519985342,0.276031224655128,0.630529215839173,-0.000735065889819742,missense|LC,6073209685,6,73209685,
FANK1,ENSG00000203780,0.4193066486682,0.271901458695656,0.435586508604107,-0.000520253265896974,missense|LC,10125896450,10,125896450,
PROM2,ENSG00000155066,0.419307493740051,0.255999042810519,0.424051408036478,0.000429910794720162,missense|LC,2095274454,2,95274454,
SH3RF2,ENSG00000156463,0.419352589240355,0.256474654285146,0.748621504309165,0.00147309343967909,missense|LC,5145937877,5,145937877,
PRKN,ENSG00000185345,0.419369844604088,0.270150697643133,0.531523812928495,0.000440987996556794,missense|LC,6161350080,6,161350080,
HM13,ENSG00000101294,0.419386268432357,0.251007827517712,0.721747224336673,0.00122778342875452,missense|LC,20031514451,20,31514451,
PICALM,ENSG00000073921,0.41954822609939,0.762968537108575,0.27009798779914,0.00018992497512219,missense|LC,11085958990,11,85958990,
SDC1,ENSG00000115884,0.419559606408485,0.826297458114698,0.263067588855148,-0.000124178460389787,missense|LC,2020202682,2,20202682,
SERPINI1,ENSG00000163536,0.419575785922618,0.460402868515202,0.275874387068391,-0.000366357773322864,missense|LC,3167789035,3,167789035,
CALCR,ENSG00000004948,0.419577504858301,0.724746210800507,0.261203356397973,0.000162209753250993,missense|LC,7093426347,7,93426347,
TSC22D1,ENSG00000102804,0.419607723457603,0.262190819826336,0.278287821937116,0.000332779318534511,missense|LC,13044433894,13,44433894,
HLA-G,ENSG00000204632,0.419689997917888,0.369452785746028,0.253191879733928,-0.000732907767852419,missense|LC,6029827830,6,29827830,
HEBP2,ENSG00000051620,0.41969449581177,0.275506492817437,0.558894389572783,-0.000406120022695153,missense|LC,6138404425,6,138404425,
TEX13D,ENSG00000282419,0.419704037739373,0.354176776386033,0.274487774661139,-0.00034350725668761,missense|LC,23124333976,X,124333976,
RER1,ENSG00000157916,0.419837073995148,0.250922636351049,0.50144574408854,-0.00234941821995482,missense|LC,1002387379,1,2387379,
NPSR1,ENSG00000187258,0.419957866946329,0.687238904056768,0.250172794182211,-0.000314733629576593,missense|LC,7034658409,7,34658409,
NOP16,ENSG00000048162,0.420127256302647,0.293878406296341,0.838990804026445,-0.000559079839919011,missense|LC,5176383890,5,176383890,
TNMD,ENSG00000000005,0.420226830182937,0.604713688686746,0.290529833908888,-0.000361276828009948,missense|LC,23100584959,X,100584959,
BOLA3,ENSG00000163170,0.42023189187682,0.603657880406145,0.264998168147849,-0.000541500905969203,missense|LC,2074135484,2,74135484,
MFAP2,ENSG00000117122,0.42024571060862,0.266432889896984,0.682466052909144,0.0012166851320492,missense|LC,1016969656,1,16969656,
AC026464.3,ENSG00000260371,0.420263182663975,0.840896235511373,0.254720094434263,0.000309977755213543,missense|LC,16069330093,16,69330093,
ATRN,ENSG00000088812,0.420284047313981,0.782411247615299,0.252283600561309,-0.000104586853371747,missense|LC,20003470969,20,3470969,
PLEKHG4,ENSG00000196155,0.420311856564481,0.365386385023302,0.249684598230876,0.000291044507208987,missense|LC,16067279965,16,67279965,
KIN,ENSG00000151657,0.420373419242399,0.256448858570722,0.403963958246647,0.00100970664961038,missense|LC,10007746579,10,7746579,
ITGB4,ENSG00000132470,0.420517862970761,0.25139694922623,0.786684903118694,-0.00026360311083563,missense|LC,17075724662,17,75724662,
MON2,ENSG00000061987,0.420570859533788,0.932336577087295,0.26071557251139,0.0000273170473931817,missense|LC,12062467155,12,62467155,
GLT8D2,ENSG00000120820,0.420613374505845,0.665254329657401,0.255079467319855,0.000426621499211418,missense|LC,12103984662,12,103984662,
MED23,ENSG00000112282,0.420635071254886,0.246250564980951,0.327548396115857,0.00080443793324405,missense|LC,6131582584,6,131582584,
MFSD11,ENSG00000092931,0.420635962886591,0.639236092932415,0.244584531195618,0.00042157513157679,missense|LC,17076732924,17,76732924,
FAM162B,ENSG00000183807,0.420641398705068,0.458144229506161,0.255600680569328,0.000909545535742474,missense|LC,6116752572,6,116752572,
UQCRH,ENSG00000173660,0.420739436902547,0.328068301071012,0.252528526124434,0.00184348782295664,missense|LC,1046301873,1,46301873,
SPA17,ENSG00000064199,0.420796408919825,0.741932693149531,0.256176604388027,0.000512475658958883,missense|LC,11124669265,11,124669265,
MAP4K2,ENSG00000168067,0.420828227461599,0.93797159625052,0.293485716935877,0.0000197513459371735,missense|LC,11064789472,11,64789472,
TTC39B,ENSG00000155158,0.420846140365865,0.45551688020223,0.26027308306192,0.000230699579373921,missense|LC,9015171976,9,15171976,
LOXL2,ENSG00000134013,0.420956493414231,0.253286049505991,0.304765720515328,0.000550365863078238,missense|LC,8023293244,8,23293244,
PCDHA13,ENSG00000239389,0.421027405647016,0.948033340748431,0.265011780259559,0.0000177832139340145,missense|LC,5140877126,5,140877126,
ABHD11,ENSG00000106077,0.421081710653241,0.245549640901379,0.407229331226531,0.00095979100975354,missense|LC,7073736447,7,73736447,
PLXND1,ENSG00000004399,0.421085950418175,0.25392027677974,0.470057698931573,-0.000305263699033803,missense|LC,3129550691,3,129550691,
GAS7,ENSG00000007237,0.421265765229483,0.343582851019603,0.248348852578729,0.00102570854833472,missense|LC,17009917226,17,9917226,
GLP1R,ENSG00000112164,0.421371905265392,0.552739226464975,0.273131971585805,-0.000250719841435776,missense|LC,6039048826,6,39048826,
CLUL1,ENSG00000079101,0.42145288838596,0.857221027319517,0.254556336084961,-0.000163058771812431,missense|LC,18000616659,18,616659,
PLA2G2C,ENSG00000187980,0.42145925954081,0.897845557345631,0.252748075608088,0.000243882448064719,missense|LC,1020163978,1,20163978,
GBP4,ENSG00000162654,0.421667383126341,0.253158724559488,0.825695625806209,-0.000586509125056093,missense|LC,1089185242,1,89185242,
KRT16,ENSG00000186832,0.421720237345245,0.266619407823071,0.52420753789993,-0.000314373275784052,missense|LC,17041609885,17,41609885,
MSS51,ENSG00000166343,0.421746808635946,0.474461203859318,0.277325019351338,0.000193393373427334,missense|LC,10073424508,10,73424508,
TMEM89,ENSG00000183396,0.421994802979764,0.986800941990526,0.251415671216142,-0.00000241834019504676,missense|LC,3048620766,3,48620766,
PODXL2,ENSG00000114631,0.42210931534959,0.845420705813731,0.275417314970811,0.0000702466021909802,missense|LC,3127629116,3,127629116,
NCOR2,ENSG00000196498,0.422207736289794,0.264711027389913,0.292746058728816,-0.000187634026927445,missense|LC,12124325332,12,124325332,
RABGGTA,ENSG00000100949,0.422237905739109,0.427977849901001,0.266204559823947,0.000316487965742112,missense|LC,14024260538,14,24260538,
PATJ,ENSG00000132849,0.422296175847648,0.532307972589035,0.253612451555956,0.000230255282897669,missense|LC,1061762858,1,61762858,
TXNDC12,ENSG00000117862,0.42234020659379,0.308815222542577,0.675493789358781,-0.000539802920103754,missense|LC,1052020879,1,52020879,
NEDD1,ENSG00000139350,0.422340930030896,0.256472685595653,0.526879905875722,-0.000739055292010813,missense|LC,12096907544,12,96907544,
SULT1E1,ENSG00000109193,0.42240613278589,0.967937030785664,0.279793651244167,0.0000238739535538781,missense|LC,4069841987,4,69841987,
PRB3,ENSG00000197870,0.422407238423157,0.360244693959841,0.334680740114123,0.000759284416924078,missense|LC,12011267110,12,11267110,
KLHL4,ENSG00000102271,0.422439775367201,0.633460454250621,0.252212628426557,-0.000294820637906269,missense|LC,23087517825,X,87517825,
FBXO34,ENSG00000178974,0.422466656066008,0.683187787363282,0.248338016553992,-0.000263361072548366,missense|LC,14055298634,14,55298634,
AC026464.1,ENSG00000259900,0.422468479300617,0.255585969987596,0.611179901642933,-0.00129215691458737,missense|LC,16069330299,16,69330299,
CA8,ENSG00000178538,0.422491070851943,0.258918840522144,0.921144343209532,-0.00135158208360959,missense|LC,8060208697,8,60208697,
SGTB,ENSG00000197860,0.422499142688529,0.315228486841267,0.687483508063645,0.000612153966527169,missense|LC,5065660928,5,65660928,
GRIN3A,ENSG00000198785,0.422523347180258,0.269012476997183,0.28959870658406,-0.00030839399621686,missense|LC,9101573124,9,101573124,
EIF2S3B,ENSG00000180574,0.42261638961177,0.473222004331176,0.270342095325416,0.000307001086725409,missense|LC,12010505840,12,10505840,
SYPL1,ENSG00000008282,0.422621286055867,0.261565825641786,0.62970791046553,0.00112073443143203,missense|LC,7106091698,7,106091698,
MRPL32,ENSG00000106591,0.422623259470908,0.277086891514522,0.266976218724201,-0.000959847144254795,missense|LC,7042927390,7,42927390,
TRAPPC2B,ENSG00000256060,0.422651735678524,0.268876880268491,0.287784573799029,0.00147922429982802,missense|LC,19057364771,19,57364771,
OTUD5,ENSG00000068308,0.422733068132784,0.544196962977293,0.249181343113208,0.000674975760424968,missense|LC,23048917753,X,48917753,
GAS1,ENSG00000180447,0.422733845427959,0.383254400998502,0.256477787852266,-0.000543167364304026,missense|LC,9086945642,9,86945642,
TRAF3,ENSG00000131323,0.422784548773949,0.26974148563071,0.310820090732903,-0.000660889205107131,missense|LC,14102870082,14,102870082,
BBS9,ENSG00000122507,0.422868449085199,0.582503864114889,0.261754505357202,-0.000188238536077933,missense|LC,7033129023,7,33129023,
DCAF7,ENSG00000136485,0.42290208537667,0.306038737792458,0.250561658163381,-0.00275286981358894,missense|LC,17063545525,17,63545525,
JMY,ENSG00000152409,0.422980900736842,0.931552239943768,0.255106057656002,0.0000345883904525833,missense|LC,5079236567,5,79236567,
C1QTNF8,ENSG00000184471,0.423029635515465,0.892461645188506,0.266535807292823,-0.0000783637128891631,missense|LC,16001093439,16,1093439,
MST1R,ENSG00000164078,0.423050137775195,0.879331087406457,0.24927167695063,0.0000508308233876462,missense|LC,3049887185,3,49887185,
PEX13,ENSG00000162928,0.423101669710776,0.264920638360389,0.402662374248408,0.00065634346782025,missense|LC,2061017702,2,61017702,
LAS1L,ENSG00000001497,0.423148158134017,0.249246960146423,0.876890913208395,0.0008165044239544,missense|LC,23065512693,X,65512693,
LAMA3,ENSG00000053747,0.423174501292865,0.693493972468374,0.247621504342445,0.0000873679286203335,missense|LC,18023689573,18,23689573,
BAP1,ENSG00000163930,0.423182014699008,0.247248310990954,0.694253526285201,0.000832658414258657,missense|LC,3052396269,3,52396269,
NOL7,ENSG00000225921,0.423288681431678,0.281405958109413,0.375994513551109,-0.000711040910172494,missense|LC,6013611748,6,13611748,
SLC7A5,ENSG00000103257,0.423310498810577,0.271178793322701,0.500067902620294,-0.000558826708655422,missense|LC,16087832916,16,87832916,
PHYH,ENSG00000107537,0.423348028983313,0.841755017142433,0.270427666025186,0.0000709236899315803,missense|LC,10013278276,10,13278276,
KRR1,ENSG00000111615,0.423452074627768,0.344799933365733,0.250670815672447,0.0010203957861291,missense|LC,12075490400,12,75490400,
GJA9,ENSG00000131233,0.423604812341564,0.282329478823445,0.516051679612408,-0.000420060270090586,missense|LC,1038872918,1,38872918,
ZNF250,ENSG00000196150,0.423671811762125,0.527148901820262,0.250793015627013,0.000531993724589905,missense|LC,8144881371,8,144881371,
SLC25A36,ENSG00000114120,0.423708225380281,0.266776395691975,0.263742560933043,-0.00157216282483082,missense|LC,3140942026,3,140942026,
SLN,ENSG00000170290,0.423729761715372,0.264234477280047,0.909669752473132,0.0054781836511089,missense|LC,11107707795,11,107707795,
FFAR1,ENSG00000126266,0.423782232456211,0.286094211199641,0.497789168191821,-0.000674455594585393,missense|LC,19035346552,19,35346552,
ZNF586,ENSG00000083828,0.423795193158125,0.470851243002953,0.258169080914075,-0.000472720672340721,missense|LC,19057769757,19,57769757,
TRAPPC11,ENSG00000168538,0.423809656553245,0.795990691087932,0.249798455457718,-0.000115372800705042,missense|LC,4183655867,4,183655867,
NWD1,ENSG00000188039,0.423813173582687,0.272983230966588,0.26482359728836,0.000236455504593273,missense|LC,19016731172,19,16731172,
PLD3,ENSG00000105223,0.423816057777876,0.269906712172745,0.346290085798422,0.000461685039394665,missense|LC,19040348264,19,40348264,
SELPLG,ENSG00000110876,0.423862387851339,0.261252411152285,0.315515052193462,-0.000651874494580879,missense|LC,12108622969,12,108622969,
MROH2B,ENSG00000171495,0.42386996333873,0.967688562895495,0.292172997432545,0.0000348388182137419,missense|LC,5040998018,5,40998018,
PAPPA,ENSG00000182752,0.423923653676794,0.253462339775219,0.50863162372462,0.000350050601744579,missense|LC,9116154025,9,116154025,
SPECC1,ENSG00000128487,0.423926861601375,0.692868544988461,0.252872215884915,-0.000132290843150537,missense|LC,17020096537,17,20096537,
SLC13A1,ENSG00000081800,0.423935242920291,0.724575072781131,0.259885022633277,-0.000196382819947348,missense|LC,7123115455,7,123115455,
C12orf29,ENSG00000133641,0.423940747932356,0.778744390068423,0.272018532113494,-0.000226857049864118,missense|LC,12088035564,12,88035564,
ERGIC1,ENSG00000113719,0.423981267216641,0.739562995165572,0.284859023617923,0.000234983813503422,missense|LC,5172834295,5,172834295,
TBC1D30,ENSG00000111490,0.42399679947743,0.618767221396743,0.266956874392855,0.000181487208575505,missense|LC,12064824748,12,64824748,
INSYN1,ENSG00000205363,0.424020843137589,0.293750997905419,0.52714998706802,0.000503908905953296,missense|LC,15073739910,15,73739910,
ZMYM4,ENSG00000146463,0.424082503670817,0.262491882382184,0.585039179735465,-0.00046030523148407,missense|LC,1035268918,1,35268918,
PRSS22,ENSG00000005001,0.424143280271518,0.257436632206562,0.888307510182669,-0.000986876975429544,missense|LC,16002853047,16,2853047,
HBP1,ENSG00000105856,0.424190970616427,0.250288499648129,0.672478166626425,0.00125908737967986,missense|LC,7107168943,7,107168943,
ANKRD20A3P,ENSG00000276203,0.424228508966578,0.258693815393855,0.535197941103847,0.00156911945379053,missense|LC,9066152567,9,66152567,
USP54,ENSG00000166348,0.42425643528178,0.265132199315443,0.314396418474726,-0.000297834336784929,missense|LC,10073495646,10,73495646,
DCAF12,ENSG00000198876,0.424409120040232,0.254329374500072,0.954374031962953,-0.00106915009600675,missense|LC,9034088248,9,34088248,
SPATA31A7,ENSG00000276040,0.424428160728452,0.530252342290357,0.266295771376972,-0.000219599122426832,missense|LC,9061191357,9,61191357,
FAM13C,ENSG00000148541,0.424446494811755,0.265489622963866,0.604773841727099,0.000523502825444086,missense|LC,10059244967,10,59244967,
FAM114A1,ENSG00000197712,0.424447709303858,0.265076193748333,0.64375138924058,-0.000460233203390925,missense|LC,4038878009,4,38878009,
PNPO,ENSG00000108439,0.424475172729748,0.249542322691363,0.562431588683202,-0.00128769217788718,missense|LC,17047941573,17,47941573,
TBC1D9B,ENSG00000197226,0.42465570689219,0.257921091145969,0.661992429400231,-0.000280280748454274,missense|LC,5179858692,5,179858692,
IPO7,ENSG00000205339,0.424657675641227,0.338814899502721,0.247079667006862,0.000973430721366076,missense|LC,11009384704,11,9384704,
ACOX3,ENSG00000087008,0.424705649134273,0.789429061514685,0.264071096218288,0.0000883224765849027,missense|LC,4008366831,4,8366831,
SAMD4B,ENSG00000179134,0.424744186308117,0.257363736591926,0.315999461069387,0.000997625040888321,missense|LC,19039356821,19,39356821,
AIFM2,ENSG00000042286,0.424834182151508,0.588686827613035,0.282236170946872,0.000137625635329155,missense|LC,10070108972,10,70108972,
HCN1,ENSG00000164588,0.424834616966473,0.738068417700222,0.271779668386826,0.000113366509479388,missense|LC,5045261822,5,45261822,
TMBIM6,ENSG00000139644,0.424839683415763,0.268194670455526,0.327333520395891,0.00101468193499279,missense|LC,12049742006,12,49742006,
SPDYE6,ENSG00000260097,0.424900745843092,0.284160787534489,0.639451937908508,0.000434673308858021,missense|LC,7102347076,7,102347076,
DYRK4,ENSG00000010219,0.424911921342772,0.801699425453886,0.277271358901833,0.000114617423048403,missense|LC,12004588864,12,4588864,
SNX33,ENSG00000173548,0.425010800052232,0.271945394308873,0.854907974078898,0.000555944693187067,missense|LC,15075647790,15,75647790,
ZNF417,ENSG00000173480,0.425014818308202,0.670840535647628,0.264044322557395,-0.000131330917514007,missense|LC,19057908390,19,57908390,
PCED1A,ENSG00000132635,0.425024482986804,0.260528202330748,0.473850870358311,-0.000507741939529982,missense|LC,20002835347,20,2835347,
ARHGEF9,ENSG00000131089,0.425136277171836,0.55641701692284,0.26985950670111,0.000572150415858594,missense|LC,23063637966,X,63637966,
LCA5L,ENSG00000157578,0.425159217822691,0.266737988587329,0.620187108597352,0.000376282946413644,missense|LC,21039405828,21,39405828,
ZNF560,ENSG00000198028,0.425302125196027,0.815805629156441,0.257262071676727,0.0000919616379870744,missense|LC,19009466497,19,9466497,
AC078815.1,ENSG00000288591,0.425343489376535,0.737916828252592,0.268831502706705,0.000123218629512032,missense|LC,12064756695,12,64756695,
BTD,ENSG00000169814,0.425457534100238,0.410334649484466,0.256252854834544,-0.000378813721090713,missense|LC,3015601071,3,15601071,
FKBP1C,ENSG00000198225,0.425559023419739,0.337281206432429,0.311926860969557,-0.000531793019880228,missense|LC,6063211570,6,63211570,
ZBTB44,ENSG00000196323,0.425745530470596,0.277061861019866,0.263044447671428,0.000703644130002258,missense|LC,11130233186,11,130233186,
BARD1,ENSG00000138376,0.425752802848746,0.509796774243545,0.276943201924668,-0.000207241470832633,missense|LC,2214728603,2,214728603,
COX16,ENSG00000133983,0.425803926328753,0.269324194699468,0.83320792997451,0.00182388094043881,missense|LC,14070326251,14,70326251,
DKK1,ENSG00000107984,0.425805344628111,0.277755788691149,0.504985301403115,-0.000615646234360836,missense|LC,10052314304,10,52314304,
CFHR2,ENSG00000080910,0.425805797348744,0.294621233379078,0.538103436100784,0.000426892679803784,missense|LC,1196949369,1,196949369,
ESRRA,ENSG00000173153,0.425895048008673,0.74533434122814,0.277923362724199,-0.000172937497281341,missense|LC,11064303424,11,64303424,
EVI2A,ENSG00000126860,0.425898404771233,0.290202709096416,0.373972453893672,-0.00040901138118298,missense|LC,17031318190,17,31318190,
EID1,ENSG00000255302,0.42596118703697,0.813560177342399,0.252185868630768,-0.000318397509940398,missense|LC,15048877365,15,48877365,
FUT10,ENSG00000172728,0.425973046257829,0.432012814746033,0.285849374739795,0.000197413116857188,missense|LC,8033372076,8,33372076,
THEM5,ENSG00000196407,0.426016137186386,0.256504041399159,0.366948765192867,0.00155172698435061,missense|LC,1151847350,1,151847350,
GNB4,ENSG00000114450,0.426029361502737,0.511030640523746,0.283793314059466,0.000545260867294079,missense|LC,3179391966,3,179391966,
SLC24A2,ENSG00000155886,0.426038936926824,0.275713314821087,0.380173298644949,-0.000471282254005368,missense|LC,9019516056,9,19516056,
ZNF157,ENSG00000147117,0.426214720907194,0.577364354706968,0.262213488341678,0.000290089281699613,missense|LC,23047370619,X,47370619,
CARHSP1,ENSG00000153048,0.426277391366216,0.893724858780441,0.253416498868891,0.0000983569600320099,missense|LC,16008855076,16,8855076,
H2BC9,ENSG00000275713,0.426346569058475,0.983235765347416,0.271681314218175,0.00000937183577938921,missense|LC,6026246654,6,26246654,
CLSTN3,ENSG00000139182,0.426478221574468,0.301200972917235,0.258132698454002,0.000415078778283074,missense|LC,12007128173,12,7128173,
TRIM36,ENSG00000152503,0.426486518709699,0.261193413295359,0.296526697075329,0.000597750470418759,missense|LC,5115126444,5,115126444,
EPHA4,ENSG00000116106,0.426542705280895,0.248304445677755,0.390197584929378,0.000807942170738849,missense|LC,2221425978,2,221425978,
TPCN2,ENSG00000162341,0.426635128750624,0.255233176430937,0.551580022810982,0.000437686405502904,missense|LC,11069048936,11,69048936,
UBE3A,ENSG00000114062,0.426680115408006,0.954562718931731,0.251278924285972,-0.0000568705804114426,missense|LC,15025339039,15,25339039,
FAM8A1,ENSG00000137414,0.426689413921292,0.256482097315065,0.494572698298381,0.000865252991528914,missense|LC,6017600267,6,17600267,
ZPBP,ENSG00000042813,0.426694403344579,0.477527917483187,0.260966549169008,0.00130696145547586,missense|LC,7049937493,7,49937493,
PNN,ENSG00000100941,0.426702147385267,0.268355525386425,0.713621373712079,-0.000495546969871698,missense|LC,14039175255,14,39175255,
SPSB2,ENSG00000111671,0.426727712008063,0.387659744817058,0.250753002796806,-0.000840536103456237,missense|LC,12006865936,12,6865936,
PCSK9,ENSG00000169174,0.426745178486852,0.867949389992152,0.261575618353821,-0.0000732532056431677,missense|LC,1055039736,1,55039736,
CC2D1B,ENSG00000154222,0.426808083298239,0.84110608591539,0.267743208327078,-0.0000562191472510488,missense|LC,1052345968,1,52345968,
TBX18,ENSG00000112837,0.426941522469161,0.356280105801809,0.252064388994841,0.000527443842180666,missense|LC,6084736575,6,84736575,
FRRS1L,ENSG00000260230,0.426953723166513,0.798587708310322,0.270676055638502,0.000202442429743588,missense|LC,9109137421,9,109137421,
MORN5,ENSG00000185681,0.427006539043777,0.358098931217556,0.302623923260601,-0.000509874754769282,missense|LC,9122159528,9,122159528,
REN,ENSG00000143839,0.42700953594475,0.719235829316479,0.252830289135784,0.000297125261707658,missense|LC,1204149837,1,204149837,
CGB1,ENSG00000267631,0.427030787516604,0.290481782526111,0.355536643599248,-0.000387254056688419,missense|LC,19049031978,19,49031978,
KRTAP24-1,ENSG00000188694,0.427053400217001,0.576875796872924,0.284815039895753,0.000362262589736606,missense|LC,21030282090,21,30282090,
FTL,ENSG00000087086,0.427062788737483,0.263834331681135,0.707006440152588,-0.00165682987856813,missense|LC,19048960749,19,48960749,
RAB40C,ENSG00000197562,0.427078176012496,0.249642220394536,0.89429211411379,0.00159078019968071,missense|LC,16000590188,16,590188,
PSG8,ENSG00000124467,0.42713086863218,0.478916954491691,0.272760949546914,-0.000162450778037567,missense|LC,19042754131,19,42754131,
GAP43,ENSG00000172020,0.427137064781227,0.369988839217825,0.256073361984087,-0.00101464829396055,missense|LC,3115623582,3,115623582,
MYO1C,ENSG00000197879,0.427156152552041,0.265301249718985,0.597025113777871,-0.000232492688999505,missense|LC,17001465618,17,1465618,
ITM2A,ENSG00000078596,0.427218050120083,0.295221500585946,0.509081696999659,0.000471207296690717,missense|LC,23079361085,X,79361085,
PKNOX1,ENSG00000160199,0.427277663607405,0.654918864207876,0.25495160272123,0.00038169544253973,missense|LC,21043004348,21,43004348,
ZFHX4,ENSG00000091656,0.427379695078584,0.26183531896442,0.297118149157265,0.000269926123153992,missense|LC,8076704006,8,76704006,
TNIP3,ENSG00000050730,0.427489065391612,0.471900600198622,0.304604925607726,0.00028300853929172,missense|LC,4121132564,4,121132564,
CHAF1A,ENSG00000167670,0.427489666941547,0.260620421156627,0.605743111856389,-0.000392693439019531,missense|LC,19004400233,19,4400233,
GTF2H4,ENSG00000213780,0.427553231015144,0.263472754847098,0.451077671144856,-0.000865180580230085,missense|LC,6030908964,6,30908964,
RHEX,ENSG00000263961,0.427661082004877,0.297348764193447,0.489361428263219,0.000864909434774383,missense|LC,1206083423,1,206083423,
RHEB,ENSG00000106615,0.427697258236852,0.603538257808348,0.261785175614465,0.00193948621109593,missense|LC,7151467082,7,151467082,
PLEKHS1,ENSG00000148735,0.427774757989463,0.298793006645858,0.465003236412571,0.000437966108520196,missense|LC,10113766400,10,113766400,
PFN3,ENSG00000196570,0.427812886696353,0.255942830340537,0.836796777468594,0.00171015125671086,missense|LC,5177396676,5,177396676,
AJAP1,ENSG00000196581,0.427846441204101,0.275319905422324,0.936677905185175,0.000513538413972476,missense|LC,1004655327,1,4655327,
EML5,ENSG00000165521,0.42786285252074,0.771191536921191,0.257943442749178,0.000106886091190167,missense|LC,14088607421,14,88607421,
STXBP3,ENSG00000116266,0.427906977218809,0.249258829674424,0.924915219519463,0.00120774322065032,missense|LC,1108741695,1,108741695,
ZC3H4,ENSG00000130749,0.427910849353281,0.251341878447139,0.545097175057555,-0.000419573647992694,missense|LC,19047066277,19,47066277,
ADH6,ENSG00000172955,0.428058008312506,0.272626805012788,0.281268488889026,-0.000841187542841113,missense|LC,4099204116,4,99204116,
KLHL36,ENSG00000135686,0.428090823576438,0.274936742885567,0.618831460737587,-0.000499369966608628,missense|LC,16084650815,16,84650815,
MMP15,ENSG00000102996,0.428091673433793,0.653848259408299,0.251959003649764,-0.000211022962923837,missense|LC,16058026224,16,58026224,
PPP4R2,ENSG00000163605,0.428150936300258,0.29419566981146,0.436005583568441,0.00301393259724476,missense|LC,3072996959,3,72996959,
ADGRE1,ENSG00000174837,0.428154087788901,0.259383019625889,0.786907817548466,0.000353809152980992,missense|LC,19006887526,19,6887526,
HOXD4,ENSG00000170166,0.428188826808481,0.601343427656825,0.277356904541809,-0.000373814922399604,missense|LC,2176151575,2,176151575,
SLC4A11,ENSG00000088836,0.42829380253889,0.270108336939017,0.256122466782703,-0.000427078511283132,missense|LC,20003223322,20,3223322,
HECTD2,ENSG00000165338,0.428296843624128,0.821536538166996,0.295827245606277,-0.0000935854679934213,missense|LC,10091410371,10,91410371,
MPHOSPH6,ENSG00000135698,0.428313849212764,0.869183037334181,0.253671639107818,-0.000244814522370301,missense|LC,16082148622,16,82148622,
HTRA4,ENSG00000169495,0.428375373570511,0.482903153508477,0.26121449453273,-0.000409793281726206,missense|LC,8038969318,8,38969318,
GC,ENSG00000145321,0.428699132117874,0.264500440543348,0.522915024609995,0.000752067258258583,missense|LC,4071752469,4,71752469,
FAM50B,ENSG00000145945,0.428699532623517,0.262480466425165,0.950323677955202,0.0013641611119552,missense|LC,6003849650,6,3849650,
AHR,ENSG00000106546,0.428706274991272,0.271505210408488,0.282176509204075,0.000433913553602853,missense|LC,7017299165,7,17299165,
RPS6KA5,ENSG00000100784,0.428915688981938,0.519560782363063,0.262226337661315,-0.000380987644476614,missense|LC,14090871968,14,90871968,
PDC,ENSG00000116703,0.42904602326689,0.520236407372312,0.262624528332257,0.000734252488191064,missense|LC,1186443936,1,186443936,
KRT18,ENSG00000111057,0.429087811669613,0.40491355063665,0.294390758708839,0.000403967956346771,missense|LC,12052949105,12,52949105,
QSOX2,ENSG00000165661,0.429121446780944,0.705783233919856,0.275839072885434,0.000123117184861905,missense|LC,9136201333,9,136201333,
PCDHA2,ENSG00000204969,0.429183129791389,0.859029644641436,0.264081184889308,0.0000538387371102264,missense|LC,5140794873,5,140794873,
GALNTL5,ENSG00000106648,0.429186267726723,0.281696472418437,0.349171389158304,0.000609044271959505,missense|LC,7151967197,7,151967197,
GUCY1B1,ENSG00000061918,0.429267686823207,0.256305018094095,0.490670489122501,0.000871053993883983,missense|LC,4155759055,4,155759055,
DCHS1,ENSG00000166341,0.429372336913901,0.257500313383972,0.3599768770832,-0.000182737209265649,missense|LC,11006616332,11,6616332,
CENPQ,ENSG00000031691,0.429488329697775,0.271861948520079,0.326312363370788,-0.00137279927175271,missense|LC,6049459011,6,49459011,
TC2N,ENSG00000165929,0.429559606858637,0.362357302575414,0.280658167160013,0.000475520832277487,missense|LC,14091783088,14,91783088,
EPN1,ENSG00000063245,0.42957652107246,0.682743831636086,0.278572714787851,-0.000149231115751267,missense|LC,19055673806,19,55673806,
FOXC2,ENSG00000176692,0.429675940087014,0.266600690031067,0.87063365633565,-0.000474721127678527,missense|LC,16086567235,16,86567235,
CADM2,ENSG00000175161,0.429726597209825,0.257912520234198,0.565986474537689,-0.00147463916458627,missense|LC,3085726483,3,85726483,
AKR1B1,ENSG00000085662,0.429842564133923,0.859599951994894,0.255349281335564,-0.000155282693104816,missense|LC,7134442656,7,134442656,
NDUFB2,ENSG00000090266,0.429954300036364,0.662458710329562,0.268231773345665,0.000504348620936997,missense|LC,7140694581,7,140694581,
NUDT21,ENSG00000167005,0.429974143334741,0.271290923430542,0.305589284289494,0.00430903941271884,missense|LC,16056424134,16,56424134,
WDR60,ENSG00000126870,0.429986728971757,0.261991479224769,0.481711271931369,0.000332503052654644,missense|LC,7158856617,7,158856617,
YIPF2,ENSG00000130733,0.430004149053795,0.434542885523545,0.25619360950053,-0.000553841943143138,missense|LC,19010919555,19,10919555,
OR10H3,ENSG00000171936,0.430025003156412,0.50630287809089,0.274805369242082,-0.000348755627942563,missense|LC,19015741354,19,15741354,
ISL1,ENSG00000016082,0.430076570569318,0.256390812681095,0.61570829855215,-0.00109510802797844,missense|LC,5051383617,5,51383617,
ADGRE2,ENSG00000127507,0.430099080104663,0.259040156358948,0.592125417525468,-0.000392457199536426,missense|LC,19014731100,19,14731100,
ODF4,ENSG00000184650,0.430198434205482,0.328101098138682,0.259365002718021,-0.00119490676850016,missense|LC,17008340018,17,8340018,
CORO1C,ENSG00000110880,0.430213440764443,0.260883641002799,0.711233469059848,0.000821044349984764,missense|LC,12108647318,12,108647318,
TPSD1,ENSG00000095917,0.430232572821318,0.287696578898125,0.875743919534363,-0.000375979186190641,missense|LC,16001256149,16,1256149,
PNO1,ENSG00000115946,0.430425540146609,0.754591725241116,0.268193107399541,0.00020288160301335,missense|LC,2068157143,2,68157143,
AC010255.3,ENSG00000250803,0.430607169703136,0.434425047520168,0.275193564970122,-0.000838103338097241,missense|LC,5122160152,5,122160152,
RAD23A,ENSG00000179262,0.430644375035226,0.402448411654127,0.289087817845242,0.000449876123308806,missense|LC,19012940863,19,12940863,
KCNQ3,ENSG00000184156,0.430695879310227,0.258041845927946,0.725404735412061,0.000516819113199374,missense|LC,8132129164,8,132129164,
FLOT1,ENSG00000137312,0.430709902124247,0.587182295452984,0.263753148264556,0.000480059718978278,missense|LC,6030722856,6,30722856,
TM7SF3,ENSG00000064115,0.43072670017324,0.253090309414391,0.59892491653323,0.000919110412136262,missense|LC,12026973855,12,26973855,
NMNAT3,ENSG00000163864,0.430794460945395,0.255490575032813,0.776622923078702,0.00103695782198606,missense|LC,3139560926,3,139560926,
PHF21A,ENSG00000135365,0.430860680023875,0.655337654541363,0.271314665279281,-0.000249062460365216,missense|LC,11045928484,11,45928484,
U52112.1,ENSG00000284987,0.430876278339735,0.724102919940553,0.290420602474124,0.000627060079988417,missense|LC,23153867315,X,153867315,
ROBO3,ENSG00000154134,0.430908584688711,0.263669451556173,0.436861934407171,0.000259638759849781,missense|LC,11124865490,11,124865490,
PBXIP1,ENSG00000163346,0.430925518369616,0.269997827424267,0.313433023818676,0.000439789988739804,missense|LC,1154944976,1,154944976,
SLC32A1,ENSG00000101438,0.430973950336009,0.65426106616193,0.28997404084921,-0.000347430867712544,missense|LC,20038724608,20,38724608,
PRIM1,ENSG00000198056,0.431006617646786,0.323312235998638,0.797474190819645,0.000497201949105779,missense|LC,12056731661,12,56731661,
DEXI,ENSG00000182108,0.431035712494229,0.926772420685726,0.264718208331713,0.000161306735182363,missense|LC,16010941464,16,10941464,
DHX33,ENSG00000005100,0.431037882209977,0.259495099697528,0.364216938680869,0.000499529800172592,missense|LC,17005437996,17,5437996,
IGSF23,ENSG00000216588,0.431041246933883,0.289921691619508,0.734158425908345,-0.000731171191552497,missense|LC,19044613532,19,44613532,
DRD3,ENSG00000151577,0.43114445077505,0.312707664052891,0.257754435089872,-0.000911500587162521,missense|LC,3114128619,3,114128619,
PXDNL,ENSG00000147485,0.431473527123327,0.370213622020475,0.261652048974521,0.000238411852526693,missense|LC,8051319799,8,51319799,
CLEC10A,ENSG00000132514,0.431596640236795,0.73878800743605,0.287714723538403,-0.000161168071495526,missense|LC,17007074979,17,7074979,
ARL5A,ENSG00000162980,0.431677422891666,0.28587795648483,0.527314323057054,-0.0011650780050311,missense|LC,2151803234,2,151803234,
TOMM6,ENSG00000214736,0.431796713789881,0.286270235844815,0.658702599809942,0.00154441968191763,missense|LC,6041783369,6,41783369,
ZNF610,ENSG00000167554,0.431907425521869,0.46924561527754,0.269012411629248,0.000232351010247621,missense|LC,19052349118,19,52349118,
GARRE1,ENSG00000166398,0.432003539293684,0.258326338133,0.344227567487201,-0.000454284008256872,missense|LC,19034296385,19,34296385,
FLNA,ENSG00000196924,0.432120374647896,0.385311975068658,0.256490316223712,-0.000209984573400104,missense|LC,23154348789,X,154348789,
OTOG,ENSG00000188162,0.432135150997998,0.255821231527436,0.386370906371809,-0.000167085289011327,missense|LC,11017544163,11,17544163,
FAM71F1,ENSG00000135248,0.432142623989037,0.296191990726699,0.270105552480657,0.000728914125739874,missense|LC,7128715394,7,128715394,
GARS1,ENSG00000106105,0.432176185623006,0.268777242339763,0.342014280107205,-0.000568211589007975,missense|LC,7030594856,7,30594856,
CTAGE15,ENSG00000271079,0.432190237357188,0.508034655436995,0.283608215885607,0.000495399683461117,missense|LC,7143572896,7,143572896,
C11orf21,ENSG00000110665,0.432308188771137,0.261912776750149,0.439595798618369,-0.00118584330263607,missense|LC,11002299330,11,2299330,
RO60,ENSG00000116747,0.43231190849126,0.297142610423679,0.27338046827269,-0.000560988291271264,missense|LC,1193059083,1,193059083,
MTIF2,ENSG00000085760,0.432493785586927,0.256990361726893,0.549001785341053,0.00060967410066707,missense|LC,2055232756,2,55232756,
RPL32,ENSG00000144713,0.432552046638792,0.309638874976664,0.699545659410278,0.000860356598746086,missense|LC,3012831410,3,12831410,
TICAM2,ENSG00000243414,0.432627538195679,0.843333639942712,0.275949394356011,-0.000195111504008474,missense|LC,5115580415,5,115580415,
COX8A,ENSG00000176340,0.432636124813695,0.705074961105489,0.270945085987615,0.000854343344642827,missense|LC,11063974603,11,63974603,
AC134669.1,ENSG00000265118,0.432661252010942,0.426229366611126,0.313448285646538,-0.000338781937559041,missense|LC,17031304192,17,31304192,
DDR2,ENSG00000162733,0.432735473900135,0.471996990875484,0.25786803414805,-0.000443941482807426,missense|LC,1162718970,1,162718970,
OMG,ENSG00000126861,0.43276785366564,0.755473094128305,0.263965026844022,0.000330813861399818,missense|LC,17031294902,17,31294902,
ZYG11A,ENSG00000203995,0.432885008588624,0.280806155581178,0.90311597929132,-0.000381759052651557,missense|LC,1052842799,1,52842799,
OR4F6,ENSG00000184140,0.432912984035828,0.289860709853797,0.735835052288477,0.000447245405524478,missense|LC,15101805662,15,101805662,
OR52W1,ENSG00000175485,0.43307149467635,0.297308254048097,0.969247061428009,0.000498938160510949,missense|LC,11006199146,11,6199146,
DHX32,ENSG00000089876,0.433079828995925,0.835724561344066,0.255797905659642,-0.000134083096592316,missense|LC,10125831337,10,125831337,
SLC2A14,ENSG00000173262,0.433343792189726,0.264596818619506,0.575582832112168,0.000706708877549174,missense|LC,12007814153,12,7814153,
CARD14,ENSG00000141527,0.433368768962061,0.259950471065305,0.326945246115924,0.000324983461340657,missense|LC,17080181370,17,80181370,
LRRC10,ENSG00000198812,0.433413359141144,0.284283064215523,0.454848819239702,0.00050552124277485,missense|LC,12069609925,12,69609925,
RNF24,ENSG00000101236,0.433414742489972,0.573437647300505,0.272130664042448,0.00118835446231753,missense|LC,20003933960,20,3933960,
C11orf94,ENSG00000234776,0.433431771620861,0.672589306115947,0.277493904796952,-0.000356279280362704,missense|LC,11045901933,11,45901933,
MOAP1,ENSG00000165943,0.433496236023082,0.342946873744781,0.286502595716666,-0.000437099476318235,missense|LC,14093183048,14,93183048,
PGP,ENSG00000184207,0.433513325652635,0.274954950307725,0.407486445858564,-0.000888398060299412,missense|LC,16002206594,16,2206594,
KRTAP13-4,ENSG00000186971,0.43358471188555,0.284086503640654,0.324964496931906,-0.000662482176969436,missense|LC,21030425332,21,30425332,
PCDHA4,ENSG00000204967,0.433603707641547,0.546334595524711,0.269253088986363,0.000164147523611744,missense|LC,5140802076,5,140802076,
TRIM34,ENSG00000258659,0.433655327185796,0.269933934825825,0.89555693863621,-0.000629458531163314,missense|LC,11005632121,11,5632121,
PPP1R3B,ENSG00000173281,0.433753678753283,0.30847160425961,0.252616106344608,-0.00115824331775363,missense|LC,8009140702,8,9140702,
AQP7,ENSG00000165269,0.433877640095508,0.274870809185833,0.297191863844841,0.000668357005051758,missense|LC,9033384902,9,33384902,
TCF24,ENSG00000261787,0.433993445390626,0.314950897456979,0.786348813734099,0.000653279193798251,missense|LC,8066948004,8,66948004,
LYRM7,ENSG00000186687,0.434014535736193,0.281764432320687,0.30563089895144,-0.00174378437792182,missense|LC,5131170918,5,131170918,
SNX20,ENSG00000167208,0.434060815778128,0.639456976201548,0.273228586276627,-0.000328003176380206,missense|LC,16050667940,16,50667940,
GADD45G,ENSG00000130222,0.43406172273427,0.260871394269348,0.7221480361348,0.00316712040700295,missense|LC,9089605069,9,89605069,
TVP23C,ENSG00000175106,0.434260726943599,0.84111948002597,0.263248325655184,-0.000283976228789711,missense|LC,17015502708,17,15502708,
ZNF500,ENSG00000103199,0.434340882297084,0.269858774632065,0.384867829839261,-0.000464250272521622,missense|LC,16004744758,16,4744758,
VPS35,ENSG00000069329,0.434506813390915,0.632207860628454,0.259554610143347,0.000403978961461534,missense|LC,16046660372,16,46660372,
CAPN2,ENSG00000162909,0.434545127480175,0.954924933674151,0.26592674986116,0.0000167511949252229,missense|LC,1223712369,1,223712369,
IQCG,ENSG00000114473,0.434623289023993,0.556787281825408,0.272212593113035,-0.000316652798049871,missense|LC,3197889496,3,197889496,
CAMP,ENSG00000164047,0.434674587589162,0.293834343926989,0.765434241633633,-0.000795661394603908,missense|LC,3048223465,3,48223465,
NDUFA4,ENSG00000189043,0.434735183059697,0.474261637148526,0.263610924083626,-0.0016957488656188,missense|LC,7010933590,7,10933590,
ZNF852,ENSG00000178917,0.434791151526044,0.258070977154825,0.462937931086643,0.000792824517747573,missense|LC,3044499053,3,44499053,
DMBX1,ENSG00000197587,0.434817009152724,0.512189330923691,0.279416547954654,0.000415119827919017,missense|LC,1046506900,1,46506900,
GNPDA2,ENSG00000163281,0.434837451429607,0.467941915308054,0.254704191799261,0.00128669670181401,missense|LC,4044697371,4,44697371,
LTA,ENSG00000226979,0.43486057041333,0.260594123031619,0.732470801770383,0.00221171752367715,missense|LC,6031572691,6,31572691,
PRSS48,ENSG00000189099,0.434875702697608,0.310381518415825,0.282600354323504,-0.000545736926428368,missense|LC,4151277171,4,151277171,
SEC61B,ENSG00000106803,0.434891760496722,0.275373621154343,0.448861201776513,-0.00235513241874743,missense|LC,9099217853,9,99217853,
GLTPD2,ENSG00000182327,0.43492249267553,0.716285908748365,0.266327686155696,-0.000210319305651743,missense|LC,17004785252,17,4785252,
KLHL34,ENSG00000185915,0.434927045054226,0.660863644380408,0.275758847574064,0.000196548067147938,missense|LC,23021652282,X,21652282,
LIM2,ENSG00000105370,0.435048220189489,0.635074337804451,0.263748719910205,-0.000382144939342655,missense|LC,19051380129,19,51380129,
TRIM49B,ENSG00000182053,0.435050611267891,0.875098061138714,0.267785791964091,-0.0000949690910134847,missense|LC,11049031447,11,49031447,
CEMIP2,ENSG00000135048,0.435111984898302,0.43193324696523,0.2639026284089,-0.000291328989442065,missense|LC,9071685107,9,71685107,
MCUR1,ENSG00000050393,0.435161166111912,0.280108158121658,0.432252088294821,-0.000931484201277086,missense|LC,6013790755,6,13790755,
TIGD2,ENSG00000180346,0.43518775213052,0.701006775764449,0.282144234462203,-0.00023530369114593,missense|LC,4089110923,4,89110923,
XPC,ENSG00000154767,0.435223340926947,0.470786896415313,0.264958628856819,-0.000273054178253902,missense|LC,3014141526,3,14141526,
DIO3,ENSG00000197406,0.435287521676106,0.297188057963294,0.475225485314326,-0.00052972838860404,missense|LC,14101561410,14,101561410,
ADCK2,ENSG00000133597,0.435290853902106,0.9557040134556,0.283043094468628,-0.0000183317296938663,missense|LC,7140673244,7,140673244,
FAM9A,ENSG00000183304,0.435316499551333,0.282278543146587,0.450018380816673,0.000278355918747154,missense|LC,23008791272,X,8791272,
CLIC2,ENSG00000155962,0.435372016035551,0.525277706003172,0.316354038742814,0.000417671557110319,missense|LC,23155277864,X,155277864,
EHD4,ENSG00000103966,0.435397792059047,0.734017673739514,0.257019312998707,0.000210712634338445,missense|LC,15041892790,15,41892790,
RAB3C,ENSG00000152932,0.435430569004995,0.397536263200194,0.26371870942843,-0.0010944286566146,missense|LC,5058582317,5,58582317,
HLA-DMB,ENSG00000242574,0.435618368070761,0.299238445645825,0.784811663764499,-0.000968988676593489,missense|LC,6032934909,6,32934909,
CGB2,ENSG00000104818,0.435623360904744,0.80375248916608,0.344732618982449,-0.0000765995788598505,missense|LC,19049030017,19,49030017,
GALNT7,ENSG00000109586,0.435668283747574,0.455951281088142,0.283062512488998,0.000288246818179869,missense|LC,4173168735,4,173168735,
CLK1,ENSG00000013441,0.43571185168914,0.268111845367095,0.793412087433061,-0.000825784306006607,missense|LC,2200853254,2,200853254,
TRADD,ENSG00000102871,0.435741089947096,0.345145656895018,0.269642321010532,-0.000679584769285265,missense|LC,16067149187,16,67149187,
CHRAC1,ENSG00000104472,0.43574235955416,0.448110094249626,0.273343110281194,-0.000791187955496381,missense|LC,8140511404,8,140511404,
HAND2,ENSG00000164107,0.435833128062635,0.552181855300307,0.267143298102504,-0.000543041897919025,missense|LC,4173527243,4,173527243,
CALR,ENSG00000179218,0.435888660197447,0.921308350547951,0.271058528475547,-0.0000599628218272884,missense|LC,19012933612,19,12933612,
CCN4,ENSG00000104415,0.435901082407292,0.623537802334279,0.271777222191168,0.000238102108343503,missense|LC,8133191057,8,133191057,
SPSB3,ENSG00000162032,0.43609821308021,0.305043104087343,0.291069195889246,-0.000382609769115444,missense|LC,16001772136,16,1772136,
KLK5,ENSG00000167754,0.436115659302455,0.861723650968452,0.30049841771804,-0.0000691627765338609,missense|LC,19050943580,19,50943580,
ITIH3,ENSG00000162267,0.436125619882516,0.270121458172605,0.644856340688479,-0.000398732103073647,missense|LC,3052789798,3,52789798,
TMEM184A,ENSG00000164855,0.436205296498677,0.286229029786043,0.646007161823337,-0.00032553694927354,missense|LC,7001537297,7,1537297,
CD59,ENSG00000085063,0.436357479534103,0.28428726732564,0.267111030358538,0.00209785341706286,missense|LC,11033698401,11,33698401,
IDH3B,ENSG00000101365,0.436414064201913,0.821164462929317,0.265272573984912,-0.000194402267579517,missense|LC,20002653398,20,2653398,
PTH,ENSG00000152266,0.436438997110243,0.61616187086716,0.271428811912742,0.00102182509492017,missense|LC,11013492298,11,13492298,
SLAIN2,ENSG00000109171,0.436583631609679,0.376350853464024,0.260742232915265,0.000441739054290116,missense|LC,4048341583,4,48341583,
NKX2-1,ENSG00000136352,0.436656683885277,0.284780907445689,0.679038050622739,-0.000876152563048419,missense|LC,14036513038,14,36513038,
C9orf57,ENSG00000204669,0.436690546305783,0.284136585108862,0.277459266311374,-0.00093364654531705,missense|LC,9072052204,9,72052204,
CIDEA,ENSG00000176194,0.436753794072713,0.733873501992257,0.284252561736204,0.000147222697488055,missense|LC,18012254311,18,12254311,
ME3,ENSG00000151376,0.436950811801519,0.256661856540986,0.937457144438501,0.000871024154427466,missense|LC,11086441179,11,86441179,
NPW,ENSG00000183971,0.437003051228848,0.277630987634211,0.807020036760643,-0.000806815481782217,missense|LC,16002019431,16,2019431,
OR9A4,ENSG00000258083,0.437055046489526,0.450819638752753,0.276797835971777,0.000604418209848041,missense|LC,7141918838,7,141918838,
NAA20,ENSG00000173418,0.437128666639425,0.458466603301252,0.257759568047134,0.0016412799888106,missense|LC,20020017279,20,20017279,
UACA,ENSG00000137831,0.437155078537058,0.82658318708015,0.269420686247006,-0.0000738496084018246,missense|LC,15070657000,15,70657000,
ZNF791,ENSG00000173875,0.437203581041207,0.274488741091384,0.277443295455605,0.00102847088959729,missense|LC,19012609084,19,12609084,
SMO,ENSG00000128602,0.437229876502738,0.801595577715492,0.276476731032334,-0.0000667031718213099,missense|LC,7129189049,7,129189049,
FAM76B,ENSG00000077458,0.437297938408829,0.286919764811919,0.616826381151432,-0.00077977803841471,missense|LC,11095771503,11,95771503,
ILVBL,ENSG00000105135,0.437367640741425,0.278396424335315,0.280415034876927,0.000394499753340204,missense|LC,19015109991,19,15109991,
TSPAN13,ENSG00000106537,0.437418691723341,0.441488503796438,0.259677084344287,-0.00134235846379424,missense|LC,7016753887,7,16753887,
DENND4A,ENSG00000174485,0.437462597055929,0.751007932451948,0.271085444197263,0.000102303244908223,missense|LC,15065661779,15,65661779,
ITPR1,ENSG00000150995,0.437573261367312,0.27795059683057,0.281519735778463,0.000360021420109405,missense|LC,3004516471,3,4516471,
PCGF1,ENSG00000115289,0.437573641605516,0.321305959629391,0.500977259700598,-0.000567344569487244,missense|LC,2074502584,2,74502584,
C20orf202,ENSG00000215595,0.437717332637102,0.303572455492724,0.839585973752098,-0.000637935093142049,missense|LC,20001203425,20,1203425,
PPM1M,ENSG00000164088,0.43781854961308,0.489101643917284,0.295549327075723,0.000237653020129235,missense|LC,3052246209,3,52246209,
SNIP1,ENSG00000163877,0.437820182390823,0.263998420268281,0.39035494679837,-0.00068207587677231,missense|LC,1037537657,1,37537657,
WDR75,ENSG00000115368,0.437881341916949,0.267244452477054,0.797632523293789,-0.00054970269626931,missense|LC,2189441393,2,189441393,
PDP2,ENSG00000172840,0.437893562634847,0.764394883663027,0.27128766592311,-0.000153880279486019,missense|LC,16066884219,16,66884219,
MDGA2,ENSG00000139915,0.437916058595317,0.7585718518466,0.260332770032797,0.000278555739058012,missense|LC,14046841901,14,46841901,
WBP4,ENSG00000120688,0.437935531920088,0.277438421446772,0.601555463897265,0.000804939523889458,missense|LC,13041061543,13,41061543,
MARF1,ENSG00000166783,0.437957253045772,0.272770238248345,0.53669376872166,0.000303653411471047,missense|LC,16015596595,16,15596595,
ZNF234,ENSG00000263002,0.437967157490084,0.274790238009563,0.675325156323718,-0.000320241428494636,missense|LC,19044144542,19,44144542,
PROKR2,ENSG00000101292,0.438033679714421,0.270242433132066,0.494533848475152,-0.000465885697782171,missense|LC,20005302041,20,5302041,
KTN1,ENSG00000126777,0.438307766249515,0.6074730473016,0.263191488440858,-0.000160703336857547,missense|LC,14055612013,14,55612013,
DYDC1,ENSG00000170788,0.438326092920516,0.498803962149194,0.335141290145183,0.000391569478025806,missense|LC,10080336140,10,80336140,
FBN2,ENSG00000138829,0.438398954290244,0.268504591731988,0.338707369557066,0.000230459867610199,missense|LC,5128259368,5,128259368,
SLC5A3,ENSG00000198743,0.438498128208636,0.302703017258557,0.783265201528407,0.000498513642198252,missense|LC,21034073625,21,34073625,
RNF5,ENSG00000204308,0.438509766783202,0.417173188546669,0.263313803932377,-0.00145263065307456,missense|LC,6032175746,6,32175746,
APOBEC3H,ENSG00000100298,0.438606408205621,0.270862823554208,0.595472914250655,-0.00108587358542439,missense|LC,22039100172,22,39100172,
PTK7,ENSG00000112655,0.438635082793009,0.409355742358973,0.275870480632602,-0.000324681592501924,missense|LC,6043071816,6,43071816,
PPP1CC,ENSG00000186298,0.438691194170673,0.268401262106594,0.435015409711081,-0.00186729133650759,missense|LC,12110720064,12,110720064,
HBA1,ENSG00000206172,0.438745767179558,0.316487249686366,0.264252395628198,-0.002977981961399,missense|LC,16000173239,16,173239,
MTRR,ENSG00000124275,0.438896786515266,0.492383752638005,0.272657286520637,-0.000223616477075679,missense|LC,5007865858,5,7865858,
OTULIN,ENSG00000154124,0.439001746443271,0.587066952326943,0.284245734235636,0.00024748762516631,missense|LC,5014664689,5,14664689,
TAB2,ENSG00000055208,0.439053678788296,0.411467318425834,0.258949397508865,0.000674727158501472,missense|LC,6149369946,6,149369946,
YPEL3,ENSG00000090238,0.43906527378887,0.321081877288401,0.412446794515717,-0.00117975503937904,missense|LC,16030088445,16,30088445,
EDNRA,ENSG00000151617,0.439079560120897,0.258768475439406,0.437591395830359,0.00178650259512129,missense|LC,4147485603,4,147485603,
CALB2,ENSG00000172137,0.439220348162662,0.276117439994923,0.840726369354205,0.000803913528037931,missense|LC,16071358734,16,71358734,
CCDC69,ENSG00000198624,0.439249682942965,0.273556625473552,0.56995198835321,-0.000661515664864058,missense|LC,5151183348,5,151183348,
ACO2,ENSG00000100412,0.439255331624771,0.498667758499291,0.287221791649052,0.000327240146129014,missense|LC,22041467376,22,41467376,
SLC2A2,ENSG00000163581,0.439329796538067,0.376490139342587,0.308504576061297,-0.000624963382503196,missense|LC,3170997852,3,170997852,
FERD3L,ENSG00000146618,0.439330893991985,0.334252367484286,0.264262180574763,0.00109971988970701,missense|LC,7019144696,7,19144696,
CENPX,ENSG00000169689,0.43934840407903,0.306183522758066,0.318350805082501,0.000485387572978027,missense|LC,17082014970,17,82014970,
PRDM9,ENSG00000164256,0.439457536874811,0.75531909671511,0.279008997509651,0.0000954833984779941,missense|LC,5023508931,5,23508931,
CCL17,ENSG00000102970,0.439460349256936,0.272259133724216,0.907021221055182,-0.00148338041346875,missense|LC,16057413861,16,57413861,
ACSS3,ENSG00000111058,0.439464511862999,0.290141443536357,0.745236620895965,0.000541775024025999,missense|LC,12081078014,12,81078014,
SLC22A14,ENSG00000144671,0.439465037865237,0.729453478236583,0.27517104941281,0.000125452324243761,missense|LC,3038305942,3,38305942,
CELA3A,ENSG00000142789,0.439578273864982,0.656217364944629,0.268763350655662,-0.000244483448972259,missense|LC,1022001580,1,22001580,
SP1,ENSG00000185591,0.439584900529033,0.261806129610117,0.613938894096532,-0.000691198657404858,missense|LC,12053380252,12,53380252,
ITGA8,ENSG00000077943,0.439677783570736,0.489774207197457,0.26346709869,-0.000265799175130143,missense|LC,10015517139,10,15517139,
THAP5,ENSG00000177683,0.439692873772125,0.262988218176504,0.940427301763522,-0.00101165377976513,missense|LC,7108564141,7,108564141,
TNFRSF18,ENSG00000186891,0.439726246077437,0.285417560340493,0.597711715541692,0.000357380963448478,missense|LC,1001203461,1,1203461,
MSX2,ENSG00000120149,0.439788320175496,0.279841595009728,0.261340569169794,0.00129092686710156,missense|LC,5174724537,5,174724537,
UNC119,ENSG00000109103,0.439816207290381,0.269378367575852,0.348010036983138,-0.000845349309368095,missense|LC,17028547196,17,28547196,
FBXL8,ENSG00000135722,0.439842939824281,0.272899852183784,0.741737005042668,-0.000688460068352697,missense|LC,16067154965,16,67154965,
LRRC43,ENSG00000158113,0.439885872139799,0.274631471065895,0.545494570996952,-0.000324794298496103,missense|LC,12122182987,12,122182987,
GPR6,ENSG00000146360,0.440066099275452,0.951462329071343,0.29701444456711,0.0000326555675959917,missense|LC,6109978660,6,109978660,
SDHD,ENSG00000204370,0.44013183046349,0.322489790636387,0.54589186116052,-0.000387523226644902,missense|LC,11112081924,11,112081924,
KLHL30,ENSG00000168427,0.440157915714499,0.456699746496937,0.267435068316847,0.000270104725744312,missense|LC,2238140655,2,238140655,
ZNF518B,ENSG00000178163,0.44017745104979,0.505267288238031,0.262367137574023,-0.00024293527057556,missense|LC,4010443038,4,10443038,
RPL17-C18orf32,ENSG00000215472,0.440190060805321,0.272494959520143,0.595200505335321,0.00127034245246971,missense|LC,18049482319,18,49482319,
FJX1,ENSG00000179431,0.440264571139818,0.514322415006114,0.286380737925095,0.0003624843411295,missense|LC,11035618515,11,35618515,
TMUB2,ENSG00000168591,0.440277831385957,0.545323309458857,0.295268394232893,0.000374116932105565,missense|LC,17044188856,17,44188856,
CALCOCO2,ENSG00000136436,0.440289524163858,0.335351331456124,0.299986344088993,0.000540599878698895,missense|LC,17048841648,17,48841648,
MICAL1,ENSG00000135596,0.440380517530935,0.797774571641916,0.276815842505195,-0.0000834769437370896,missense|LC,6109440354,6,109440354,
CDC34,ENSG00000099804,0.440406433883983,0.27272857268416,0.349198116017685,0.00130410804535714,missense|LC,19000531869,19,531869,
TMEM243,ENSG00000135185,0.440491733547946,0.346105262442316,0.320956815793034,-0.000610522214781589,missense|LC,7087193112,7,87193112,
ZNF808,ENSG00000198482,0.440546308991825,0.271131328805009,0.828360367790157,-0.000334068686034455,missense|LC,19052543177,19,52543177,
DBX2,ENSG00000185610,0.440620755204008,0.518805363983601,0.293062636087733,0.000245373246219572,missense|LC,12045016187,12,45016187,
FASN,ENSG00000169710,0.440746469032197,0.590752766042517,0.265495018546966,-0.000101093035631334,missense|LC,17082079047,17,82079047,
DEPDC1B,ENSG00000035499,0.440780607481751,0.272077042064267,0.31906973592125,-0.000682165387540941,missense|LC,5060597670,5,60597670,
LGALS7B,ENSG00000178934,0.44079150172228,0.310714626062182,0.418494721248623,0.0010057028751401,missense|LC,19038790612,19,38790612,
RCC1L,ENSG00000274523,0.440902562041547,0.2694233632695,0.298749710033467,0.000845634863925199,missense|LC,7075042101,7,75042101,
GCNT4,ENSG00000176928,0.440910163305203,0.29720227755026,0.382811102843211,-0.000600365882147573,missense|LC,5075028607,5,75028607,
UTP3,ENSG00000132467,0.440946533264494,0.279312752905699,0.449533012856224,-0.000501165093642776,missense|LC,4070688582,4,70688582,
MS4A4A,ENSG00000110079,0.441059209971572,0.32251804169077,0.275721608106164,0.000857353931137215,missense|LC,11060280594,11,60280594,
CTXN3,ENSG00000205279,0.441093907783115,0.862018475430255,0.278774355418668,-0.000283506051221415,missense|LC,5127657426,5,127657426,
SEC22A,ENSG00000121542,0.441116157480384,0.274801187203937,0.293217684561403,0.00112383535129472,missense|LC,3123209152,3,123209152,
DHH,ENSG00000139549,0.441188604480149,0.811477455142617,0.263701343673037,0.00028398591875392,missense|LC,12049089729,12,49089729,
MEST,ENSG00000106484,0.441242373211271,0.263122172662549,0.506268485485328,0.00158664250877717,missense|LC,7130492214,7,130492214,
IZUMO2,ENSG00000161652,0.441306231472149,0.304535235137063,0.318423794072405,0.000536281775874247,missense|LC,19050152559,19,50152559,
EPB41L5,ENSG00000115109,0.441331092846416,0.282418764783112,0.302575465293853,0.000370307783163671,missense|LC,2120019015,2,120019015,
PDS5B,ENSG00000083642,0.44135794841558,0.262955700605384,0.569761104504868,-0.00067079066164918,missense|LC,13032648798,13,32648798,
PDE12,ENSG00000174840,0.441382385143279,0.467346758161011,0.278749813024616,-0.00043910374758843,missense|LC,3057556282,3,57556282,
POTEI,ENSG00000196834,0.441619400575888,0.2786830258289,0.961002943721426,0.000270387981235769,missense|LC,2130463036,2,130463036,
IRF2,ENSG00000168310,0.441685349476336,0.284657953345256,0.472716025634828,0.00100867526252162,missense|LC,4184388676,4,184388676,
PGGHG,ENSG00000142102,0.441716239440205,0.372735991991522,0.275392221060819,-0.000248136143511333,missense|LC,11000284164,11,284164,
H4C7,ENSG00000275663,0.441735193637787,0.807525610891232,0.269579183984912,-0.000468307155876978,missense|LC,6026246590,6,26246590,
TNFRSF9,ENSG00000049249,0.4418729605675,0.291636491440914,0.562493432305876,0.000651604042131126,missense|LC,1007920794,1,7920794,
RTL8A,ENSG00000203950,0.441906208521483,0.321612116228602,0.55827078485063,-0.000752864726026968,missense|LC,23135051239,X,135051239,
NHLRC1,ENSG00000187566,0.441920681513039,0.296765831288871,0.449121355008151,0.000702494852521539,missense|LC,6018121382,6,18121382,
SLC7A10,ENSG00000130876,0.441972175814945,0.2640187376459,0.924395218652499,-0.00065210595546455,missense|LC,19033204600,19,33204600,
ARHGEF39,ENSG00000137135,0.441984957812989,0.797835003016163,0.268362087680564,0.000149838568053722,missense|LC,9035658290,9,35658290,
DLX4,ENSG00000108813,0.442064124368679,0.465172514388297,0.304631402489516,0.000372552579392778,missense|LC,17049969362,17,49969362,
C8orf37,ENSG00000156172,0.442070001862763,0.50049171486893,0.263107699717742,-0.000918774945492786,missense|LC,8095247527,8,95247527,
C1orf61,ENSG00000125462,0.442080441504084,0.274898810491254,0.485988997191746,0.00128873696208839,missense|LC,1156404464,1,156404464,
HPD,ENSG00000158104,0.442090536263102,0.666029849144401,0.288772797391943,-0.000172220526124428,missense|LC,12121839699,12,121839699,
TRAPPC2,ENSG00000196459,0.442142946432484,0.281853256389212,0.721831831089852,-0.00276965760916159,missense|LC,23013709358,X,13709358,
IQCF6,ENSG00000214686,0.442183608476333,0.374102346133417,0.272460659895373,0.00104893152468173,missense|LC,3051778504,3,51778504,
C10orf120,ENSG00000183559,0.442190383337998,0.516408121385047,0.274479682735871,-0.000431357401882572,missense|LC,10122697662,10,122697662,
STOX1,ENSG00000165730,0.442239857708185,0.283171455877164,0.804711906251207,-0.000365956199202835,missense|LC,10068827538,10,68827538,
ADGRG3,ENSG00000182885,0.44235370735846,0.268966965592917,0.537413804969572,-0.000516427675953154,missense|LC,16057663299,16,57663299,
VSIR,ENSG00000107738,0.442363301049241,0.638958120256054,0.295552326708647,0.000235336524847989,missense|LC,10071751151,10,71751151,
CDC37,ENSG00000105401,0.442370834536515,0.702283439652219,0.273553046288358,-0.00033338420546296,missense|LC,19010391456,19,10391456,
RAP2B,ENSG00000181467,0.442481640834013,0.26372584535267,0.55675222691513,0.00334430568553451,missense|LC,3153162586,3,153162586,
HOXC5,ENSG00000172789,0.442519352745218,0.27112995800741,0.856517147494207,0.00103782889573627,missense|LC,12054033066,12,54033066,
FUNDC2,ENSG00000165775,0.442624816448849,0.817492109281402,0.279532739143181,-0.000253580796483306,missense|LC,23155022354,X,155022354,
ZNF511-PRAP1,ENSG00000283496,0.442687992890118,0.270227753946572,0.43516144734056,-0.000766527806581763,missense|LC,10133308841,10,133308841,
ANGPT2,ENSG00000091879,0.442865615951581,0.289804747793961,0.347963332078067,-0.000555848873056237,missense|LC,8006499788,8,6499788,
C12orf71,ENSG00000214700,0.442894672534051,0.270073013127978,0.298979502990194,0.00108111494011366,missense|LC,12027081120,12,27081120,
INTS6,ENSG00000102786,0.442938529028207,0.508902043356234,0.292762881516424,-0.000416321978060595,missense|LC,13051361249,13,51361249,
ZNF366,ENSG00000178175,0.442972176785927,0.485446660441381,0.279001720001424,0.000228882135998889,missense|LC,5072443665,5,72443665,
RLN3,ENSG00000171136,0.442996681839897,0.382989069768312,0.320839949420516,0.000519328697513125,missense|LC,19014028150,19,14028150,
C1orf56,ENSG00000143443,0.443001131655586,0.590848384780042,0.272196014521567,-0.000553229863307849,missense|LC,1151042898,1,151042898,
ZNF160,ENSG00000170949,0.44302327128196,0.639925208431281,0.278865041644499,0.000183611566175308,missense|LC,19053067950,19,53067950,
HINT1,ENSG00000169567,0.443058357439546,0.825339293966303,0.270955456658045,-0.000372466305489275,missense|LC,5131159384,5,131159384,
LRRC3B,ENSG00000179796,0.44306977826522,0.269514274627374,0.592646563104078,0.00193431413994051,missense|LC,3026709596,3,26709596,
EXOSC2,ENSG00000130713,0.443247153842094,0.437249652756172,0.271549477265547,-0.000686502639068788,missense|LC,9130693671,9,130693671,
AKR7L,ENSG00000211454,0.443254442279364,0.428371823151311,0.322369425506129,-0.000246575554009454,missense|LC,1019262130,1,19262130,
OSCAR,ENSG00000170909,0.443318001905996,0.306148210048753,0.330404992406893,0.000464270280336745,missense|LC,19054095061,19,54095061,
ARNT2,ENSG00000172379,0.443351051348069,0.28176688326466,0.76135623374183,-0.000472088617069094,missense|LC,15080404431,15,80404431,
KRT5,ENSG00000186081,0.443368388567502,0.542252515339054,0.260032774795211,0.000362217227422291,missense|LC,12052514885,12,52514885,
AGL,ENSG00000162688,0.443469390161609,0.858611448808984,0.267708779896726,-0.0000484433473137572,missense|LC,1099850997,1,99850997,
PTPRN,ENSG00000054356,0.443494738735458,0.567262566746799,0.260887825489847,0.000278647698928698,missense|LC,2219284623,2,219284623,
PPARGC1A,ENSG00000109819,0.443496443215231,0.846107527746653,0.267884943576262,0.00009736828614928,missense|LC,4023795777,4,23795777,
RERGL,ENSG00000111404,0.443647211235771,0.610118799384195,0.26901411571294,-0.000511291191397996,missense|LC,12018081114,12,18081114,
C1orf210,ENSG00000253313,0.4437179195741,0.283631988237525,0.442487306650214,0.00144339625972557,missense|LC,1043282710,1,43282710,
PRG3,ENSG00000156575,0.443751673772289,0.773409116829273,0.282043045319475,-0.000222012808270607,missense|LC,11057376771,11,57376771,
TIMP3,ENSG00000100234,0.44379106824348,0.290291204859272,0.271185708132931,0.00220001474510717,missense|LC,22032801859,22,32801859,
SAP25,ENSG00000205307,0.443854873044833,0.349082445803099,0.263042587225189,0.000878154498301899,missense|LC,7100572206,7,100572206,
WDR89,ENSG00000140006,0.443980077596275,0.372081469084491,0.272037000216908,0.000766128211957337,missense|LC,14063594501,14,63594501,
AOPEP,ENSG00000148120,0.443987768725264,0.808965310033036,0.262125533331614,0.00012740104259657,missense|LC,9094759738,9,94759738,
CSPG5,ENSG00000114646,0.444137182082337,0.269057682408868,0.337873896877765,0.000837639060586628,missense|LC,3047562532,3,47562532,
B3GNT3,ENSG00000179913,0.444153407487292,0.288934111262676,0.588816872873992,0.00046462835708076,missense|LC,19017807727,19,17807727,
EYS,ENSG00000188107,0.444179992383083,0.356481921866248,0.288703150880016,0.00036928454812438,missense|LC,6063720541,6,63720541,
DAPK1,ENSG00000196730,0.44418709758086,0.272101630658062,0.755485797785681,-0.000379816727333118,missense|LC,9087499019,9,87499019,
GTF3C1,ENSG00000077235,0.444257011696383,0.271814069279633,0.315111883160301,0.000364433361227995,missense|LC,16027461318,16,27461318,
DLC1,ENSG00000164741,0.444267340236548,0.268402036989081,0.326069698186378,0.000291241362697028,missense|LC,8013085671,8,13085671,
MMP17,ENSG00000198598,0.444296685503854,0.277217743297088,0.486955644889453,0.000277796215076398,missense|LC,12131828416,12,131828416,
CHTF18,ENSG00000127586,0.444344386728842,0.267929878537913,0.538176888427772,0.000241671436824472,missense|LC,16000785864,16,785864,
KRTAP5-5,ENSG00000185940,0.444355421165942,0.358773274431848,0.294249352220966,0.000337947893406796,missense|LC,11001629644,11,1629644,
CLEC18A,ENSG00000157322,0.444460171765521,0.315073934801899,0.276323178028838,-0.000822562208607369,missense|LC,16069951160,16,69951160,
MTA3,ENSG00000057935,0.444661464220423,0.284282632073935,0.410331651188212,-0.00055361626953444,missense|LC,2042568659,2,42568659,
LRRIQ4,ENSG00000188306,0.444685406744259,0.281238263940149,0.466132671454173,0.00070767247749611,missense|LC,3169821923,3,169821923,
FAM20B,ENSG00000116199,0.444693785206221,0.97046416759285,0.263433385864284,0.0000301028271315403,missense|LC,1179043764,1,179043764,
BOD1,ENSG00000145919,0.444730143044047,0.405188101454533,0.316903286674596,-0.000584921844525333,missense|LC,5173608201,5,173608201,
PPARGC1B,ENSG00000155846,0.444748626627828,0.267930940397752,0.546100100984364,0.000375119679933068,missense|LC,5149730267,5,149730267,
IL17D,ENSG00000172458,0.444782179531331,0.28446999720083,0.664075354509535,0.000733994224440729,missense|LC,13020703348,13,20703348,
GH1,ENSG00000259384,0.444978551176612,0.291376356965959,0.338468899902463,-0.000438314612833617,missense|LC,17063917158,17,63917158,
SNRNP25,ENSG00000161981,0.445079363962864,0.587433375743279,0.284678931159059,-0.000607014225989698,missense|LC,16000051507,16,51507,
SSB,ENSG00000138385,0.445211299533421,0.297391250829361,0.315054406466102,0.00056283777185362,missense|LC,2169800908,2,169800908,
FANCF,ENSG00000183161,0.445310671890193,0.300406097775361,0.517764775968115,-0.000345174975421171,missense|LC,11022624627,11,22624627,
CD300LG,ENSG00000161649,0.445331894394936,0.639661082156525,0.276996186593624,-0.000343885272095935,missense|LC,17043847108,17,43847108,
ZNF493,ENSG00000196268,0.44537201171244,0.272349154745817,0.472748198180563,-0.00036040007707991,missense|LC,19021397143,19,21397143,
ZNF705B,ENSG00000215356,0.445402254123395,0.302314749252102,0.487429406153995,0.00574629887224803,missense|LC,8007934316,8,7934316,
GAS2L3,ENSG00000139354,0.44542131253853,0.287255578143724,0.657146714393217,0.00031845073505201,missense|LC,12100580049,12,100580049,
ZNF285,ENSG00000267508,0.445427189178366,0.346732848335783,0.272550775837943,-0.000293729026993018,missense|LC,19044386374,19,44386374,
RBM42,ENSG00000126254,0.445493403945453,0.943284323601776,0.275906752978889,0.0000387429589355384,missense|LC,19035629017,19,35629017,
PTPRZ1,ENSG00000106278,0.445494585359032,0.75041173273483,0.290510773438912,0.000231734614477724,missense|LC,7121873417,7,121873417,
GAS2L1,ENSG00000185340,0.445542714920296,0.291806129191307,0.354953560237553,0.000399832206036186,missense|LC,22029308030,22,29308030,
BTBD1,ENSG00000064726,0.445598215913389,0.583660210022871,0.283317849490108,0.000438033713560238,missense|LC,15083011423,15,83011423,
ID2,ENSG00000115738,0.445632747570472,0.351243683509388,0.285129315726121,0.00143557622135871,missense|LC,2008682113,2,8682113,
NMUR2,ENSG00000132911,0.445652651540382,0.395675994356314,0.283028339807297,-0.000431568910229991,missense|LC,5152392135,5,152392135,
ZNF652,ENSG00000198740,0.445779488900671,0.281388645442044,0.437179860080213,-0.000741948213971654,missense|LC,17049298303,17,49298303,
SLC44A5,ENSG00000137968,0.44594227473238,0.303076012647915,0.38705529104781,0.000503861940687981,missense|LC,1075206589,1,75206589,
ZNF865,ENSG00000261221,0.445951011825388,0.568954961925417,0.267660942074437,0.000242577020117129,missense|LC,19055602038,19,55602038,
MAGEA8,ENSG00000156009,0.446019823040684,0.610984560056242,0.278751191495163,0.000238582935207648,missense|LC,23149884237,X,149884237,
VPS51,ENSG00000149823,0.446096560582321,0.279498930184751,0.429100140577092,0.000436891411563597,missense|LC,11065096187,11,65096187,
ZNF429,ENSG00000197013,0.44611840548315,0.6393697281395,0.284336131759023,-0.000191283664353902,missense|LC,19021505677,19,21505677,
NPM2,ENSG00000158806,0.446122380937338,0.718441252127147,0.274714190815842,0.000260371099625009,missense|LC,8022025151,8,22025151,
CROCC,ENSG00000058453,0.446228483889704,0.334746657461119,0.265379061216517,-0.000149552570518293,missense|LC,1016921942,1,16921942,
EYA1,ENSG00000104313,0.446315624556036,0.4805233445929,0.273460343829976,0.000448264756458235,missense|LC,8071199298,8,71199298,
PRMT3,ENSG00000185238,0.446346062657618,0.265792346008148,0.35314747644175,-0.000642816591411558,missense|LC,11020382927,11,20382927,
DTWD2,ENSG00000169570,0.446362839091542,0.283208031034763,0.490009718460118,0.000543710112746648,missense|LC,5118840819,5,118840819,
NMT2,ENSG00000152465,0.446449421156668,0.805526842557718,0.290866329820929,0.000130909537279947,missense|LC,10015103244,10,15103244,
COBLL1,ENSG00000082438,0.446461359668889,0.27349865275549,0.409385420417908,-0.000369461417586316,missense|LC,2164685923,2,164685923,
MCRIP2,ENSG00000172366,0.446464709857618,0.484315454112714,0.276424847875453,-0.00051074473914372,missense|LC,16000641889,16,641889,
RAD54L2,ENSG00000164080,0.446497050805681,0.403695462856084,0.273238931063295,0.000309944563999945,missense|LC,3051590302,3,51590302,
SLC22A9,ENSG00000149742,0.446517253411133,0.334703914839063,0.285579920563764,0.000381159541608166,missense|LC,11063369976,11,63369976,
SESN1,ENSG00000080546,0.446575697253635,0.287872187216331,0.775273796848987,-0.000850817178795169,missense|LC,6108987539,6,108987539,
TBCE,ENSG00000285053,0.446783149285126,0.296197598665169,0.779281023064317,0.00311097082821822,missense|LC,1235326811,1,235326811,
OR7D2,ENSG00000188000,0.446853237145296,0.340757093784316,0.270929561171023,0.000790117106632815,missense|LC,19009185764,19,9185764,
ZSWIM1,ENSG00000168612,0.446920932811057,0.394457988667874,0.329551094961109,-0.000227222257367143,missense|LC,20045876605,20,45876605,
RABGEF1,ENSG00000154710,0.446978572704558,0.460493519373552,0.264815587725928,0.000687190286110577,missense|LC,7066755995,7,66755995,
C11orf96,ENSG00000187479,0.446988617362536,0.279177608039537,0.550372441764448,0.00236065412644308,missense|LC,11043942811,11,43942811,
CETN2,ENSG00000147400,0.447060070458901,0.291801871188967,0.464061130047922,0.00124877188908175,missense|LC,23152827809,X,152827809,
PRAMEF8,ENSG00000182330,0.447086198966731,0.529600699617541,0.288613716298837,-0.000268261572318861,missense|LC,1013281573,1,13281573,
PLXNA1,ENSG00000114554,0.44718021062955,0.286330855020471,0.68720870341,-0.000548431215032529,missense|LC,3126988594,3,126988594,
KIF4A,ENSG00000090889,0.447184494667721,0.596913490336465,0.266241006948721,-0.000274923725409467,missense|LC,23070287046,X,70287046,
APOC4,ENSG00000267467,0.447188108560492,0.300845620087413,0.618303961243944,0.000708839367205744,missense|LC,19044942191,19,44942191,
ZNF585B,ENSG00000245680,0.447243068224399,0.294358015524471,0.472431695538015,-0.000342941988832681,missense|LC,19037185102,19,37185102,
SYMPK,ENSG00000125755,0.447263708894129,0.985495026521055,0.280166321847459,0.00000160402290816592,missense|LC,19045810544,19,45810544,
SYPL2,ENSG00000143028,0.447297379843042,0.791746077456156,0.293056880547272,-0.000129478058525838,missense|LC,1109466731,1,109466731,
STKLD1,ENSG00000198870,0.447337597589244,0.264990026322676,0.810253350613597,-0.000714644690552237,missense|LC,9133372516,9,133372516,
SSTR1,ENSG00000139874,0.447354665293043,0.410711120905903,0.265692220971727,0.000855340812039799,missense|LC,14038209259,14,38209259,
CCL23,ENSG00000274736,0.44739650654911,0.414635965045879,0.300897972838241,-0.000879972529006787,missense|LC,17036013177,17,36013177,
ECM1,ENSG00000143369,0.44753617311324,0.666161246136763,0.299366546593862,0.000186673575142789,missense|LC,1150504259,1,150504259,
KLKB1,ENSG00000164344,0.447576015621379,0.838482448071272,0.280013267595959,0.0000791997548255802,missense|LC,4186228186,4,186228186,
SLC6A8,ENSG00000130821,0.447623604893939,0.921460343134043,0.269510559693647,-0.0000653057565025477,missense|LC,23153688552,X,153688552,
TAZ,ENSG00000102125,0.447714730357952,0.269203190686902,0.700534954057533,0.00161825412555913,missense|LC,23154411796,X,154411796,
BBS10,ENSG00000179941,0.447760025084683,0.371056474820624,0.284052002741665,0.000353988244164344,missense|LC,12076345748,12,76345748,
CAPN13,ENSG00000162949,0.447806668895386,0.353561885916856,0.288122805193788,0.000295364368209528,missense|LC,2030731273,2,30731273,
FGF7,ENSG00000140285,0.447904565426349,0.266653256300805,0.439390676444609,-0.00285734641652122,missense|LC,15049422454,15,49422454,
HMGN3,ENSG00000118418,0.447911063982813,0.276395984204156,0.738694061253172,-0.00164047279708354,missense|LC,6079201659,6,79201659,
NSUN5,ENSG00000130305,0.447911353574821,0.907657066490354,0.278305063448655,0.0000436426563697432,missense|LC,7073298237,7,73298237,
CNTNAP5,ENSG00000155052,0.447912890005148,0.276368321996717,0.541467473871671,-0.000362020060146089,missense|LC,2124025592,2,124025592,
SLC25A34,ENSG00000162461,0.447968126898294,0.287288744265468,0.38498229362022,0.000606944265730377,missense|LC,1015731261,1,15731261,
TNKS2,ENSG00000107854,0.447999002500318,0.281563049407831,0.287518728380232,0.000544809359751399,missense|LC,10091798550,10,91798550,
DNAH1,ENSG00000114841,0.448177616362198,0.759956983001097,0.280288049519551,0.0000300735255535581,missense|LC,3052322366,3,52322366,
HOXB3,ENSG00000120093,0.448183853443916,0.556036200641717,0.277984840467864,0.000338951835408347,missense|LC,17048543874,17,48543874,
VPS37C,ENSG00000167987,0.448234861671737,0.92261857860863,0.280450086338497,0.0000496940670907825,missense|LC,11061125706,11,61125706,
SLC30A5,ENSG00000145740,0.448282232834566,0.275620379258067,0.642669884135765,0.000614490814699505,missense|LC,5069094218,5,69094218,
CHD2,ENSG00000173575,0.448334264414779,0.292027403055719,0.293852872798011,0.000559034290431864,missense|LC,15092901213,15,92901213,
TRGC1,ENSG00000211689,0.448343878895752,0.449527510068919,0.27161677749694,-0.000874152224994853,missense|LC,7038260057,7,38260057,
EVC2,ENSG00000173040,0.448498176854661,0.774644524729169,0.273626158994879,-0.0000662985290154165,missense|LC,4005562369,4,5562369,
POLD3,ENSG00000077514,0.448513587094932,0.289838007057982,0.537846709417436,-0.000526108704579758,missense|LC,11074592551,11,74592551,
ZNF804B,ENSG00000182348,0.448513631569036,0.285688076906001,0.651903666235187,0.00378881950453455,missense|LC,7088759911,7,88759911,
QRFP,ENSG00000188710,0.44853879314163,0.293379539358521,0.539821993054788,0.000605931859770567,missense|LC,9130893341,9,130893341,
SULT1A1,ENSG00000196502,0.448591712986852,0.284374170234923,0.451432636792387,-0.000403464617183113,missense|LC,16028605672,16,28605672,
PPP3CB,ENSG00000107758,0.448616128076998,0.266491419065176,0.985421484261476,-0.0019372605734603,missense|LC,10073438164,10,73438164,
EDEM2,ENSG00000088298,0.448630718874877,0.866255848270326,0.282747295015673,-0.0000833273733576757,missense|LC,20035115335,20,35115335,
CALHM2,ENSG00000138172,0.448823745873058,0.515899605475974,0.311677028112143,-0.00033270625188365,missense|LC,10103441786,10,103441786,
GNE,ENSG00000159921,0.448863597091133,0.279619464453736,0.689030337596162,-0.000707713002279037,missense|LC,9036210484,9,36210484,
PDXK,ENSG00000160209,0.448904878417528,0.303936858371146,0.480472888276476,0.000652316960667363,missense|LC,21043719252,21,43719252,
PER3,ENSG00000049246,0.448913536292562,0.327551559820237,0.282557135629786,0.000209661184990772,missense|LC,1007779506,1,7779506,
TUT7,ENSG00000083223,0.448930060777897,0.45400302225736,0.275385643961524,0.000284772018890302,missense|LC,9086288630,9,86288630,
RRP12,ENSG00000052749,0.448944091804047,0.602956566321864,0.26771485507227,-0.000169498845852381,missense|LC,10097357066,10,97357066,
HIBCH,ENSG00000198130,0.448957221857427,0.980688192884738,0.307816798330901,0.00000479769135837643,missense|LC,2190199648,2,190199648,
GJB5,ENSG00000189280,0.449050241528118,0.282494291560611,0.655529501286806,0.000698203228691027,missense|LC,1034757310,1,34757310,
RAB3B,ENSG00000169213,0.449074866081909,0.264916926360762,0.555238974274962,0.00129057516263061,missense|LC,1051919844,1,51919844,
AC019117.3,ENSG00000283321,0.449208364025206,0.347363036936213,0.279285326760283,0.000372582107014086,missense|LC,7017299165,7,17299165,
EFHC2,ENSG00000183690,0.449250631615577,0.290708010546801,0.803617239351197,0.00031405794415995,missense|LC,23044148765,X,44148765,
OR6C6,ENSG00000188324,0.449260587260293,0.366272307082716,0.279555741201056,0.000553708773363509,missense|LC,12055294262,12,55294262,
ATXN3L,ENSG00000123594,0.449293937486972,0.280880953635724,0.903813261627497,0.000577182009219852,missense|LC,23013318834,X,13318834,
ACSM4,ENSG00000215009,0.449517333027612,0.76567951197891,0.278122913839157,-0.000153548900616206,missense|LC,12007304247,12,7304247,
ZNF675,ENSG00000197372,0.449543851931739,0.969894347316897,0.288011769956419,-0.000018011850386495,missense|LC,19023653152,19,23653152,
GPATCH2L,ENSG00000089916,0.449626222214368,0.432609844257772,0.300332974905192,-0.000478380348403872,missense|LC,14076154296,14,76154296,
STXBP4,ENSG00000166263,0.449650309932592,0.420808952281408,0.277986765622758,0.0009509126293806,missense|LC,17054964639,17,54964639,
AFMID,ENSG00000183077,0.44969228109641,0.285007302975917,0.301530179826297,0.000502214273143791,missense|LC,17078182533,17,78182533,
ENY2,ENSG00000120533,0.449812633719878,0.949437202393934,0.2802522595724,-0.000217299954557321,missense|LC,8109329741,8,109329741,
HENMT1,ENSG00000162639,0.449850564437474,0.283009009790679,0.71941114974377,0.000719379669302784,missense|LC,1108648497,1,108648497,
RABL6,ENSG00000196642,0.44987731201,0.632348760693139,0.277312051886771,0.000117471453876904,missense|LC,9136804378,9,136804378,
ZNF550,ENSG00000251369,0.449903738738981,0.303075860637251,0.419921328849072,-0.000465841407221266,missense|LC,19057537099,19,57537099,
NDN,ENSG00000182636,0.449912297287442,0.270712212136185,0.633851712149299,-0.00112080958367662,missense|LC,15023686132,15,23686132,
MB,ENSG00000198125,0.44991889100066,0.283095626748557,0.325370148552241,-0.00156392546829311,missense|LC,22035607187,22,35607187,
ZNF605,ENSG00000196458,0.449967593300006,0.802449543829158,0.273982711136776,0.000163873370611262,missense|LC,12132925319,12,132925319,
TMEM127,ENSG00000135956,0.449968384080854,0.338959589489597,0.272615453816692,-0.000976236557293818,missense|LC,2096253710,2,96253710,
INVS,ENSG00000119509,0.449991275423316,0.775081900543516,0.288094814528806,0.0000831650436964694,missense|LC,9100098728,9,100098728,
SHMT2,ENSG00000182199,0.450005404331185,0.697595411133441,0.265026979670098,-0.000337447560283319,missense|LC,12057224912,12,57224912,
PDIA4,ENSG00000155660,0.450151565386581,0.284892475212469,0.718193723250473,0.000325577621721746,missense|LC,7149003727,7,149003727,
SLC25A14,ENSG00000102078,0.450226273865025,0.273317241363022,0.75235350353363,0.00231908293713518,missense|LC,23130338726,X,130338726,
ZNF830,ENSG00000198783,0.450327280477596,0.648973588661184,0.28411963389198,0.000276435656747664,missense|LC,17034958514,17,34958514,
AKR1C4,ENSG00000198610,0.450390245927202,0.68691948271911,0.2721262359851,0.000388518742864683,missense|LC,10005196791,10,5196791,
TPGS1,ENSG00000141933,0.450393487147756,0.296085057668532,0.738994599791778,0.000410471479604848,missense|LC,19000504697,19,504697,
BABAM2,ENSG00000158019,0.450568962420024,0.394422266310327,0.372384890025961,-0.000598139505951655,missense|LC,2027890179,2,27890179,
SEC61A2,ENSG00000065665,0.450571219263584,0.274093878901203,0.302832402956207,0.00173791265617355,missense|LC,10012129702,10,12129702,
LMTK2,ENSG00000164715,0.450583065290541,0.270321491998203,0.52444897672872,-0.000312754981089789,missense|LC,7098107106,7,98107106,
PUF60,ENSG00000179950,0.450648131521975,0.800680718922709,0.280262536304825,0.00025533838516461,missense|LC,8143811344,8,143811344,
CAPG,ENSG00000042493,0.450654588562099,0.689916577305335,0.295995584294569,0.000213860616997316,missense|LC,2085389753,2,85389753,
ART3,ENSG00000156219,0.450887823268008,0.273668608393765,0.613563855797104,0.00086369188043423,missense|LC,4076075837,4,76075837,
ADGRL1,ENSG00000072071,0.450898248775047,0.270461762914273,0.866972303812262,-0.000407602234010545,missense|LC,19014150767,19,14150767,
MAGED2,ENSG00000102316,0.45101378457569,0.467207049893219,0.301384301241156,0.000302610500439091,missense|LC,23054809275,X,54809275,
ERCC6L,ENSG00000186871,0.451051644141425,0.267092951967185,0.568821981321369,0.000617798540356649,missense|LC,23072204969,X,72204969,
ANKRD30A,ENSG00000148513,0.451069575965208,0.365169079296114,0.277855981231086,0.000204687318148779,missense|LC,10037125872,10,37125872,
VPS37A,ENSG00000155975,0.45132246027159,0.707147517338215,0.267607914400911,0.000341711291544216,missense|LC,8017242950,8,17242950,
NDUFA8,ENSG00000119421,0.451343396897733,0.288237438822467,0.364560925985248,0.0010232513678122,missense|LC,9122143997,9,122143997,
OR4N2,ENSG00000176294,0.451354051215142,0.337906480217366,0.287008021588145,-0.000442396930799284,missense|LC,14019827367,14,19827367,
PTN,ENSG00000105894,0.451384249959821,0.355273058591674,0.397930919598059,-0.00055554984801451,missense|LC,7137227887,7,137227887,
NPC2,ENSG00000119655,0.451478542278291,0.663651465815829,0.305791418863478,-0.000204553194431092,missense|LC,14074476464,14,74476464,
C1QTNF9,ENSG00000240654,0.451557975566729,0.309794075588325,0.342265034477394,0.000561774435989542,missense|LC,13024302544,13,24302544,
PFN1,ENSG00000108518,0.451559472995036,0.447275269666739,0.379014476655216,-0.000412709976018626,missense|LC,17004940830,17,4940830,
ITGB1BP1,ENSG00000119185,0.451619694175624,0.286505589485401,0.306843688128633,-0.00100369835656222,missense|LC,2009399946,2,9399946,
EPCAM,ENSG00000119888,0.451728063964538,0.290680655648952,0.318346142511001,0.00044843116916434,missense|LC,2047368943,2,47368943,
PNCK,ENSG00000130822,0.451761972335842,0.414926622274931,0.339959690755897,0.000200926137448673,missense|LC,23153670350,X,153670350,
HDGFL2,ENSG00000167674,0.45180970754241,0.288058334953532,0.491531188063285,-0.000296116594927088,missense|LC,19004472280,19,4472280,
MEDAG,ENSG00000102802,0.451829463504929,0.415764063757549,0.274322254467232,0.000650763392781523,missense|LC,13030906402,13,30906402,
PARP15,ENSG00000173200,0.451939989861388,0.288503913368426,0.34580180411518,-0.000376209879497875,missense|LC,3122577569,3,122577569,
ACTL8,ENSG00000117148,0.451991101286863,0.337273624251135,0.297932236111173,-0.000445385079383941,missense|LC,1017822940,1,17822940,
HIPK4,ENSG00000160396,0.451993116476007,0.854675662623695,0.286964380376073,0.0000581520782731735,missense|LC,19040374392,19,40374392,
CRABP1,ENSG00000166426,0.452062835437566,0.27429157713591,0.351022840292261,-0.0021337537247405,missense|LC,15078340308,15,78340308,
ZFP37,ENSG00000136866,0.45223577321014,0.301334400424392,0.330791745256119,-0.0005148639955877,missense|LC,9113042706,9,113042706,
RRAS2,ENSG00000133818,0.452238967282478,0.832166024315802,0.275566610034777,0.000367515694346146,missense|LC,11014279305,11,14279305,
FYB2,ENSG00000187889,0.452291037583816,0.293001261769725,0.883909016858866,0.000323178625578494,missense|LC,1056719602,1,56719602,
RSU1,ENSG00000148484,0.45236076370064,0.961237226902893,0.298128157296846,-0.0000301153737426398,missense|LC,10016593221,10,16593221,
GET3,ENSG00000198356,0.452648997229373,0.276493375192101,0.688246476213463,0.00113358168354385,missense|LC,19012734217,19,12734217,
ASPG,ENSG00000166183,0.452662275604455,0.3378056025097,0.26616937844635,0.000553241062986197,missense|LC,14104085684,14,104085684,
TEX36,ENSG00000175018,0.452841400373014,0.281440114414783,0.463850970197848,0.000820732783565138,missense|LC,10125655599,10,125655599,
TRERF1,ENSG00000124496,0.452851237221107,0.278228830681058,0.319124970640263,0.000326348841205572,missense|LC,6042228272,6,42228272,
TBC1D23,ENSG00000036054,0.452858255652539,0.467690455359062,0.283800198668676,0.000289735826186279,missense|LC,3100260966,3,100260966,
LRRC4,ENSG00000128594,0.45289071025787,0.394552178950183,0.285044705714325,0.000544706922617523,missense|LC,7128028606,7,128028606,
ARHGEF28,ENSG00000214944,0.452891837346498,0.590429480758974,0.276584211034098,-0.000126803636462678,missense|LC,5073684784,5,73684784,
MS4A6A,ENSG00000110077,0.453076303410353,0.273962533656432,0.722189162108874,-0.0011971250567573,missense|LC,11060172095,11,60172095,
PARP3,ENSG00000041880,0.453094619169554,0.266251529454699,0.410570694170012,0.000635760609421371,missense|LC,3051937363,3,51937363,
RPL29,ENSG00000162244,0.453152370825351,0.548299811923671,0.310073988542567,0.000485780444944243,missense|LC,3051988534,3,51988534,
ABCC6,ENSG00000091262,0.453254229765473,0.273058525385747,0.62486884290734,0.000334744242833186,missense|LC,16016149998,16,16149998,
USO1,ENSG00000138768,0.453254781805517,0.299282447603253,0.277951043588781,-0.000461032780412884,missense|LC,4075724733,4,75724733,
HHAT,ENSG00000054392,0.453271870996753,0.410664070093225,0.290275634434369,0.000349185471533121,missense|LC,1210328936,1,210328936,
EIF3CL,ENSG00000205609,0.453316741548989,0.335159183322994,0.384183904011239,-0.0012361120378285,missense|LC,16028391798,16,28391798,
SH3TC1,ENSG00000125089,0.453317952079054,0.279505371538721,0.581663914658443,0.000178407308972542,missense|LC,4008205093,4,8205093,
NRSN1,ENSG00000152954,0.453487808631273,0.293006274277701,0.374092096224122,0.00146209147469419,missense|LC,6024134263,6,24134263,
BCS1L,ENSG00000074582,0.453503263782738,0.359215884436607,0.289750010967131,0.00063953621284643,missense|LC,2218656015,2,218656015,
OR6N2,ENSG00000188340,0.453520088381757,0.408570552208405,0.321410095054613,-0.000336412311845149,missense|LC,1158776660,1,158776660,
ARIH2,ENSG00000177479,0.453624935291148,0.612305821091658,0.281097755676273,-0.000515401858578515,missense|LC,3048918144,3,48918144,
SLC9A4,ENSG00000180251,0.453656695386514,0.280616131591414,0.742199728514118,-0.000460955651855221,missense|LC,2102473650,2,102473650,
CPLANE2,ENSG00000132881,0.453706834644598,0.290788711935233,0.674673330721378,0.00052803357289076,missense|LC,1016231922,1,16231922,
PMM2,ENSG00000140650,0.45384589992195,0.312352281683923,0.290837022337519,-0.000459601602603176,missense|LC,16008795849,16,8795849,
FCHO2,ENSG00000157107,0.453900798125664,0.287088398123122,0.610270177281989,-0.00250550244707025,missense|LC,5072955971,5,72955971,
CCK,ENSG00000187094,0.453930266053362,0.749737935663658,0.27959191814698,-0.000733125082464687,missense|LC,3042258020,3,42258020,
CLCNKB,ENSG00000184908,0.453960915070441,0.275752754485065,0.6078830213434,-0.000453783708020966,missense|LC,1016039562,1,16039562,
HSP90AB1,ENSG00000096384,0.454007422002951,0.886275519884205,0.268677461825237,-0.000109453603950244,missense|LC,6044248552,6,44248552,
CMTM8,ENSG00000170293,0.454396015363689,0.376767282872371,0.292316249575853,-0.000740383878758516,missense|LC,3032238870,3,32238870,
CCDC32,ENSG00000128891,0.454411035400204,0.391762847410976,0.275191862113505,-0.0015247215077904,missense|LC,15040553905,15,40553905,
PTPRCAP,ENSG00000213402,0.454527749115713,0.495567812818394,0.302580193602955,0.000260090044984694,missense|LC,11067431294,11,67431294,
ABCB8,ENSG00000197150,0.45453335960375,0.729591692362184,0.281410700618817,-0.000135401630616798,missense|LC,7151023451,7,151023451,
SNX30,ENSG00000148158,0.454548516739506,0.759107838086424,0.278465675507166,0.000261177778568503,missense|LC,9112750881,9,112750881,
CLASRP,ENSG00000104859,0.454549470829184,0.317445571003737,0.277822293115016,-0.000343156103764688,missense|LC,19045034208,19,45034208,
CCDC170,ENSG00000120262,0.454604938012319,0.282313503546234,0.315146102921781,0.000424437772458442,missense|LC,6151494037,6,151494037,
H2BC8,ENSG00000273802,0.454609688409953,0.626656804493956,0.272515742330756,-0.000819417237425867,missense|LC,6026216151,6,26216151,
YJU2,ENSG00000105248,0.454632939338343,0.317839361647627,0.442678422927539,-0.000563393950382964,missense|LC,19004247079,19,4247079,
USP37,ENSG00000135913,0.454672177981846,0.540651012864843,0.298371983383048,-0.000215893430028522,missense|LC,2218449183,2,218449183,
BACH2,ENSG00000112182,0.45469360948907,0.288336016941476,0.799058316504896,0.000435507710826104,missense|LC,6089932294,6,89932294,
NDUFS5,ENSG00000168653,0.454720752629613,0.286732288929031,0.824751327628584,-0.00157670073491396,missense|LC,1039028684,1,39028684,
PSME2,ENSG00000100911,0.454761009171139,0.276690589493961,0.893966167623439,-0.00139814474207252,missense|LC,14024138367,14,24138367,
AP1G1,ENSG00000166747,0.454769701097729,0.559168989780027,0.28471795940772,0.000434277664939396,missense|LC,16071733022,16,71733022,
PIH1D2,ENSG00000150773,0.454797337389486,0.330734718554427,0.52576412340008,-0.000481787297822243,missense|LC,11112067809,11,112067809,
HMOX2,ENSG00000103415,0.454858290031421,0.94029101926377,0.283602672498461,0.0000414899300309914,missense|LC,16004505469,16,4505469,
ZDHHC1,ENSG00000159714,0.454876200021677,0.271216146283897,0.446753696249545,-0.00078193882258578,missense|LC,16067390083,16,67390083,
UGCG,ENSG00000148154,0.455022211092221,0.589747065974777,0.324184826012937,0.000294282106629894,missense|LC,9111897139,9,111897139,
LILRA2,ENSG00000239998,0.455132352558817,0.274513423702623,0.643435159780278,0.000334934282182939,missense|LC,19054573686,19,54573686,
GOLGA1,ENSG00000136935,0.455210648442135,0.519648369652017,0.273230642966278,0.000310257564022477,missense|LC,9124873604,9,124873604,
SPG21,ENSG00000090487,0.455213400180209,0.644658834805651,0.29490747834372,-0.000343180810340578,missense|LC,15064963565,15,64963565,
NRG2,ENSG00000158458,0.455263916437022,0.28619202609803,0.318386790585779,-0.000317526941732339,missense|LC,5139842218,5,139842218,
UXT,ENSG00000126756,0.455360454646781,0.868268368450954,0.285746014336238,-0.000275212724630643,missense|LC,23047651765,X,47651765,
TAF9B,ENSG00000187325,0.45537271007762,0.647583026032216,0.296704466927156,-0.000286376900397253,missense|LC,23078124836,X,78124836,
SPACA9,ENSG00000165698,0.455431690505671,0.879200212746091,0.276929381479646,0.00013323661197634,missense|LC,9132875019,9,132875019,
TRIM39,ENSG00000204599,0.455434948034932,0.563310009424027,0.277186391345056,-0.000574692897378985,missense|LC,6030329208,6,30329208,
PRMT6,ENSG00000198890,0.455442717685545,0.277773802081926,0.669068144831077,-0.000737655378841546,missense|LC,1107056593,1,107056593,
MAP2,ENSG00000078018,0.455532608729455,0.276015618084048,0.64816307774978,0.000307620677958996,missense|LC,2209653072,2,209653072,
LY6G6D,ENSG00000244355,0.455578797111428,0.335096219395864,0.287011935739064,-0.00122725734711374,missense|LC,6031710358,6,31710358,
CNKSR3,ENSG00000153721,0.455590828416447,0.801258943736962,0.287351159832857,0.000137052440799001,missense|LC,6154406274,6,154406274,
CRELD1,ENSG00000163703,0.455615660705154,0.286584736569271,0.768408783288221,0.000738423440662975,missense|LC,3009929771,3,9929771,
AKAP7,ENSG00000118507,0.455659042708406,0.443773503427108,0.305409526363217,0.000341598033602775,missense|LC,6131135636,6,131135636,
NLRP8,ENSG00000179709,0.455660740964881,0.283388633976173,0.515791533866179,0.000266232031210805,missense|LC,19055947797,19,55947797,
RPS8,ENSG00000142937,0.455677597620914,0.276354731293756,0.64129716593206,0.00221721800770801,missense|LC,1044775488,1,44775488,
COQ8A,ENSG00000163050,0.455769115778886,0.324230707606603,0.276654511634037,-0.000460861500407568,missense|LC,1226893948,1,226893948,
RPL28,ENSG00000108107,0.455770620573394,0.31246743831271,0.854890106189242,-0.000690756869362205,missense|LC,19055383848,19,55383848,
CNTN5,ENSG00000149972,0.455796070891727,0.335581267173383,0.35997368462286,-0.000475455521417421,missense|LC,11099556175,11,99556175,
CHAC1,ENSG00000128965,0.455813651547338,0.28907068552976,0.935819724922976,-0.000676932842121373,missense|LC,15040953398,15,40953398,
SIX5,ENSG00000177045,0.455931406580311,0.269720169688118,0.435393044337549,-0.000570308379289071,missense|LC,19045765381,19,45765381,
KLF2,ENSG00000127528,0.456032655143458,0.827752225160369,0.28146338834258,0.000174195698438184,missense|LC,19016324852,19,16324852,
NEUROG1,ENSG00000181965,0.456179163592107,0.270235703249494,0.851329101747806,-0.00109841151011023,missense|LC,5135534889,5,135534889,
FGF22,ENSG00000070388,0.456257470993202,0.646179783369786,0.290334545604216,0.000201505328805105,missense|LC,19000639852,19,639852,
PADI3,ENSG00000142619,0.456273201065315,0.286902764990651,0.578604015335192,-0.00025385332529666,missense|LC,1017244099,1,17244099,
SMIM15,ENSG00000188725,0.456277488119172,0.292329296638526,0.774413613109289,-0.002337803236755,missense|LC,5061152706,5,61152706,
SLC66A2,ENSG00000122490,0.456353553365538,0.695485090201671,0.283405904530329,0.000253131721245281,missense|LC,18079898975,18,79898975,
HYAL4,ENSG00000106302,0.456441656682781,0.507167074694066,0.300807539873402,0.000205477107787582,missense|LC,7123868249,7,123868249,
TEX22,ENSG00000226174,0.456501938001127,0.271299937829037,0.431309943091943,0.00152784815729172,missense|LC,14105394121,14,105394121,
SATB1,ENSG00000182568,0.456509866908467,0.503892606234276,0.301200372844691,0.000353066664478693,missense|LC,3018349019,3,18349019,
ST6GALNAC5,ENSG00000117069,0.456571404313632,0.835815140385379,0.301029006249241,0.000163901779834867,missense|LC,1076867545,1,76867545,
ASCC3,ENSG00000112249,0.456575786715564,0.477301562523859,0.269470313568145,-0.000308460835255231,missense|LC,6100509277,6,100509277,
KLHL1,ENSG00000150361,0.456576842401261,0.941000191515072,0.308118935359363,-0.0000358820110558475,missense|LC,13069701676,13,69701676,
TRPC4,ENSG00000133107,0.456701210787916,0.319279108721725,0.278977857773333,0.000704094263457917,missense|LC,13037636845,13,37636845,
BMP8A,ENSG00000183682,0.45680117483199,0.283404769168499,0.928943831169047,0.000550643573025924,missense|LC,1039491870,1,39491870,
AC093227.2,ENSG00000267552,0.456822483736969,0.287722855885461,0.332415484849497,0.0018668037384202,missense|LC,19037697346,19,37697346,
CIDEC,ENSG00000187288,0.456845159132355,0.289763500194463,0.650865072896895,0.000588817254406611,missense|LC,3009867052,3,9867052,
ZNF71,ENSG00000197951,0.456914051536345,0.281914951062762,0.317964617287159,0.000623386313582239,missense|LC,19056601457,19,56601457,
KRT73,ENSG00000186049,0.456924034336799,0.28734756939977,0.532606739039196,0.000443118501318355,missense|LC,12052608104,12,52608104,
EFNA3,ENSG00000143590,0.456947524136982,0.797858583416528,0.275408151957592,0.0003265277635117,missense|LC,1155078766,1,155078766,
SLC7A2,ENSG00000003989,0.457037043477797,0.914089933989622,0.287425202856917,-0.0000420491320002974,missense|LC,8017538778,8,17538778,
ARHGAP36,ENSG00000147256,0.457218752508116,0.273642948098219,0.901303831510042,-0.000819943043421307,missense|LC,23131058311,X,131058311,
SLC41A1,ENSG00000133065,0.457220407062125,0.416415788139599,0.270132941421645,-0.000718597389658354,missense|LC,1205791440,1,205791440,
ROPN1L,ENSG00000145491,0.457232006532304,0.291258261229248,0.390598510804216,0.000828924936797317,missense|LC,5010442119,5,10442119,
STK38L,ENSG00000211455,0.457256285652574,0.978494529976626,0.277086635965351,-0.0000368451675707786,missense|LC,12027297611,12,27297611,
TMEM208,ENSG00000168701,0.457290683170344,0.276012281304591,0.767280829632497,0.00151363128534715,missense|LC,16067227102,16,67227102,
RAB10,ENSG00000084733,0.457294304396417,0.390758429266578,0.275746759074906,-0.00341738143215213,missense|LC,2026034484,2,26034484,
PRIM2,ENSG00000146143,0.457397921178359,0.356941408270563,0.27853577839873,-0.000805256555758289,missense|LC,6057318351,6,57318351,
RAB9A,ENSG00000123595,0.457524379060022,0.283813238669068,0.96603107894484,-0.00154543698446328,missense|LC,23013708678,X,13708678,
ANKRD49,ENSG00000168876,0.457552583408056,0.329063994114981,0.275445439992603,-0.00177289518708665,missense|LC,11094490744,11,94490744,
LRTOMT,ENSG00000184154,0.457577598169638,0.335117348996141,0.89829794760176,-0.000377569268155693,missense|LC,11072088936,11,72088936,
MEIG1,ENSG00000197889,0.457583593602307,0.29060316293722,0.4148559095756,-0.00166984291709345,missense|LC,10014966387,10,14966387,
AGTR2,ENSG00000180772,0.457604344532643,0.301267355590852,0.72924654088161,-0.000443005701998827,missense|LC,23116172204,X,116172204,
MSH6,ENSG00000116062,0.457631825294726,0.985729030606823,0.283809513041202,-0.00000260659062385246,missense|LC,2047783145,2,47783145,
MAP6,ENSG00000171533,0.457654345971444,0.279848987530075,0.746079426592334,-0.000516870981053062,missense|LC,11075586975,11,75586975,
PLEKHH2,ENSG00000152527,0.457678865975792,0.286570015136103,0.30933323906684,-0.000299813372877924,missense|LC,2043644618,2,43644618,
DLX2,ENSG00000115844,0.457736506910526,0.287892701429518,0.598631554551646,-0.00100490349381886,missense|LC,2172100439,2,172100439,
IL15RA,ENSG00000134470,0.457744306367231,0.303140481583137,0.398969937509681,-0.000455547866775634,missense|LC,10005953062,10,5953062,
STRADB,ENSG00000082146,0.45778114986236,0.275326303291486,0.434101853064564,-0.00105157878100549,missense|LC,2201454762,2,201454762,
GBA2,ENSG00000070610,0.457832366729953,0.279270166620701,0.854239931369219,-0.000466249879452054,missense|LC,9035732645,9,35732645,
DLEC1,ENSG00000008226,0.457834347980712,0.526428146517932,0.268170284367127,0.000170077480621299,missense|LC,3038039114,3,38039114,
ZNF107,ENSG00000196247,0.457929477325596,0.569319424229953,0.305131262708846,-0.000176861096248566,missense|LC,7064666162,7,64666162,
TCEAL4,ENSG00000133142,0.45798089631807,0.325647903624587,0.326189404103468,0.000392902711855559,missense|LC,23103576377,X,103576377,
CCNL1,ENSG00000163660,0.457994883769751,0.276130576571421,0.377521097994236,-0.00108084938720857,missense|LC,3157147506,3,157147506,
KLHL33,ENSG00000185271,0.45807265395106,0.288153994109,0.67612136736801,0.000440479186441407,missense|LC,14020428811,14,20428811,
UBXN10,ENSG00000162543,0.458091738374438,0.430133624778507,0.275596224891706,-0.000896353167808217,missense|LC,1020190432,1,20190432,
GFRA2,ENSG00000168546,0.45811498594668,0.793189669239218,0.267993940161813,0.000214596674374038,missense|LC,8021693176,8,21693176,
AL022238.3,ENSG00000284431,0.458132183376595,0.887101468978758,0.286592364876753,-0.000302840225265748,missense|LC,22040346459,22,40346459,
DNM1L,ENSG00000087470,0.458152522273615,0.331785244864812,0.278943932256784,0.000764377113082133,missense|LC,12032679329,12,32679329,
METRN,ENSG00000103260,0.458167166563074,0.66583747865655,0.289729963000195,-0.000222821233524569,missense|LC,16000715227,16,715227,
HAUS4,ENSG00000092036,0.458214974887176,0.591761288828519,0.277013050392657,0.0006038868102333,missense|LC,14022946464,14,22946464,
LUZP4,ENSG00000102021,0.458246432943414,0.695685933791633,0.290029616675254,-0.000206775967904203,missense|LC,23115289735,X,115289735,
UNC50,ENSG00000115446,0.458392390214448,0.828898327934277,0.332568946441301,-0.000148702744288253,missense|LC,2098604067,2,98604067,
NUDT6,ENSG00000170917,0.458393163176069,0.290422703536789,0.286556423504389,-0.000700698296066815,missense|LC,4122892174,4,122892174,
LRRC45,ENSG00000169683,0.458398127266171,0.279852513077486,0.745012796296024,0.000516294599975327,missense|LC,17082019069,17,82019069,
DUSP8,ENSG00000184545,0.458442918581708,0.506622307206453,0.285585591093694,0.00032175380590916,missense|LC,11001554566,11,1554566,
PRSS2,ENSG00000275896,0.458592720270139,0.980301128666521,0.308993803755917,-0.0000072597406346343,missense|LC,7142771925,7,142771925,
SMG5,ENSG00000198952,0.45901675724662,0.284889195443996,0.464280034175943,-0.000344834523230966,missense|LC,1156244231,1,156244231,
UTS2B,ENSG00000188958,0.459023279409186,0.282724835021066,0.73762494788322,0.00231147361634033,missense|LC,3191268366,3,191268366,
DALRD3,ENSG00000178149,0.459045178231938,0.685959656120378,0.273252123026045,0.000309389234806998,missense|LC,3049011368,3,49011368,
MAK,ENSG00000111837,0.459065010550925,0.280007433196284,0.601418703116006,-0.000505439935366656,missense|LC,6010764367,6,10764367,
BACH1,ENSG00000156273,0.45917306418698,0.488083606322738,0.293942273491924,-0.000297173258953473,missense|LC,21029321238,21,29321238,
CCDC103,ENSG00000167131,0.459227870516979,0.299184683295891,0.646571776184177,0.000704868176080334,missense|LC,17044900906,17,44900906,
CRYL1,ENSG00000165475,0.459242464328097,0.274275565831935,0.899853377594777,-0.00104613596852357,missense|LC,13020404097,13,20404097,
DCAF11,ENSG00000100897,0.459245080350275,0.429812223504849,0.29657041860335,0.00038942315681136,missense|LC,14024114597,14,24114597,
SLC22A18,ENSG00000110628,0.459311067745943,0.292363020948191,0.52821217322498,0.000425016061466749,missense|LC,11002899256,11,2899256,
ZNF141,ENSG00000131127,0.459331954126918,0.292072737405463,0.297308893662227,0.00052661432886208,missense|LC,4000337874,4,337874,
CCDC178,ENSG00000166960,0.459429988595228,0.298859367197038,0.292833797849238,-0.00185960882549707,missense|LC,18032937970,18,32937970,
CENPBD1,ENSG00000177946,0.459518998661924,0.328788120257387,0.343057491162481,-0.000477077169148214,missense|LC,16089965822,16,89965822,
ZNF860,ENSG00000197385,0.459557438481056,0.825807605225361,0.302924507511002,0.0000789332614487724,missense|LC,3031980770,3,31980770,
SCML1,ENSG00000047634,0.459562358393649,0.283260445756288,0.351248417030916,0.00163955556872716,missense|LC,23017732502,X,17732502,
KATNAL1,ENSG00000102781,0.45958698427805,0.318264614672729,0.626338688098684,-0.000468920423513095,missense|LC,13030208463,13,30208463,
SLC26A3,ENSG00000091138,0.459598062683737,0.786282087976685,0.274973974245975,0.000147601196756435,missense|LC,7107765819,7,107765819,
CMC4,ENSG00000182712,0.459619050011379,0.322926762395011,0.816490595072827,0.00101896495465331,missense|LC,23155061777,X,155061777,
UBXN4,ENSG00000144224,0.459695170782874,0.28351417217994,0.887749060745906,-0.000854851461986986,missense|LC,2135741818,2,135741818,
CREB3L2,ENSG00000182158,0.45971711099867,0.592884889888481,0.277685732402392,-0.00037908735480239,missense|LC,7137880430,7,137880430,
GOLGA6L22,ENSG00000277865,0.459747804892618,0.916962188906164,0.289192165466655,0.0000731162298980225,missense|LC,15022460797,15,22460797,
AC244517.10,ENSG00000279983,0.459757290907957,0.305146089102762,0.521911968909768,0.00648227200468545,missense|LC,5141223454,5,141223454,
TRABD2B,ENSG00000269113,0.459783135608076,0.561935306074116,0.30982573667512,-0.000343856290347657,missense|LC,1047775055,1,47775055,
PRSS8,ENSG00000052344,0.459797471081034,0.303657745613039,0.647679496964448,-0.000670864273733828,missense|LC,16031126957,16,31126957,
NPIPB6,ENSG00000198156,0.459885794815832,0.777574178998295,0.293409286492956,-0.000096626101999722,missense|LC,16028342577,16,28342577,
CYHR1,ENSG00000187954,0.459910494545249,0.275111455729591,0.423371872684357,-0.00278195021879632,missense|LC,8144452267,8,144452267,
NELL1,ENSG00000165973,0.459925927713074,0.318782480651925,0.401937714621563,0.00043960622405719,missense|LC,11020669663,11,20669663,
ZNF506,ENSG00000081665,0.459952062535172,0.279765722060164,0.416398920861185,0.00083456823006744,missense|LC,19019794474,19,19794474,
PDXP,ENSG00000241360,0.459997837678434,0.303414818750316,0.740720071920047,-0.000401952866337033,missense|LC,22037653743,22,37653743,
NR5A1,ENSG00000136931,0.460001454496253,0.614307186088099,0.273872283969712,0.000424227249086044,missense|LC,9124482670,9,124482670,
HOXD8,ENSG00000175879,0.460042672477695,0.296031227336087,0.809694551360638,0.000494274944253885,missense|LC,2176130306,2,176130306,
KCNK1,ENSG00000135750,0.460074156966811,0.853796862815744,0.282449852898432,-0.000148021716274007,missense|LC,1233614102,1,233614102,
CHRNA2,ENSG00000120903,0.460110336805605,0.306899462201425,0.537852839783421,-0.000493233272245146,missense|LC,8027458214,8,27458214,
LEP,ENSG00000174697,0.460167836799919,0.911423178636325,0.288168354809945,0.000136165004717459,missense|LC,7128251947,7,128251947,
ZSWIM9,ENSG00000185453,0.460179174222304,0.285038447217474,0.417707519058172,0.00040191024913558,missense|LC,19048171151,19,48171151,
H1-3,ENSG00000124575,0.46019275144857,0.298074885245944,0.862016491104038,-0.000340822434688543,missense|LC,6026234179,6,26234179,
KCNB2,ENSG00000182674,0.460331739820526,0.2760479282261,0.74892613799297,0.000735341225429805,missense|LC,8072567690,8,72567690,
LINGO1,ENSG00000169783,0.460439742403417,0.278920347552351,0.698571913575054,-0.000678033732932492,missense|LC,15077613983,15,77613983,
ST6GALNAC3,ENSG00000184005,0.460456910159679,0.918768186560314,0.312044866851718,0.0000527177079606488,missense|LC,1076074772,1,76074772,
MNS1,ENSG00000138587,0.460496071274742,0.318536221058168,0.286498173075686,-0.000595852185713797,missense|LC,15056427566,15,56427566,
BCKDHB,ENSG00000083123,0.460684285250604,0.371531756967006,0.274317206523915,0.000961380163164241,missense|LC,6080106580,6,80106580,
BAG3,ENSG00000151929,0.460705043149222,0.406746979320533,0.285563222582959,-0.000379037803780419,missense|LC,10119651575,10,119651575,
NDUFB3,ENSG00000119013,0.460721155858741,0.430766298739428,0.326737966796823,-0.000564826344332697,missense|LC,2201078808,2,201078808,
PSKH1,ENSG00000159792,0.460769812804305,0.32944481750357,0.283491872442222,-0.000761910000403631,missense|LC,16067908687,16,67908687,
ZNF626,ENSG00000188171,0.460771640722229,0.284416483297127,0.590422548249387,-0.000586994465176799,missense|LC,19020624160,19,20624160,
PSMG4,ENSG00000180822,0.460860370944727,0.331480761326432,0.369238998049446,0.000591502705447757,missense|LC,6003258952,6,3258952,
C16orf92,ENSG00000167194,0.460885408795771,0.325013919399725,0.434391915282525,0.000715151106892046,missense|LC,16030023269,16,30023269,
IGSF5,ENSG00000183067,0.460890903987353,0.606560036888677,0.293752046595234,-0.000175487746530998,missense|LC,21039765466,21,39765466,
OR5T2,ENSG00000181718,0.460906448033899,0.306878971784086,0.593127264707158,0.000593480555190176,missense|LC,11056232039,11,56232039,
NRF1,ENSG00000106459,0.460929511935697,0.957546392937627,0.276768187295609,-0.0000979300071382709,missense|LC,7129657314,7,129657314,
CACNA1C,ENSG00000151067,0.460951803373529,0.361354223925661,0.286397648376323,0.000275554505156265,missense|LC,12002052902,12,2052902,
TEX26,ENSG00000175664,0.460960598440624,0.322750790816825,0.725322863029069,-0.000430583695273787,missense|LC,13030932610,13,30932610,
RPAP3,ENSG00000005175,0.461003734347554,0.584431318512569,0.284222789049912,0.000242053143597744,missense|LC,12047663476,12,47663476,
NR2C1,ENSG00000120798,0.461013620408774,0.485074501747071,0.314495524210842,0.000384239818730531,missense|LC,12095022169,12,95022169,
EVI2B,ENSG00000185862,0.461026947585028,0.281941763128837,0.763789170073371,-0.000747823640082273,missense|LC,17031304192,17,31304192,
HSD11B1L,ENSG00000167733,0.461146173627022,0.98818618429228,0.281476569091974,-0.00000418093884568445,missense|LC,19005679272,19,5679272,
SIAH3,ENSG00000215475,0.461216112106781,0.539728578497783,0.275086934654293,0.000694837781494447,missense|LC,13045783319,13,45783319,
DAZAP2,ENSG00000183283,0.461287710061265,0.311626674368801,0.795709463899669,-0.00116064371467943,missense|LC,12051238759,12,51238759,
SLURP1,ENSG00000126233,0.461372872743432,0.297942105378004,0.534650293082573,-0.00153904838839232,missense|LC,8142741015,8,142741015,
SYNCRIP,ENSG00000135316,0.461377891349827,0.568143863084797,0.284505925494874,-0.000509602538967256,missense|LC,6085612780,6,85612780,
ACTRT1,ENSG00000123165,0.461396237093837,0.716150803217056,0.290921917371443,0.000163117835204018,missense|LC,23128050997,X,128050997,
IL17C,ENSG00000124391,0.46157019350472,0.716397642037552,0.282573372993158,-0.000220593157826078,missense|LC,16088638530,16,88638530,
KRTAP10-11,ENSG00000243489,0.461594561910589,0.876237365766898,0.296192415942335,-0.0000608892420437586,missense|LC,21044646332,21,44646332,
C19orf73,ENSG00000221916,0.461624374251653,0.388903594520198,0.350840707014707,0.000502084223134388,missense|LC,19049114322,19,49114322,
KIF7,ENSG00000166813,0.461627702851619,0.87727127401429,0.278780664718149,-0.0000409897790056954,missense|LC,15089623540,15,89623540,
MPHOSPH8,ENSG00000196199,0.461669071755655,0.595979444823757,0.283181968848562,-0.000249308933342073,missense|LC,13019633657,13,19633657,
HEY2,ENSG00000135547,0.461699530729988,0.562297023238993,0.303628873284687,-0.000344453395507601,missense|LC,6125749717,6,125749717,
UTP11,ENSG00000183520,0.461705962851223,0.296296939009829,0.457482763302412,-0.000772469565198156,missense|LC,1038012695,1,38012695,
IL18R1,ENSG00000115604,0.461840403394312,0.577818754636126,0.306469009967749,-0.000277478343568275,missense|LC,2102351475,2,102351475,
CAMSAP1,ENSG00000130559,0.461851921983556,0.363661306401093,0.290221803062479,0.000263429338044574,missense|LC,9135811214,9,135811214,
TUBB6,ENSG00000176014,0.461896869487737,0.909629018040554,0.306395871984517,0.0000691376611674438,missense|LC,18012308208,18,12308208,
UTP15,ENSG00000164338,0.461911488029977,0.623377093949654,0.281764508641593,0.000383140724091124,missense|LC,5073561058,5,73561058,
KIR3DL2,ENSG00000240403,0.461950724234457,0.567350339254321,0.284188373672343,0.000160536320880788,missense|LC,19054847131,19,54847131,
ANKRD34A,ENSG00000272031,0.462003163380331,0.315206175787538,0.272781628811445,0.00110109457747111,missense|LC,1145957489,1,145957489,
VCPKMT,ENSG00000100483,0.4620455559838,0.339811173583939,0.632947302135073,0.000475645628999666,missense|LC,14050106468,14,50106468,
TTL,ENSG00000114999,0.462121638297405,0.669498085109271,0.336648593022557,0.000201925435417753,missense|LC,2112482234,2,112482234,
DCP2,ENSG00000172795,0.462125577958411,0.323515445844201,0.524621569585172,-0.00121505129202075,missense|LC,5112976851,5,112976851,
AC091551.1,ENSG00000267699,0.462218256662524,0.659641990239007,0.312261440910944,-0.00127440963298209,missense|LC,18050974309,18,50974309,
TIA1,ENSG00000116001,0.46233699363807,0.330218733949206,0.632485008137688,0.000529281497955863,missense|LC,2070212695,2,70212695,
C17orf58,ENSG00000186665,0.462438010917197,0.289774204216855,0.501027224716368,0.00236603173939951,missense|LC,17067991845,17,67991845,
AKAP5,ENSG00000179841,0.462492681171977,0.799574996740948,0.317780426615335,0.000123117182551124,missense|LC,14064468327,14,64468327,
CA9,ENSG00000107159,0.462525130312836,0.304614169306857,0.558273978621525,-0.00046589889968539,missense|LC,9035673888,9,35673888,
DUSP22,ENSG00000112679,0.462811401614749,0.299254814003302,0.688517563693382,-0.00046481035699162,missense|LC,6000292437,6,292437,
OR52D1,ENSG00000181609,0.463027155520058,0.294437252429228,0.908167871459138,0.000467813976071685,missense|LC,11005488679,11,5488679,
BRIP1,ENSG00000136492,0.463079681785186,0.325115929838222,0.290918066142517,0.000298979805999204,missense|LC,17061683214,17,61683214,
DLG2,ENSG00000150672,0.463172890759721,0.852056452955114,0.290266398246445,0.000114608789959538,missense|LC,11083459811,11,83459811,
FAM166B,ENSG00000215187,0.463222079868265,0.397323385787823,0.303485312864296,0.00043078937060489,missense|LC,9035557867,9,35557867,
PDCD6IP,ENSG00000170248,0.463376264344215,0.385910553360926,0.27433098019094,0.000565619061990834,missense|LC,3033798644,3,33798644,
RAMACL,ENSG00000235272,0.463399517669121,0.308417687759159,0.689475331425446,-0.000602939697469986,missense|LC,6166586099,6,166586099,
TMEM130,ENSG00000166448,0.463414859375811,0.288285432342036,0.726532817030029,0.000653199525753822,missense|LC,7098847976,7,98847976,
RPS15,ENSG00000115268,0.463422746679262,0.421520593691213,0.339712191225754,0.000632166683001485,missense|LC,19001433683,19,1433683,
ZFP28,ENSG00000196867,0.463522445210196,0.281894492258241,0.939038747531882,0.000480919946579979,missense|LC,19056538913,19,56538913,
FOXH1,ENSG00000160973,0.463624751018155,0.9572201029964,0.306103750760325,-0.0000213916285940722,missense|LC,8144468412,8,144468412,
CALN1,ENSG00000183166,0.463626176805055,0.384263471958423,0.314573934267806,-0.00155182128237499,missense|LC,7071787647,7,71787647,
NME1,ENSG00000239672,0.463628969778451,0.581806591931834,0.285350030951472,0.000581921161571061,missense|LC,17051154303,17,51154303,
INSYN2A,ENSG00000188916,0.463662022767491,0.277904253267639,0.69154969209609,0.00064500826682103,missense|LC,10127137761,10,127137761,
SLC35F3,ENSG00000183780,0.46366589947847,0.288968343262356,0.551627101371481,0.00289075246298997,missense|LC,1233904981,1,233904981,
ZBTB9,ENSG00000213588,0.463689676633562,0.300942011456454,0.480887191606547,0.000545062137445195,missense|LC,6033449586,6,33449586,
IL26,ENSG00000111536,0.463789711779332,0.975071973726509,0.277336281569747,-0.0000450668245929414,missense|LC,12068201811,12,68201811,
SNRNP27,ENSG00000124380,0.463831453747901,0.3093745020002,0.397361715907594,-0.00135106864102992,missense|LC,2069893919,2,69893919,
F13A1,ENSG00000124491,0.464046351103234,0.827000305169715,0.305903540389468,-0.0000740747792398558,missense|LC,6006145515,6,6145515,
DUOX1,ENSG00000137857,0.464143948708044,0.276109116606398,0.5865932409904,0.000279380912970457,missense|LC,15045131889,15,45131889,
RAB40AL,ENSG00000102128,0.464180726193158,0.360396237981085,0.634535312973084,0.000233988616248428,missense|LC,23102937258,X,102937258,
GAL3ST2,ENSG00000154252,0.464218520536693,0.29624986191129,0.706936267093946,-0.000338041492772766,missense|LC,2241776867,2,241776867,
GJA1,ENSG00000152661,0.464241868359663,0.94062308233415,0.29274970968748,-0.0000690289519073195,missense|LC,6121446810,6,121446810,
LDLRAP1,ENSG00000157978,0.464268978335149,0.291413177212641,0.958037430633397,-0.000729690020597671,missense|LC,1025543620,1,25543620,
PLA2R1,ENSG00000153246,0.464345842712535,0.590903898207611,0.283644682456557,0.000238647307607664,missense|LC,2159941768,2,159941768,
PMP22,ENSG00000109099,0.464417252329973,0.355821804254793,0.61589490607843,-0.000552185140264654,missense|LC,17015230833,17,15230833,
PM20D1,ENSG00000162877,0.464440927236897,0.304836193977895,0.679109987704699,0.000384455172320792,missense|LC,1205828486,1,205828486,
OR51A7,ENSG00000176895,0.464552602874412,0.332256641116534,0.31701044094832,-0.000433322627409462,missense|LC,11004907342,11,4907342,
TRA2A,ENSG00000164548,0.464664314516901,0.548034186007494,0.282601062761162,-0.000707064311198607,missense|LC,7023505710,7,23505710,
LRRC6,ENSG00000129295,0.464703720844943,0.802026274690306,0.28369806374443,0.000130685178110049,missense|LC,8132572243,8,132572243,
XYLT2,ENSG00000015532,0.464709677358152,0.915801100266216,0.296802753608903,-0.0000390187493598908,missense|LC,17050346033,17,50346033,
PSMC5,ENSG00000087191,0.464713119980818,0.840572525284566,0.315222555447755,-0.00021144998902508,missense|LC,17063823720,17,63823720,
TYMP,ENSG00000025708,0.464815446506464,0.281857320921729,0.569303478789719,0.000575758560735631,missense|LC,22050520862,22,50520862,
PPM1A,ENSG00000100614,0.464875607216953,0.930516412273053,0.290355028763742,-0.0000852418044564528,missense|LC,14060245775,14,60245775,
TEX19,ENSG00000182459,0.464905880808135,0.466712129233586,0.331830526193653,-0.000415401943400672,missense|LC,17082356575,17,82356575,
KRT84,ENSG00000161849,0.465066159378651,0.294795392466337,0.575113098220144,-0.000253554835866868,missense|LC,12052377959,12,52377959,
CCBE1,ENSG00000183287,0.465154639376296,0.969729361470972,0.284017393691017,-0.0000143696990582369,missense|LC,18059435850,18,59435850,
TMEM125,ENSG00000179178,0.465201579022377,0.318521817171093,0.570895341297887,0.000472547597791204,missense|LC,1043272635,1,43272635,
SUSD3,ENSG00000157303,0.465389180665791,0.456767960643535,0.30790244384828,-0.000265590283265269,missense|LC,9093058686,9,93058686,
TLCD3A,ENSG00000167695,0.465440337284092,0.831695519330528,0.290452712668039,-0.000209688696703154,missense|LC,17000732560,17,732560,
SYNGR4,ENSG00000105467,0.465484625295496,0.368180416288166,0.323984676024679,0.000338689005668907,missense|LC,19048359994,19,48359994,
RRP36,ENSG00000124541,0.46555009590845,0.786179371907761,0.295973676619734,-0.00012102543775105,missense|LC,6043017091,6,43017091,
MRPL18,ENSG00000112110,0.465577804014606,0.293366858678848,0.843108054411295,0.000918075983937199,missense|LC,6159785473,6,159785473,
AP1M1,ENSG00000072958,0.465589563143725,0.287702408121343,0.507756510685932,0.00121694989560746,missense|LC,19016197943,19,16197943,
HUWE1,ENSG00000086758,0.465672921863116,0.516301440883543,0.273701347650382,-0.000275572310376459,missense|LC,23053533301,X,53533301,
ZNF670,ENSG00000277462,0.465798208625477,0.547801626310011,0.279063905703581,-0.000526200986584887,missense|LC,1247037337,1,247037337,
C1orf162,ENSG00000143110,0.465887557006156,0.318842324992772,0.344347471473968,-0.00105806903349976,missense|LC,1111475965,1,111475965,
WNT9B,ENSG00000158955,0.465953553639262,0.294104493640558,0.726384539933785,-0.000468461943474383,missense|LC,17046851588,17,46851588,
SERPINI2,ENSG00000114204,0.466007605838059,0.30607802758014,0.328973566816547,-0.000607068506537423,missense|LC,3167442058,3,167442058,
TBC1D25,ENSG00000068354,0.46602979174138,0.552409600758449,0.302325793552984,0.000251555569159051,missense|LC,23048539656,X,48539656,
ADAMTS7,ENSG00000136378,0.466085801253249,0.289466226814425,0.399425764546218,0.000149913372253498,missense|LC,15078759325,15,78759325,
TBCC,ENSG00000124659,0.46617889587142,0.805478037127579,0.293913780552537,-0.000120598461464805,missense|LC,6042744955,6,42744955,
AC025165.3,ENSG00000257921,0.466215743974834,0.284919936638603,0.724846387731951,0.00231991333044311,missense|LC,12057768878,12,57768878,
IGFL4,ENSG00000204869,0.466290128848061,0.405703089226072,0.286580802175561,-0.00141998794420351,missense|LC,19046039845,19,46039845,
IFI44L,ENSG00000137959,0.466463342273343,0.718183080053347,0.297691858988945,-0.000186858316961326,missense|LC,1078627879,1,78627879,
HMG20A,ENSG00000140382,0.466469315083519,0.983560467900729,0.29787423397056,-0.00000816933585203679,missense|LC,15077417267,15,77417267,
ATN1,ENSG00000111676,0.466474964802612,0.44749903988376,0.288505275647574,0.000187346223978512,missense|LC,12006933891,12,6933891,
PLEKHH3,ENSG00000068137,0.466539036714176,0.29901629491519,0.814044530606779,-0.000328428957127727,missense|LC,17042662914,17,42662914,
AC011448.1,ENSG00000258674,0.466629913646312,0.33661555787383,0.386730147327184,-0.000451984745720182,missense|LC,19019514524,19,19514524,
TAAR6,ENSG00000146383,0.466630869514969,0.30520866762462,0.542243033392025,0.000319290206206114,missense|LC,6132570229,6,132570229,
PEBP1,ENSG00000089220,0.466668079276564,0.376713726702614,0.354331917768893,-0.000447754670305907,missense|LC,12118136099,12,118136099,
OR6C65,ENSG00000205328,0.466857832238281,0.955761761011713,0.287842735191047,-0.0000489911517622798,missense|LC,12055400511,12,55400511,
FAM178B,ENSG00000168754,0.46688788633179,0.291466525499536,0.509676553000192,0.000460110175194155,missense|LC,2096876190,2,96876190,
TCEA2,ENSG00000171703,0.466944971198466,0.283402607248967,0.420230965011463,0.000984772035333605,missense|LC,20064063222,20,64063222,
MYOM2,ENSG00000036448,0.466961973774,0.286217536385412,0.844864181560435,0.000180981732859198,missense|LC,8002050733,8,2050733,
TLL1,ENSG00000038295,0.466963560235821,0.297387490370152,0.667443157472541,-0.000989565790427621,missense|LC,4165873812,4,165873812,
IFNA6,ENSG00000120235,0.466980028338891,0.37654888291559,0.354156143854375,0.000289857077986889,missense|LC,9021350257,9,21350257,
FSCB,ENSG00000189139,0.467008731959319,0.985877106096136,0.295079563786939,0.00000269647273370581,missense|LC,14044504451,14,44504451,
MYH1,ENSG00000109061,0.467022182236064,0.532538419379895,0.290628664047706,-0.000132441501145195,missense|LC,17010492313,17,10492313,
SLC25A15,ENSG00000102743,0.467045929955163,0.321977954434343,0.389327845802581,0.000519594630372871,missense|LC,13040793149,13,40793149,
KIAA1614,ENSG00000135835,0.467121400234791,0.288908981522357,0.332127820863375,0.000303058807667139,missense|LC,1180913157,1,180913157,
MMAA,ENSG00000151611,0.467194894710854,0.650408355229592,0.280089367522154,-0.000309519737529304,missense|LC,4145624634,4,145624634,
GPR63,ENSG00000112218,0.467308181323772,0.307377513543131,0.604683427836349,-0.000737309374389256,missense|LC,6096798383,6,96798383,
MTMR8,ENSG00000102043,0.467329250481687,0.450898712888622,0.313985540239666,0.000174140859337114,missense|LC,23064268440,X,64268440,
ARHGAP10,ENSG00000071205,0.467358268927728,0.29269847125284,0.64274651702618,0.000518987352491632,missense|LC,4147732194,4,147732194,
OR8G2P,ENSG00000181214,0.467426638879054,0.9539446987695,0.286175961152341,-0.0000592141230317157,missense|LC,11124224732,11,124224732,
SDF4,ENSG00000078808,0.467437848834959,0.878894110399811,0.27625189036058,-0.000119239250191264,missense|LC,1001211912,1,1211912,
HSF4,ENSG00000102878,0.467474586948091,0.416542087918223,0.309655426505601,-0.00048703298939668,missense|LC,16067161661,16,67161661,
OR1L3,ENSG00000171481,0.46750485460964,0.314679151940926,0.890484567306869,0.000285609430659573,missense|LC,9122675047,9,122675047,
PRAMEF19,ENSG00000204480,0.467506815849167,0.291378186955458,0.401535572485906,0.000365711870343806,missense|LC,1013369068,1,13369068,
IFNA13,ENSG00000233816,0.467523517613987,0.85540581301756,0.292645633311956,0.000143715216680623,missense|LC,9021367299,9,21367299,
ERI2,ENSG00000196678,0.467540492556309,0.295286088809055,0.957705070133527,0.000418343732646382,missense|LC,16020791904,16,20791904,
PHB2,ENSG00000215021,0.467577600480142,0.293442741746795,0.447621910173123,-0.00113344385505694,missense|LC,12006960330,12,6960330,
HCFC1,ENSG00000172534,0.46762495259239,0.971186147523475,0.286485277121295,-0.0000110482427450612,missense|LC,23153942830,X,153942830,
GPC1,ENSG00000063660,0.467675432098134,0.734346871060027,0.277438514006523,0.000166496534895488,missense|LC,2240435855,2,240435855,
BEND5,ENSG00000162373,0.467825594303262,0.402653700265144,0.319986769084936,0.000433604629377257,missense|LC,1048727809,1,48727809,
SYNDIG1L,ENSG00000183379,0.467876220169952,0.281067914149051,0.628680282083056,0.00106025690922476,missense|LC,14074407411,14,74407411,
ARID3A,ENSG00000116017,0.467898735520977,0.443389342235038,0.291031727638157,-0.000280090140613884,missense|LC,19000929399,19,929399,
SOD2,ENSG00000112096,0.467920716880545,0.794218559044727,0.29150828547267,0.00030965551243342,missense|LC,6159682426,6,159682426,
MIOX,ENSG00000100253,0.467921847577297,0.735272737563124,0.301209007675639,-0.000175209691724839,missense|LC,22050481858,22,50481858,
TPTEP2-CSNK1E,ENSG00000283900,0.46792386391472,0.290408132866966,0.306094575900745,-0.00117244761501832,missense|LC,22038293214,22,38293214,
SLMAP,ENSG00000163681,0.46792729508523,0.550313714679075,0.299103331941082,0.000284794268910546,missense|LC,3057757577,3,57757577,
PLCB1,ENSG00000182621,0.468011977343846,0.473444277030072,0.318622769789354,-0.000259805853035614,missense|LC,20008132605,20,8132605,
FGL2,ENSG00000127951,0.468094073108878,0.717896268631266,0.28889291383362,-0.000300994420379827,missense|LC,7077196239,7,77196239,
CNTD1,ENSG00000176563,0.468106918093675,0.315616905330659,0.306229856065076,-0.000603075651557882,missense|LC,17042794526,17,42794526,
ZNF479,ENSG00000185177,0.468137051456465,0.915744684518493,0.317654568979213,0.0000476178487219472,missense|LC,7057119780,7,57119780,
ATP10B,ENSG00000118322,0.468157118570584,0.284255663835207,0.527926870911799,-0.000285059066889808,missense|LC,5160565382,5,160565382,
PDGFC,ENSG00000145431,0.468246515861366,0.822009164868564,0.338292240958214,-0.000100885054553395,missense|LC,4156763085,4,156763085,
NAXE,ENSG00000163382,0.468278795106217,0.817699861783918,0.28746518132403,0.000161762707135701,missense|LC,1156591690,1,156591690,
CER1,ENSG00000147869,0.468375383503853,0.281086678467209,0.465642088969168,0.00121114175698395,missense|LC,9014720015,9,14720015,
DDA1,ENSG00000130311,0.468394155885937,0.296097762435995,0.372225950020811,0.0020057387381521,missense|LC,19017305826,19,17305826,
PRDM13,ENSG00000112238,0.468397095520219,0.303527904526041,0.797117497365209,0.00042531373851943,missense|LC,6099606905,6,99606905,
FKBP15,ENSG00000119321,0.468437337549393,0.279977196936717,0.602575554793332,0.000477515648768432,missense|LC,9113157675,9,113157675,
GNG13,ENSG00000127588,0.468461704813878,0.293677231511994,0.675966048577142,0.00140834850792503,missense|LC,16000793041,16,793041,
PARVB,ENSG00000188677,0.468461859869481,0.975423932571212,0.292081819392543,0.0000817202551244269,missense|LC,22043996255,22,43996255,
DYNC1LI2,ENSG00000135720,0.468502578199318,0.295103043826822,0.279755485994677,0.000945483896499992,missense|LC,16066723648,16,66723648,
SMYD4,ENSG00000186532,0.468704273983236,0.441522051875684,0.300473411324659,0.00022508925283931,missense|LC,17001774953,17,1774953,
TMEM128,ENSG00000132406,0.468716441009667,0.28224849629059,0.681089963452509,0.00151127201524782,missense|LC,4004237797,4,4237797,
CYP17A1,ENSG00000148795,0.468787154178172,0.293283898871448,0.318376808252382,0.000753849913569307,missense|LC,10102830680,10,102830680,
PLA2G12B,ENSG00000138308,0.4689341136109,0.289645806310383,0.415008184180659,0.00146641409666414,missense|LC,10072930503,10,72930503,
HIPK2,ENSG00000064393,0.468942766079104,0.887448996084722,0.277632284796134,0.0000786975340921566,missense|LC,7139572844,7,139572844,
CENPA,ENSG00000115163,0.468959847697376,0.862933045938353,0.287596330985367,0.00040273295146525,missense|LC,2026786033,2,26786033,
ZMYND15,ENSG00000141497,0.46900018588794,0.299448295690062,0.725025689742836,0.000537255009726445,missense|LC,17004735017,17,4735017,
POLE4,ENSG00000115350,0.469003394915464,0.798510334816561,0.295587481228146,0.000275637021181833,missense|LC,2074958603,2,74958603,
PDLIM4,ENSG00000131435,0.46901433797101,0.930134840565648,0.31498705670488,0.0000524991342412016,missense|LC,5132257693,5,132257693,
NDUFA11,ENSG00000174886,0.46901723192046,0.283214839371829,0.506673267828257,-0.000768583059663587,missense|LC,19005892786,19,5892786,
DCTN6,ENSG00000104671,0.469019105620999,0.282665439906615,0.351619171678598,-0.00166801318029942,missense|LC,8030156295,8,30156295,
TES,ENSG00000135269,0.469087946142759,0.308320590981951,0.477486186713659,0.000658975349567465,missense|LC,7116210584,7,116210584,
SLC41A3,ENSG00000114544,0.4691712930092,0.818809018176696,0.312759985723501,-0.0000722039574906959,missense|LC,3126006338,3,126006338,
KCNN2,ENSG00000080709,0.469185657939108,0.525985582769233,0.276598866046654,-0.00064530110936962,missense|LC,5114362776,5,114362776,
TEX12,ENSG00000150783,0.469203258716204,0.344617253753112,0.57529882297819,0.000449524942678315,missense|LC,11112169222,11,112169222,
ESYT2,ENSG00000117868,0.469230844812802,0.37051480974769,0.289939676577016,0.000319250066917661,missense|LC,7158734113,7,158734113,
AC017083.3,ENSG00000273398,0.469399632543187,0.458445500404561,0.310787002518453,0.000543735527061969,missense|LC,2068131164,2,68131164,
NOMO2,ENSG00000185164,0.469477777465298,0.292695708509919,0.640199969363564,0.000540224184517967,missense|LC,16018520599,16,18520599,
APOBEC1,ENSG00000111701,0.469608113768903,0.46808555983577,0.315393847378634,-0.000356302925286599,missense|LC,12007649459,12,7649459,
HCAR1,ENSG00000196917,0.469645568216724,0.307297665167505,0.759193870073445,-0.000540280530170143,missense|LC,12122729222,12,122729222,
PON3,ENSG00000105852,0.469705038571522,0.290555961841043,0.476443932414073,-0.000653291120199899,missense|LC,7095359889,7,95359889,
CLIP4,ENSG00000115295,0.469743641420335,0.842430827895003,0.313932097183536,0.0000659811132291054,missense|LC,2029121302,2,29121302,
ORC4,ENSG00000115947,0.469820156352011,0.323794321916934,0.437994424544774,0.000446881685053123,missense|LC,2147925948,2,147925948,
KRT10,ENSG00000186395,0.469842018573437,0.492345622589327,0.290659998538968,0.000202297168724914,missense|LC,17040818360,17,40818360,
CD1B,ENSG00000158485,0.469851700545853,0.367111195140078,0.295719919286139,-0.000544282515166271,missense|LC,1158328184,1,158328184,
CPLX3,ENSG00000213578,0.469866765487779,0.286514221055899,0.88481757106229,0.00127698683681643,missense|LC,15074821793,15,74821793,
PCDHB6,ENSG00000113211,0.469924382599935,0.313631567671927,0.338948396956658,-0.000213340447878282,missense|LC,5141150212,5,141150212,
ABCA7,ENSG00000064687,0.469929749556746,0.456035652792476,0.285184796526956,-0.000157872020923784,missense|LC,19001035980,19,1035980,
CD3E,ENSG00000198851,0.469963417017204,0.305863146176729,0.649367126819075,-0.00090429820394307,missense|LC,11118304884,11,118304884,
POU2F1,ENSG00000143190,0.470085033777852,0.807221038159629,0.301084641977295,0.00013270829489345,missense|LC,1167220826,1,167220826,
AC244197.3,ENSG00000241489,0.470219792751392,0.362084456880385,0.313173158775761,0.000488218430200215,missense|LC,23149482632,X,149482632,
LGI2,ENSG00000153012,0.470246864956074,0.897561717947274,0.283116664227692,0.0000934643755821998,missense|LC,4025003406,4,25003406,
SLC9B2,ENSG00000164038,0.470291554525929,0.665633355775224,0.294972945785785,-0.000194312859944946,missense|LC,4103019502,4,103019502,
IER3IP1,ENSG00000134049,0.470302326829729,0.292356202014514,0.353747160285183,0.00210212815378073,missense|LC,18047156162,18,47156162,
AC012254.2,ENSG00000267228,0.470302326829729,0.292356202014514,0.353747160285183,0.00210212815378073,missense|LC,18047130222,18,47130222,
POLR3G,ENSG00000113356,0.470363288295974,0.355789317360679,0.298097827332215,-0.00107340128819176,missense|LC,5090473765,5,90473765,
ANGEL2,ENSG00000174606,0.47045966789059,0.369682148306903,0.336285646853054,0.000870175364865477,missense|LC,1212988433,1,212988433,
TOMM40,ENSG00000130204,0.470461673263198,0.415460712488133,0.308586476083635,-0.000597203430080932,missense|LC,19044886254,19,44886254,
C3orf56,ENSG00000214324,0.470563896394126,0.30351897217915,0.943249011573771,0.000532553858339619,missense|LC,3127196535,3,127196535,
ALKAL2,ENSG00000189292,0.470580753954341,0.286806155633566,0.666422734616368,-0.0013824461142401,missense|LC,2000275123,2,275123,
MDM1,ENSG00000111554,0.470605014911723,0.298303781777332,0.821138918088858,-0.000460373200376413,missense|LC,12068295221,12,68295221,
ORMDL2,ENSG00000123353,0.470675954956335,0.287481761728914,0.878956780897631,-0.00173665264451078,missense|LC,12055817597,12,55817597,
PIGU,ENSG00000101464,0.47078806663077,0.304378604398789,0.857545585536977,0.000584319162884215,missense|LC,20034558000,20,34558000,
AC093525.2,ENSG00000260272,0.470790499428965,0.293234666732934,0.466457801524887,-0.000586324746936076,missense|LC,16002496039,16,2496039,
GSDMB,ENSG00000073605,0.470825482355701,0.589062607611785,0.303517089385508,-0.00021384731987611,missense|LC,17039904761,17,39904761,
DNAJC24,ENSG00000170946,0.470889575160454,0.756195046021352,0.365861245074643,-0.000242589646841716,missense|LC,11031370722,11,31370722,
IL1RAPL2,ENSG00000189108,0.470990286115151,0.348564392175015,0.439914712549062,-0.00177988568091296,missense|LC,23104658902,X,104658902,
TADA2A,ENSG00000276234,0.471029656565739,0.28804050161269,0.894679470640214,0.00102254187206395,missense|LC,17037406177,17,37406177,
AGBL2,ENSG00000165923,0.471051674099236,0.297721229558942,0.507572268809306,-0.000485566501312995,missense|LC,11047660090,11,47660090,
TLN2,ENSG00000171914,0.471062911236799,0.297223947273612,0.329729701786208,-0.000227409621796467,missense|LC,15062647197,15,62647197,
GPR151,ENSG00000173250,0.471254342463982,0.288593513281066,0.406517601466113,0.000736261116801511,missense|LC,5146509132,5,146509132,
STAC,ENSG00000144681,0.47129694717711,0.283194546516699,0.669382393556404,0.000742633379433567,missense|LC,3036380586,3,36380586,
DVL2,ENSG00000004975,0.471298216087418,0.285908908012623,0.543258252833648,-0.000592961586748555,missense|LC,17007220345,17,7220345,
UHRF1BP1L,ENSG00000111647,0.471337951473199,0.278402757109003,0.729689095654498,0.000512154690195888,missense|LC,12100037065,12,100037065,
MT1M,ENSG00000205364,0.471572448576378,0.344308066967022,0.524423080688797,0.000586357199524791,missense|LC,16056632624,16,56632624,
ZNF679,ENSG00000197123,0.471653678034639,0.297853489455401,0.933094100121888,0.000472470857299924,missense|LC,7064248990,7,64248990,
CPLX2,ENSG00000145920,0.47180954806528,0.312010013542273,0.295557433959381,-0.0016379963846788,missense|LC,5175878646,5,175878646,
IGSF9B,ENSG00000080854,0.471821253389585,0.288057107899504,0.461393241409988,0.000313571141111615,missense|LC,11133909007,11,133909007,
NCOA3,ENSG00000124151,0.471871107056657,0.286111321014736,0.366851827688176,0.000341491466267165,missense|LC,20047622227,20,47622227,
XKR3,ENSG00000172967,0.472321324481061,0.300711776902408,0.316340031926751,-0.000705342473083079,missense|LC,22016783550,22,16783550,
CITED2,ENSG00000164442,0.472450234954364,0.317128536762704,0.392261334371765,0.000402999649043616,missense|LC,6139373069,6,139373069,
CFAP206,ENSG00000272514,0.472541476138844,0.303751068497618,0.407822130318738,-0.000348077787689324,missense|LC,6087407929,6,87407929,
ZNF233,ENSG00000159915,0.472572818941706,0.681425103981808,0.29818728407553,-0.000204252829408153,missense|LC,19044264290,19,44264290,
FAM83H,ENSG00000180921,0.472682622584657,0.435943584918667,0.285073706942117,0.000232130608437111,missense|LC,8143718934,8,143718934,
CLPP,ENSG00000125656,0.472754072822422,0.84307110042642,0.283649758554034,-0.000210342828898523,missense|LC,19006361492,19,6361492,
SIGLEC12,ENSG00000254521,0.472792717131182,0.296414043835345,0.880048365505292,0.00036330031649616,missense|LC,19051490491,19,51490491,
AC098484.3,ENSG00000283580,0.472805219110872,0.733424791351449,0.310644297681782,0.000338836773539987,missense|LC,1042762310,1,42762310,
VPS26A,ENSG00000122958,0.472843923918375,0.297565488761569,0.832825295743347,-0.000854902056570627,missense|LC,10069124156,10,69124156,
YEATS2,ENSG00000163872,0.472879443668928,0.694031038671207,0.294629553112861,-0.000100925413175484,missense|LC,3183715120,3,183715120,
CACNG2,ENSG00000166862,0.472903930887659,0.308443735342414,0.686638963206971,-0.00108227876646902,missense|LC,22036564273,22,36564273,
TINF2,ENSG00000092330,0.472953634549093,0.345796295518719,0.294906630873087,0.000772029969628031,missense|LC,14024235707,14,24235707,
KLF9,ENSG00000119138,0.472962978931798,0.362874660667201,0.313785912580094,-0.00087999355082161,missense|LC,9070387721,9,70387721,
MOS,ENSG00000172680,0.472992607508574,0.881254541413474,0.286961443717412,0.000135287015489488,missense|LC,8056112860,8,56112860,
TSPAN12,ENSG00000106025,0.473008210193345,0.299228297655641,0.863803534038013,-0.000967752266898601,missense|LC,7120788493,7,120788493,
COL6A6,ENSG00000206384,0.473025767298394,0.962036437084366,0.286851616077955,-0.0000109819724990045,missense|LC,3130560341,3,130560341,
ATP5MF-PTCD1,ENSG00000248919,0.473091976126912,0.810510621391231,0.287182474498557,0.0000840530600158912,missense|LC,7099416005,7,99416005,
ITGA3,ENSG00000005884,0.473176777961008,0.918556817754039,0.294569699696687,0.0000376178827904757,missense|LC,17050056381,17,50056381,
PTPRB,ENSG00000127329,0.473192579967295,0.883735835387016,0.291724765164859,-0.000031205003518954,missense|LC,12070521421,12,70521421,
MGST3,ENSG00000143198,0.473214079467516,0.293879416635456,0.60572555665744,0.00152769916997395,missense|LC,1165632174,1,165632174,
C19orf25,ENSG00000119559,0.473234148592324,0.318710306442277,0.294010431460531,-0.00129004353192115,missense|LC,19001468205,19,1468205,
AL451062.3,ENSG00000284989,0.473274511370343,0.291233569130289,0.924176090671244,-0.00207182021617062,missense|LC,1043653123,1,43653123,
TRMT44,ENSG00000155275,0.473327509367361,0.979534544587432,0.300630760128212,0.00000489215024824985,missense|LC,4008440698,4,8440698,
DACT3,ENSG00000197380,0.473344603163475,0.305719877745383,0.335925003126487,-0.00042835656417939,missense|LC,19046648331,19,46648331,
SPDYE16,ENSG00000185040,0.473389659542435,0.351589585332225,0.308106921195527,-0.000929022225164355,missense|LC,7076532882,7,76532882,
PCSK7,ENSG00000160613,0.47340890278554,0.295987916515869,0.694987977715248,-0.000491702003102889,missense|LC,11117202917,11,117202917,
SLC26A8,ENSG00000112053,0.473438200993034,0.285737532060535,0.287097100974034,-0.000578947829304333,missense|LC,6035943773,6,35943773,
ALLC,ENSG00000151360,0.473499638156789,0.311537908317476,0.523072162750846,0.000385802186348389,missense|LC,2003671063,2,3671063,
KRT222,ENSG00000213424,0.47350078645953,0.423786293535684,0.288666620162795,0.000984157883676355,missense|LC,17040656356,17,40656356,
AC073508.2,ENSG00000264058,0.47350078645953,0.423786293535684,0.288666620162795,0.000984157883676355,missense|LC,17040628728,17,40628728,
ABCG1,ENSG00000160179,0.47350243528491,0.283464201898102,0.432404693597518,0.000732396350050647,missense|LC,21042219150,21,42219150,
AC010463.1,ENSG00000269307,0.473541907569422,0.288167720366452,0.457131377421974,-0.00177119334853697,missense|LC,19017262441,19,17262441,
ZSWIM5,ENSG00000162415,0.473577758849506,0.402428067390534,0.299659532111393,0.000249881345265177,missense|LC,1045012150,1,45012150,
SCN3B,ENSG00000166257,0.473692098905913,0.31969674887107,0.304908931494968,-0.000922826535221935,missense|LC,11123634076,11,123634076,
TRAF3IP1,ENSG00000204104,0.473773398740919,0.346533468919071,0.308515449431124,-0.000348547370610349,missense|LC,2238320488,2,238320488,
TTLL5,ENSG00000119685,0.473861713815782,0.927381097860045,0.287211369385686,0.0000250682510312659,missense|LC,14075657264,14,75657264,
COX19,ENSG00000240230,0.473903599283717,0.299118665519772,0.772995393307518,0.00137325532058182,missense|LC,7000969350,7,969350,
PCYT2,ENSG00000185813,0.473926112590197,0.446219719440539,0.309747193126198,0.000324472066173328,missense|LC,17081899345,17,81899345,
NDFIP2,ENSG00000102471,0.473962985855302,0.300162389011103,0.327822676039109,-0.000541941146345783,missense|LC,13079481124,13,79481124,
OR5AS1,ENSG00000181785,0.473977366775706,0.647799257181922,0.29017400498055,-0.000310980555457527,missense|LC,11056030362,11,56030362,
OR8K5,ENSG00000181752,0.474070863232559,0.719163797060897,0.316516377727817,-0.000175790167552667,missense|LC,11056159383,11,56159383,
BTN3A3,ENSG00000111801,0.474142684613698,0.295565450732345,0.602856814215882,-0.000353346243904682,missense|LC,6026443373,6,26443373,
BAZ1A,ENSG00000198604,0.474239702355973,0.787131154944171,0.2837542930571,-0.000143348968596314,missense|LC,14034753434,14,34753434,
GNA14,ENSG00000156049,0.474253872798289,0.466948541633092,0.307223029848392,-0.000370283814341016,missense|LC,9077423936,9,77423936,
TNNT1,ENSG00000105048,0.474270304247811,0.285306386529181,0.553645512629751,0.0012917011227138,missense|LC,19055132844,19,55132844,
DCTN1,ENSG00000204843,0.47428922750464,0.888737679511221,0.308377357024089,-0.0000426812103980127,missense|LC,2074361377,2,74361377,
ZNF703,ENSG00000183779,0.474309874211495,0.662685214465586,0.29139530097644,0.000245903954541082,missense|LC,8037695887,8,37695887,
HOXD3,ENSG00000128652,0.474445104943232,0.857222216592302,0.28392187379134,0.000181583709402315,missense|LC,2176168967,2,176168967,
SYT7,ENSG00000011347,0.474494556175151,0.39887237535781,0.299950123840551,-0.000450993996036312,missense|LC,11061518573,11,61518573,
SCAMP5,ENSG00000198794,0.474497467261329,0.680235757193544,0.281649152808974,0.000696674986660076,missense|LC,15075011784,15,75011784,
CCT2,ENSG00000166226,0.474506139601359,0.281090402852815,0.339017225124028,0.000893370819686513,missense|LC,12069585419,12,69585419,
UPK2,ENSG00000110375,0.474570708575919,0.950234681122714,0.304096273027342,-0.0000342694517546843,missense|LC,11118956286,11,118956286,
PTDSS2,ENSG00000174915,0.474594095520049,0.327506961321344,0.937433474660362,0.000432348643296101,missense|LC,11000450353,11,450353,
SLC30A9,ENSG00000014824,0.474660564949926,0.305095934515713,0.529834241744677,-0.00254594834220112,missense|LC,4041990637,4,41990637,
IMPDH1,ENSG00000106348,0.47475414418802,0.72111803976373,0.308186478569172,0.000131574303628557,missense|LC,7128392935,7,128392935,
RNF175,ENSG00000145428,0.474797912992454,0.312420971440434,0.808875883065678,0.000390322220135471,missense|LC,4153705155,4,153705155,
CDH8,ENSG00000150394,0.474821190154559,0.309806766721472,0.828450041952661,-0.000461961032373718,missense|LC,16061652018,16,61652018,
OR52M1,ENSG00000197790,0.474969085123459,0.482178809002214,0.309520907261957,0.000274898655255057,missense|LC,11004545162,11,4545162,
TLR3,ENSG00000164342,0.475085383743651,0.494926231607668,0.286260182110483,0.000331170261840876,missense|LC,4186076550,4,186076550,
DIPK2A,ENSG00000181744,0.475089753855453,0.285357635647976,0.409217286677997,-0.00114115691189402,missense|LC,3143972236,3,143972236,
SDC3,ENSG00000162512,0.475169246008204,0.839681646759196,0.295830275967308,-0.0000881132943934301,missense|LC,1030873174,1,30873174,
SERPINB11,ENSG00000206072,0.475172706128681,0.404085621482398,0.327884705447593,-0.000401264978482852,missense|LC,18063710195,18,63710195,
TMEM229A,ENSG00000234224,0.475237157368489,0.743164030768763,0.305569927752586,-0.000259313988681491,missense|LC,7124031764,7,124031764,
PGK2,ENSG00000170950,0.475269053817726,0.851084843589154,0.285912511113067,-0.000127659656354641,missense|LC,6049785878,6,49785878,
OR52R1,ENSG00000279270,0.475324444983325,0.295238903868698,0.714371707955601,-0.000584605843966924,missense|LC,11004803403,11,4803403,
MPZL1,ENSG00000197965,0.47534709504326,0.295218708496806,0.769598153043622,-0.00106962882648255,missense|LC,1167721991,1,167721991,
TTC23,ENSG00000103852,0.475402608078363,0.568104828174609,0.290232552947072,0.000412720308702505,missense|LC,15099131324,15,99131324,
SLC35F5,ENSG00000115084,0.475527244320042,0.326940783441372,0.443169615073179,-0.000379807545485793,missense|LC,2113717727,2,113717727,
XPO4,ENSG00000132953,0.475543285811283,0.288061632678424,0.401046272483624,0.000661414634605053,missense|LC,13020783638,13,20783638,
RNF13,ENSG00000082996,0.47563769643528,0.289998385294295,0.665692086591677,0.00126323452873003,missense|LC,3149845998,3,149845998,
FLOT2,ENSG00000132589,0.475688997114268,0.839889707954116,0.283533973464012,0.00016008392312203,missense|LC,17028879280,17,28879280,
UGT1A5,ENSG00000240224,0.475818543622701,0.984761094023827,0.283060565782389,0.00000733821519438606,missense|LC,2233712842,2,233712842,
VSTM4,ENSG00000165633,0.475840415106971,0.305765001478866,0.556954894847676,0.000453051988541068,missense|LC,10049019503,10,49019503,
COL9A3,ENSG00000092758,0.475946135989703,0.294445197060114,0.591442334492461,-0.000283037452053652,missense|LC,20062812151,20,62812151,
GPR150,ENSG00000178015,0.476019088270362,0.448226967698288,0.300944176389657,-0.000427433601654685,missense|LC,5095620219,5,95620219,
AC025165.6,ENSG00000287908,0.476043594509634,0.86739891910522,0.296140531974324,0.000159436994855859,missense|LC,12057610284,12,57610284,
HMCN1,ENSG00000143341,0.47606419215778,0.291415361150958,0.83168559632659,0.000360111248500883,missense|LC,1185734707,1,185734707,
TNIP1,ENSG00000145901,0.476078374331902,0.454549296762114,0.296314892328673,0.000381197592733106,missense|LC,5151025269,5,151025269,
SGSM2,ENSG00000141258,0.476094085859516,0.290310570412654,0.339643969568952,0.000363059460351468,missense|LC,17002332889,17,2332889,
TPGS2,ENSG00000134779,0.476128286664698,0.500065496505147,0.318074528567851,-0.000354924748131586,missense|LC,18036781674,18,36781674,
TMEM250,ENSG00000238227,0.476161736450735,0.348774398958862,0.443759883031715,-0.000464504527036832,missense|LC,9136116294,9,136116294,
HOXB9,ENSG00000170689,0.476264254629115,0.3554859069257,0.460148807397804,-0.00037564765233517,missense|LC,17048622860,17,48622860,
FGF16,ENSG00000196468,0.476293308851226,0.31459076889941,0.753866785228045,0.0018074976282075,missense|LC,23077454154,X,77454154,
BRPF1,ENSG00000156983,0.476355095963277,0.283134377779601,0.733539874828564,-0.000628964837812508,missense|LC,3009726737,3,9726737,
NDUFC2,ENSG00000151366,0.47642767580402,0.410538240961717,0.290381631561527,0.00125855736095774,missense|LC,11078063796,11,78063796,
POP1,ENSG00000104356,0.476462117127336,0.292572250865109,0.426924558321795,-0.000405450989726647,missense|LC,8098116972,8,98116972,
HEPACAM,ENSG00000165478,0.476485537356677,0.31802739713032,0.28819620353712,-0.000787115448613299,missense|LC,11124919651,11,124919651,
RNASEH2A,ENSG00000104889,0.476583188533324,0.43062160966869,0.291724926276049,-0.000643769640640181,missense|LC,19012806587,19,12806587,
ATAD1,ENSG00000138138,0.476611815709281,0.925723186852366,0.313803509871008,-0.0000822087708324114,missense|LC,10087754583,10,87754583,
PIAS1,ENSG00000033800,0.476652544282799,0.286396324551433,0.540235321731339,-0.00115845595781879,missense|LC,15068054228,15,68054228,
HBZ,ENSG00000130656,0.47686713767228,0.320841273737993,0.773305710051407,-0.00201127092441438,missense|LC,16000152749,16,152749,
PAQR3,ENSG00000163291,0.476989823118802,0.942915611010657,0.286986629138358,-0.0000804266153501184,missense|LC,4078910550,4,78910550,
OCIAD2,ENSG00000145247,0.477120629131958,0.302079346043633,0.812713358446942,0.00116607635809923,missense|LC,4048885463,4,48885463,
PSEN1,ENSG00000080815,0.477192343326441,0.298519555364092,0.963884182107029,-0.000954723809085059,missense|LC,14073147974,14,73147974,
CCDC184,ENSG00000177875,0.477223792274575,0.50261902797908,0.327124389005706,-0.000397993562375047,missense|LC,12048184069,12,48184069,
KRTAP4-7,ENSG00000240871,0.477245763808936,0.320959519647783,0.54447752314783,-0.000448944795582442,missense|LC,17041084108,17,41084108,
YDJC,ENSG00000161179,0.477246705295949,0.477094252936426,0.295413060966135,0.000523083407993036,missense|LC,22021628278,22,21628278,
ZNF316,ENSG00000205903,0.477268507362847,0.964895031776205,0.283105354869758,-0.0000187069890048591,missense|LC,7006642344,7,6642344,
REEP2,ENSG00000132563,0.477344609719463,0.480165554723032,0.293046318405534,0.000903144962163151,missense|LC,5138435571,5,138435571,
NEUROG3,ENSG00000122859,0.477351399732438,0.88143203673633,0.303996354574921,-0.000147526794712801,missense|LC,10069572301,10,69572301,
PCBP1,ENSG00000169564,0.477355407306725,0.951456609233071,0.321312241491386,-0.0000587076383198661,missense|LC,2070087703,2,70087703,
MLANA,ENSG00000120215,0.477372797017946,0.305377756902505,0.572886196054377,0.00119798840198357,missense|LC,9005892413,9,5892413,
SLC39A7,ENSG00000112473,0.47737457351533,0.843340672433808,0.307898312033694,0.000101779792846678,missense|LC,6033195867,6,33195867,
FBLN1,ENSG00000077942,0.477390948695142,0.286402053880169,0.384663848786543,-0.000594529488453078,missense|LC,22045502942,22,45502942,
TRIM41,ENSG00000146063,0.477470563493599,0.938753575609071,0.288741764549962,0.0000336567277740613,missense|LC,5181223914,5,181223914,
GABRE,ENSG00000102287,0.477549635192366,0.634686501422705,0.324682720770264,-0.000108431531309776,missense|LC,23151954661,X,151954661,
COLEC12,ENSG00000158270,0.477569972466012,0.550421976027739,0.303819481403477,-0.000189945848763711,missense|LC,18000320012,18,320012,
KIF2A,ENSG00000068796,0.477577491600686,0.285843155629436,0.859384827319895,-0.00119220661898987,missense|LC,5062306425,5,62306425,
AKAP6,ENSG00000151320,0.477611544073764,0.426439576713818,0.299326480976173,0.000177649965518044,missense|LC,14032433422,14,32433422,
PPP2R2C,ENSG00000074211,0.478000594462557,0.290843036523439,0.447438672243201,0.00130920278537322,missense|LC,4006323202,4,6323202,
TPPP3,ENSG00000159713,0.478036265488531,0.459223399123779,0.292252180082715,-0.00107632348277839,missense|LC,16067384822,16,67384822,
ENKUR,ENSG00000151023,0.478039186808429,0.606401008574464,0.335084329639369,-0.000248104199401563,missense|LC,10024984278,10,24984278,
LSM8,ENSG00000128534,0.47807945302092,0.731034149227322,0.305561834393856,0.000793521913290297,missense|LC,7118184103,7,118184103,
TVP23C-CDRT4,ENSG00000259024,0.478126755291579,0.409572448677168,0.304388317758695,-0.000944520840055308,missense|LC,17015437694,17,15437694,
FRMD3,ENSG00000172159,0.47825227641446,0.513236522952171,0.308381528388433,0.000294446110872642,missense|LC,9083243117,9,83243117,
ABCF3,ENSG00000161204,0.478357995371877,0.295241417241574,0.610346145485929,0.000480700047716703,missense|LC,3184181031,3,184181031,
XKR7,ENSG00000260903,0.478373365896004,0.290710768964192,0.66332804743727,0.000588260281500365,missense|LC,20031968080,20,31968080,
RAB41,ENSG00000147127,0.478401463335611,0.365784934042471,0.295743489003156,-0.00105476813854951,missense|LC,23070277290,X,70277290,
ZNF219,ENSG00000165804,0.478403680903252,0.525225104276635,0.293109957909396,0.000364421325066011,missense|LC,14021085580,14,21085580,
TOLLIP,ENSG00000078902,0.478449057961041,0.290489516203967,0.406811116730373,0.000909488939745762,missense|LC,11001276591,11,1276591,
CDH1,ENSG00000039068,0.478461328561073,0.31132499754444,0.790389687112374,-0.000395599213766667,missense|LC,16068737350,16,68737350,
MYL5,ENSG00000215375,0.478577374450445,0.320130643026944,0.474160511518531,-0.000302569500761997,missense|LC,4000673160,4,673160,
DAG1,ENSG00000173402,0.478624232382639,0.90447341939714,0.30489010947819,-0.0000506512283292915,missense|LC,3049510470,3,49510470,
IQSEC1,ENSG00000144711,0.478751060519187,0.427340387708529,0.307523491986831,-0.000171980614927776,missense|LC,3012899293,3,12899293,
ZNF699,ENSG00000196110,0.478810220005762,0.301134314275465,0.858259040071485,-0.000611039145943326,missense|LC,19009295358,19,9295358,
TMBIM1,ENSG00000135926,0.478812508500993,0.325663296921735,0.532316359165939,-0.000459429696754892,missense|LC,2218269280,2,218269280,
TCF21,ENSG00000118526,0.478828199482917,0.632446987633488,0.316721722547089,0.000423419278113587,missense|LC,6133889337,6,133889337,
STAB2,ENSG00000136011,0.47885730119377,0.291526489449151,0.777331173798449,0.000219983040785297,missense|LC,12103587422,12,103587422,
PTPRA,ENSG00000132670,0.478873480755104,0.299932429222655,0.599795795406547,-0.000830243428322133,missense|LC,20002859632,20,2859632,
ATP8A1,ENSG00000124406,0.478919903131498,0.85364784764762,0.318889327490117,0.000065787876465564,missense|LC,4042412855,4,42412855,
SOX21,ENSG00000125285,0.478964086643956,0.311861209926873,0.451381331303771,-0.000607864919993728,missense|LC,13094711117,13,94711117,
KRTAP5-1,ENSG00000205869,0.479051004359399,0.313793251124711,0.674477115353745,-0.000324467318131769,missense|LC,11001584332,11,1584332,
NPAP1,ENSG00000185823,0.479114618689141,0.307191392813936,0.52288962829267,0.000282706256781385,missense|LC,15024675814,15,24675814,
SPDYE21,ENSG00000230358,0.479122862882582,0.703548072727963,0.3094692277786,-0.000158185383622208,missense|LC,7067279633,7,67279633,
PUS3,ENSG00000110060,0.479199347679718,0.866983595711664,0.320126679812203,-0.0000726325416025403,missense|LC,11125893711,11,125893711,
ABCG4,ENSG00000172350,0.479307701251577,0.699559830113912,0.314834183744768,-0.000160018865500493,missense|LC,11119149818,11,119149818,
ADAM20,ENSG00000134007,0.479326499388058,0.466014436888134,0.309621284007767,-0.00028066497758339,missense|LC,14070522496,14,70522496,
POTEJ,ENSG00000222038,0.479370842044894,0.495588654898099,0.300110070886593,0.000138122842070324,missense|LC,2130611689,2,130611689,
PTGES,ENSG00000148344,0.479386016680938,0.369516464816201,0.297274209263976,-0.00119517248539464,missense|LC,9129739479,9,129739479,
BICRAL,ENSG00000112624,0.479542896015068,0.384567658645902,0.315775189898408,-0.000278548200565354,missense|LC,6042821984,6,42821984,
GPRC6A,ENSG00000173612,0.479606428515415,0.307120221103609,0.422963021397876,0.000338205160346757,missense|LC,6116792088,6,116792088,
FAP,ENSG00000078098,0.479645158127395,0.31370300243917,0.513687159312666,0.000414049595251924,missense|LC,2162170939,2,162170939,
SRSF8,ENSG00000263465,0.479699538031109,0.293444968502193,0.773401619420071,0.00075209111852135,missense|LC,11095067197,11,95067197,
SLC39A10,ENSG00000196950,0.479702912744055,0.925036136593009,0.289843300687902,0.0000728513790075543,missense|LC,2195657307,2,195657307,
LRWD1,ENSG00000161036,0.479807963874972,0.529456886559683,0.296992803375685,0.000221534861904215,missense|LC,7102464562,7,102464562,
GAST,ENSG00000184502,0.479848348842861,0.316578395921041,0.654544056384215,0.000687336696219623,missense|LC,17041715380,17,41715380,
TMED7-TICAM2,ENSG00000251201,0.479882017668342,0.306475839365802,0.3049129030095,-0.000906858569268222,missense|LC,5115580415,5,115580415,
TBC1D3I,ENSG00000274933,0.480020191932286,0.316363887712875,0.758152059172833,-0.00577814899478445,missense|LC,17036254439,17,36254439,
GPR108,ENSG00000125734,0.480101120689088,0.327824170750965,0.438764311139358,-0.00022789882930256,missense|LC,19006730245,19,6730245,
ORAI3,ENSG00000175938,0.480173429985405,0.4298124813194,0.313375101762145,0.000523467999758007,missense|LC,16030946653,16,30946653,
BTBD3,ENSG00000132640,0.480183096353734,0.483184675163519,0.337646490709943,-0.000435210912565154,missense|LC,20011890676,20,11890676,
RPS10,ENSG00000124614,0.480191156636237,0.61896720131465,0.291854144836007,-0.00084406601321537,missense|LC,6034417447,6,34417447,
LIPJ,ENSG00000204022,0.480198013201836,0.437694827688762,0.321788606114209,-0.000329380176517864,missense|LC,10088582162,10,88582162,
CEP72,ENSG00000112877,0.480204606078292,0.293495414167526,0.726942193063487,0.000428969060034075,missense|LC,5000612267,5,612267,
MINK1,ENSG00000141503,0.480304756412724,0.312867881766584,0.293487596047015,0.000369452152806527,missense|LC,17004833514,17,4833514,
PALMD,ENSG00000099260,0.48031140411173,0.304905917599827,0.373809592205031,0.000416035748406928,missense|LC,1099646261,1,99646261,
COX20,ENSG00000203667,0.480449397399056,0.315702645623231,0.722878573281379,-0.000930570019046708,missense|LC,1244835631,1,244835631,
PGF,ENSG00000119630,0.480450813377412,0.295159680422468,0.377160538660237,-0.00113691261732314,missense|LC,14074942638,14,74942638,
FANCD2,ENSG00000144554,0.480586291967655,0.298053547012617,0.712759289100205,-0.000350291476992068,missense|LC,3010023546,3,10023546,
RTL10,ENSG00000215012,0.480611020657796,0.716503366315389,0.318787012282458,0.000177873238699436,missense|LC,22019846342,22,19846342,
KIF13A,ENSG00000137177,0.480638367692221,0.303411151931252,0.327926915529422,-0.000259767074815753,missense|LC,6017760781,6,17760781,
KLHDC10,ENSG00000128607,0.480642611069325,0.288630540814127,0.538965516062808,0.00177603158068588,missense|LC,7130070537,7,130070537,
PTK6,ENSG00000101213,0.480726808856222,0.736581702783843,0.283106471445937,-0.000227024124348648,missense|LC,20063529434,20,63529434,
GPSM2,ENSG00000121957,0.480732892694844,0.987405696108874,0.288555174727282,-0.00000832571809171775,missense|LC,1108885520,1,108885520,
ABCB7,ENSG00000131269,0.480756674853535,0.54356147570802,0.3378761697178,0.000299780722211704,missense|LC,23075053287,X,75053287,
PCGF2,ENSG00000277258,0.480761268908525,0.293551418767666,0.645035119302828,0.000871293117886017,missense|LC,17038730278,17,38730278,
SIDT2,ENSG00000149577,0.480766555445387,0.761857128394917,0.306791814540914,0.000086345181684109,missense|LC,11117174852,11,117174852,
PCSK2,ENSG00000125851,0.480828929383746,0.967396098608806,0.285407833241699,-0.0000400243026489746,missense|LC,20017227259,20,17227259,
PACC1,ENSG00000065600,0.480892120720363,0.318857394573844,0.677662599574071,-0.000677133240121522,missense|LC,1212360569,1,212360569,
RPS11,ENSG00000142534,0.480974749901179,0.292660717679088,0.513913243787819,0.00293051664177735,missense|LC,19049491449,19,49491449,
KCNA4,ENSG00000182255,0.480981992798124,0.297430697980672,0.56944353461181,-0.000781658950446458,missense|LC,11030010574,11,30010574,
KATNB1,ENSG00000140854,0.480995083915452,0.31248270810481,0.725292982112536,-0.000385641403374871,missense|LC,16057730841,16,57730841,
COL7A1,ENSG00000114270,0.481139035831455,0.341282827487865,0.294770956522471,-0.000171460415834018,missense|LC,3048561008,3,48561008,
C14orf132,ENSG00000227051,0.48114172976887,0.345603945593493,0.845184080372297,0.000615551282981366,missense|LC,14096039397,14,96039397,
AGMO,ENSG00000187546,0.481142093321742,0.295133311492753,0.750735655929083,0.000539691201190742,missense|LC,7015201247,7,15201247,
KLC1,ENSG00000126214,0.481149811921112,0.292564006520599,0.441337356344233,-0.00101511612404497,missense|LC,14103654495,14,103654495,
CD80,ENSG00000121594,0.481240015957473,0.468158262595633,0.299468715295934,0.000687008491583825,missense|LC,3119523515,3,119523515,
BRD2,ENSG00000204256,0.481244561642611,0.436929154021497,0.305901844290853,-0.000241247229973049,missense|LC,6032972771,6,32972771,
BRI3,ENSG00000164713,0.481283918119563,0.556913906905996,0.289112486599781,0.00113239598509371,missense|LC,7098281722,7,98281722,
CSNK1E,ENSG00000213923,0.481351130410701,0.30057227718906,0.305613078210051,-0.00114852797336324,missense|LC,22038293214,22,38293214,
GYG2,ENSG00000056998,0.481445592511003,0.48960552129796,0.304811768939761,0.000337063293468479,missense|LC,23002830128,X,2830128,
TAS1R2,ENSG00000179002,0.48153549458269,0.88556156941273,0.308984243858714,-0.0000467349676461501,missense|LC,1018839508,1,18839508,
MEAF6,ENSG00000163875,0.481583062381669,0.309966717063297,0.306637022004785,-0.00172632661701942,missense|LC,1037493724,1,37493724,
UPK3A,ENSG00000100373,0.481597716434204,0.932622861509933,0.316237673212361,0.0000453239538581232,missense|LC,22045284939,22,45284939,
PTCD1,ENSG00000106246,0.481624062747934,0.837454777048926,0.293338610282657,0.0000721201962346549,missense|LC,7099416005,7,99416005,
AL353588.1,ENSG00000272442,0.481651475703568,0.291898249347717,0.956399039436628,0.00202695119685723,missense|LC,6044270720,6,44270720,
NUP37,ENSG00000075188,0.481727712010382,0.295131902842741,0.673676748906076,-0.00120512591863198,missense|LC,12102074336,12,102074336,
RASGRF1,ENSG00000058335,0.481729080015125,0.679178586930105,0.317181687752157,0.000274930845473369,missense|LC,15078962118,15,78962118,
PELI3,ENSG00000174516,0.481814966499784,0.841975439763944,0.315516728834331,-0.000100406978549794,missense|LC,11066468014,11,66468014,
PCDHA12,ENSG00000251664,0.48184414118942,0.537068223519245,0.313049422423661,0.000116163487952957,missense|LC,5140870308,5,140870308,
WDR83,ENSG00000123154,0.481857404536508,0.327652151526848,0.496601161456638,-0.000459517414956674,missense|LC,19012663219,19,12663219,
AC025263.2,ENSG00000258052,0.481918419020042,0.658301802800808,0.298622239765872,0.00118051742159747,missense|LC,12069800137,12,69800137,
SLC25A25,ENSG00000148339,0.48205116327084,0.750249158173132,0.303764693471494,0.000170754841535679,missense|LC,9128063358,9,128063358,
SPRED1,ENSG00000166068,0.482164795698552,0.294908256314975,0.880848694268097,0.00096716433101548,missense|LC,15038253111,15,38253111,
STX3,ENSG00000166900,0.482324545856964,0.543879267856107,0.332112229086753,0.000333937621075372,missense|LC,11059755480,11,59755480,
ERCC5,ENSG00000134899,0.482517845227673,0.295080325252786,0.657507579942209,0.000333264792490238,missense|LC,13102846213,13,102846213,
KLC3,ENSG00000104892,0.48259289201809,0.300412793324612,0.500150172410512,-0.000368734836387622,missense|LC,19045345416,19,45345416,
SMCO4,ENSG00000166002,0.482626983691814,0.300752310251447,0.412208393174822,-0.00249691734946455,missense|LC,11093478773,11,93478773,
SFXN1,ENSG00000164466,0.48269454350229,0.342414045656394,0.639467713959064,0.000498920166973897,missense|LC,5175492039,5,175492039,
POMC,ENSG00000115138,0.482702755511761,0.33351814627432,0.317720533750798,0.000314187374469948,missense|LC,2025160941,2,25160941,
ARHGEF12,ENSG00000196914,0.482710345610484,0.303513793304052,0.603889952951754,0.000372449631283544,missense|LC,11120337148,11,120337148,
AC119396.1,ENSG00000263264,0.482721287257605,0.303419702349789,0.553749280330891,-0.000414616326754116,missense|LC,19007355538,19,7355538,
NEURL1B,ENSG00000214357,0.482744226758312,0.789434804473855,0.29249844516082,0.000235733636079676,missense|LC,5172641301,5,172641301,
GFRA1,ENSG00000151892,0.482962702023135,0.292173862935522,0.823875960840595,-0.000886136603308479,missense|LC,10116064336,10,116064336,
RNASE6,ENSG00000169413,0.483053878497687,0.310301756951166,0.372450516855049,-0.000954946389580446,missense|LC,14020781643,14,20781643,
AC008012.1,ENSG00000285901,0.483074148426745,0.918157356044756,0.304221003255222,0.000102242211843155,missense|LC,12004273957,12,4273957,
TMEM39B,ENSG00000121775,0.483088903375908,0.383895624341633,0.292399052457042,0.00068669337283853,missense|LC,1032072921,1,32072921,
KANSL2,ENSG00000139620,0.483125743846511,0.295593086607747,0.611997415601562,0.000983608601777531,missense|LC,12048653949,12,48653949,
SRSF10,ENSG00000188529,0.483160732697298,0.296996738865744,0.67284696004677,0.00185958324371673,missense|LC,1023961392,1,23961392,
DMPK,ENSG00000104936,0.483178546042305,0.690373211891142,0.292331504836492,0.000182939627504359,missense|LC,19045765381,19,45765381,
H2BC5,ENSG00000158373,0.48324940318939,0.977345167338583,0.297389001704864,-0.0000416347917766787,missense|LC,6026156316,6,26156316,
CASP1,ENSG00000137752,0.483289603357584,0.31120852062643,0.353477836850142,0.000457865750265662,missense|LC,11105023070,11,105023070,
HSD17B13,ENSG00000170509,0.48330208086272,0.966238357660759,0.293968133224822,0.0000288606222527606,missense|LC,4087305192,4,87305192,
PYGM,ENSG00000068976,0.483443205535119,0.300279544277498,0.687712502867173,-0.000303780489724475,missense|LC,11064741399,11,64741399,
KLHDC7B,ENSG00000130487,0.483450921495547,0.897790557958454,0.296084141105591,0.0000577128445342731,missense|LC,22050548050,22,50548050,
MGAT3,ENSG00000128268,0.483594956670111,0.73176600064004,0.328205601377403,-0.000157487347465164,missense|LC,22039487260,22,39487260,
TMUB1,ENSG00000164897,0.48386931333637,0.729607684816637,0.328225976777857,0.000262972957901349,missense|LC,7151076090,7,151076090,
NFAM1,ENSG00000235568,0.483920551167909,0.522522616455382,0.29486650967463,0.000542340589362237,missense|LC,22042385116,22,42385116,
VPS53,ENSG00000141252,0.484025947753177,0.950771301027515,0.294472655311687,-0.0000295420570097532,missense|LC,17000519024,17,519024,
ETS2,ENSG00000157557,0.484157529061754,0.334902349254103,0.481772393009301,0.000401141486514863,missense|LC,21038805254,21,38805254,
HASPIN,ENSG00000177602,0.484196153772676,0.986052197762848,0.299615213637118,-0.00000470378595408127,missense|LC,17003720310,17,3720310,
SATB2,ENSG00000119042,0.484203710250256,0.356047891379923,0.288235190293043,-0.00135891711641243,missense|LC,2199272138,2,199272138,
MBNL3,ENSG00000076770,0.484241188194878,0.639124476257231,0.319203753211706,0.000358284759343192,missense|LC,23132379597,X,132379597,
SIRPD,ENSG00000125900,0.484248236544789,0.32737270039613,0.292799499948752,-0.00124795054962647,missense|LC,20001534313,20,1534313,
STT3B,ENSG00000163527,0.484414590183999,0.350185683296007,0.29215193868587,-0.000895288777062031,missense|LC,3031532828,3,31532828,
EIF3J,ENSG00000104131,0.484484173291743,0.393719262430866,0.307928067512806,0.000765763813560563,missense|LC,15044537053,15,44537053,
CDC25C,ENSG00000158402,0.484519365501035,0.3181762318707,0.627014792163419,-0.000566277759213075,missense|LC,5138285623,5,138285623,
LIMD1,ENSG00000144791,0.484543341228165,0.38822039638835,0.30438039830287,-0.000304588748646754,missense|LC,3045594844,3,45594844,
GAB2,ENSG00000033327,0.484552347250364,0.761653981227345,0.300549262958892,-0.000163094196096182,missense|LC,11078210290,11,78210290,
TXLNG,ENSG00000086712,0.484676115676314,0.817606063595345,0.299720876119189,-0.000126328327257539,missense|LC,23016786433,X,16786433,
CRIP3,ENSG00000146215,0.484738042266068,0.358601800716892,0.295172328625686,-0.00128400940162176,missense|LC,6043301031,6,43301031,
SPESP1,ENSG00000258484,0.484856764936631,0.553904648721776,0.294693804435024,0.000560050430670959,missense|LC,15068930537,15,68930537,
KDM5C,ENSG00000126012,0.48491233352389,0.293975868336771,0.35685479670749,0.000600350068013783,missense|LC,23053192683,X,53192683,
JUN,ENSG00000177606,0.48492048032946,0.298856755616114,0.532993252242613,-0.00105097406034612,missense|LC,1058782026,1,58782026,
PAFAH1B2,ENSG00000168092,0.484934127925946,0.303962772396681,0.748706784541084,0.00153470806668081,missense|LC,11117152423,11,117152423,
USP45,ENSG00000123552,0.48504206567397,0.637591778075895,0.297849838288693,-0.000234892733622446,missense|LC,6099435643,6,99435643,
XRN2,ENSG00000088930,0.485081592776628,0.33582888332221,0.305429496938701,-0.000373751114709248,missense|LC,20021303289,20,21303289,
REEP1,ENSG00000068615,0.485124801168984,0.353022078190931,0.3009775195015,0.00130908541094649,missense|LC,2086211791,2,86211791,
MEP1B,ENSG00000141434,0.485176039203568,0.539447444919035,0.296029536054597,-0.000332288154079724,missense|LC,18032190019,18,32190019,
FGF20,ENSG00000078579,0.485314732449343,0.555148844242123,0.311517291456692,-0.000841187963780689,missense|LC,8016992961,8,16992961,
DUSP1,ENSG00000120129,0.485316701966076,0.540146996588191,0.348542082511941,-0.000295708967085497,missense|LC,5172763104,5,172763104,
CASP9,ENSG00000132906,0.485319272125182,0.419914462984003,0.31142875384365,0.000394265956995093,missense|LC,1015487224,1,15487224,
EML2,ENSG00000125746,0.485323008176704,0.399163047208353,0.317750121935527,0.000282425595073907,missense|LC,19045609645,19,45609645,
MUL1,ENSG00000090432,0.485386003500472,0.927928709131477,0.315485822904897,-0.0000630791150154529,missense|LC,1020500574,1,20500574,
IFNW1,ENSG00000177047,0.485398958542856,0.321315784380795,0.307847817563612,-0.000696006997024659,missense|LC,9021140946,9,21140946,
DENND2B,ENSG00000166444,0.485452852073281,0.948240906326999,0.306278422288088,0.0000247340330298957,missense|LC,11008694015,11,8694015,
AKR1B10,ENSG00000198074,0.485485855940699,0.676524157982699,0.302213207675909,-0.000215606721983626,missense|LC,7134527781,7,134527781,
ZNF385A,ENSG00000161642,0.485511172092344,0.819126838267177,0.314102607015216,0.00018004694068821,missense|LC,12054370187,12,54370187,
USF1,ENSG00000158773,0.485611390820253,0.297310953315525,0.499626669752576,-0.00129257065471761,missense|LC,1161037699,1,161037699,
TTPAL,ENSG00000124120,0.485634971511447,0.307798702023496,0.32149321152701,-0.00105404391620711,missense|LC,20044479924,20,44479924,
LRRC4C,ENSG00000148948,0.485676584200722,0.801639090486941,0.318625044894054,0.000106326061287401,missense|LC,11040114265,11,40114265,
ABCD4,ENSG00000119688,0.485802179797063,0.303792624519454,0.465081563764895,-0.000342199515403119,missense|LC,14074286371,14,74286371,
SLC25A27,ENSG00000153291,0.485805693393112,0.294205564801158,0.334594416538039,0.0012364993829103,missense|LC,6046652324,6,46652324,
CHRNA6,ENSG00000147434,0.485892883127579,0.297234523867912,0.627588982338885,0.000575469041355819,missense|LC,8042753098,8,42753098,
NDUFB4,ENSG00000065518,0.486128757392103,0.909850755539268,0.301883328222902,0.000153296241197483,missense|LC,3120596257,3,120596257,
TMEM171,ENSG00000157111,0.486293582494667,0.854878218949754,0.294173036196516,-0.000125698559627738,missense|LC,5073120445,5,73120445,
MACROD1,ENSG00000133315,0.486368196829836,0.800177986246478,0.31260021721486,-0.0002451617288117,missense|LC,11063996445,11,63996445,
SLC28A3,ENSG00000197506,0.486378828941903,0.437717498138169,0.297589663153738,0.000397102580525258,missense|LC,9084278098,9,84278098,
SF3B4,ENSG00000143368,0.486412667718262,0.479492616565135,0.290148433506035,-0.00100307529608463,missense|LC,1149923480,1,149923480,
CLDN5,ENSG00000184113,0.486487059936284,0.547798172825473,0.294353665558436,-0.000527061369554365,missense|LC,22019518792,22,19518792,
INTS6L,ENSG00000165359,0.486534190134712,0.320971692030935,0.525906079987975,-0.000379261027026891,missense|LC,23135520932,X,135520932,
PCLO,ENSG00000186472,0.486544342604037,0.878290706272402,0.286606563560972,-0.0000330008568840107,missense|LC,7082758512,7,82758512,
ABHD6,ENSG00000163686,0.486572484692362,0.857127488500086,0.304477005767155,0.000147600259101195,missense|LC,3058256547,3,58256547,
TMEM189-UBE2V1,ENSG00000124208,0.48673706267342,0.61274468599721,0.30380170632037,-0.000479024138081081,missense|LC,20050082607,20,50082607,
P2RX1,ENSG00000108405,0.486756324526856,0.606364094590091,0.290182267582405,0.000442486628028286,missense|LC,17003897742,17,3897742,
LDHAL6B,ENSG00000171989,0.486803508516899,0.308770073816466,0.617438230126801,-0.000462935899573786,missense|LC,15059202264,15,59202264,
AC005154.5,ENSG00000281039,0.486913857246469,0.623417384748163,0.368214420583024,-0.000540964902981072,missense|LC,7030497059,7,30497059,
OR8B2,ENSG00000284680,0.487223746182367,0.701026037122388,0.340775846504018,-0.000211667391514818,missense|LC,11124382329,11,124382329,
GIMAP4,ENSG00000133574,0.487261921416131,0.309413779395873,0.766283965171494,-0.000706655075320638,missense|LC,7150569893,7,150569893,
RPIA,ENSG00000153574,0.487385862190763,0.856646275429193,0.292479927668783,-0.000210291975470517,missense|LC,2088691574,2,88691574,
NUDT1,ENSG00000106268,0.487410126840073,0.570192836338746,0.318420802665749,-0.000256237630616374,missense|LC,7002239342,7,2239342,
QTRT2,ENSG00000151576,0.487588198017643,0.302388111990864,0.454616558768463,0.000812080655541433,missense|LC,3114053567,3,114053567,
DVL1,ENSG00000107404,0.48759056924987,0.291017407193845,0.531513834119605,-0.000374041694374753,missense|LC,1001331236,1,1331236,
ENTPD4,ENSG00000197217,0.487610863096577,0.734280825876389,0.301573772809796,-0.000145860941538069,missense|LC,8023429036,8,23429036,
HSD17B4,ENSG00000133835,0.487657572097025,0.607312565446041,0.317514472576825,-0.000201513191852741,missense|LC,5119452452,5,119452452,
CCM2,ENSG00000136280,0.487697413563485,0.552790510021612,0.297969985508587,0.000450467797349499,missense|LC,7045027634,7,45027634,
CHCHD2,ENSG00000106153,0.487719974832493,0.30344773375982,0.698170767986502,0.00113078235326878,missense|LC,7056101785,7,56101785,
SDF2,ENSG00000132581,0.48781251724503,0.313084954857159,0.372341323119311,0.00106683629284015,missense|LC,17028643347,17,28643347,
IFNL1,ENSG00000182393,0.487839357201708,0.411590946431528,0.303028741873553,0.000721346726131997,missense|LC,19039296323,19,39296323,
KLF5,ENSG00000102554,0.48783963085291,0.650311808140986,0.301427609430021,-0.000320498156244388,missense|LC,13073059215,13,73059215,
UBE2G1,ENSG00000132388,0.487901497954819,0.391859122243584,0.307325349201031,0.00270530611814917,missense|LC,17004282757,17,4282757,
VWA1,ENSG00000179403,0.488105257784049,0.582888835000558,0.293436158528261,-0.000295034706536412,missense|LC,1001435642,1,1435642,
OR6K6,ENSG00000180433,0.48820249163569,0.333661473262332,0.382450326045921,0.000226066506868383,missense|LC,1158754781,1,158754781,
PUM2,ENSG00000055917,0.488234952172421,0.42951012831837,0.307401385819164,-0.000399193091378253,missense|LC,2020251474,2,20251474,
SERPINB5,ENSG00000206075,0.488254986192998,0.304794502427045,0.461342757354564,0.000759070058034486,missense|LC,18063484356,18,63484356,
CD83,ENSG00000112149,0.488298349377217,0.298128581343713,0.861461747512482,0.00136917781864159,missense|LC,6014117746,6,14117746,
GABBR1,ENSG00000204681,0.488299215678935,0.871159514544564,0.307952326650646,-0.000103285727644217,missense|LC,6029603481,6,29603481,
C11orf1,ENSG00000137720,0.488320625601022,0.359016469698692,0.731077192804276,0.000443829099777729,missense|LC,11111874854,11,111874854,
ZNF781,ENSG00000196381,0.488442998704284,0.510870168881022,0.301599574987091,0.000460748519561338,missense|LC,19037669070,19,37669070,
FBXW7,ENSG00000109670,0.488493097484526,0.59425025821342,0.326149422449455,0.000305940507474117,missense|LC,4152322733,4,152322733,
NCKAP5L,ENSG00000167566,0.488544063738074,0.532956676962412,0.30709671277935,-0.000207430262803014,missense|LC,12049791755,12,49791755,
RNASE7,ENSG00000165799,0.488627394823049,0.337438362897295,0.553699076954585,-0.000637137197320559,missense|LC,14021042922,14,21042922,
PPP6R1,ENSG00000105063,0.488674362128136,0.311359403234814,0.718825521330942,-0.000245003073472133,missense|LC,19055227059,19,55227059,
FP565260.1,ENSG00000275464,0.488745223235826,0.546539224275395,0.342413259071157,-0.000300085878361355,missense|LC,21005128279,21,5128279,
CCDC17,ENSG00000159588,0.488871919770774,0.29586826431522,0.519549948854932,0.000667919434942159,missense|LC,1045615046,1,45615046,
CHIT1,ENSG00000133063,0.488922780024594,0.45680677578579,0.304995276291308,-0.000307001894552525,missense|LC,1203216784,1,203216784,
OR10H2,ENSG00000171942,0.488967633471864,0.30619229202074,0.791794155852811,0.000479277836638025,missense|LC,19015727958,19,15727958,
H2AC13,ENSG00000196747,0.488998852736275,0.326120545091506,0.338099887834243,-0.00125652529527698,missense|LC,6027807362,6,27807362,
ZNF665,ENSG00000197497,0.489004011704904,0.912769700562287,0.309401827543365,-0.0000407628622408586,missense|LC,19053164385,19,53164385,
LTN1,ENSG00000198862,0.489038141476945,0.303735892460776,0.945332169865099,0.000338544136673307,missense|LC,21028930403,21,28930403,
LYPD3,ENSG00000124466,0.489047493901082,0.681071554853011,0.321364898145758,0.000200552186940825,missense|LC,19043461237,19,43461237,
SLC7A1,ENSG00000139514,0.489050938556216,0.30322947046598,0.526759504866632,0.000811450593832585,missense|LC,13029514433,13,29514433,
DDX56,ENSG00000136271,0.489113523142014,0.323469944917109,0.823825935672305,0.000342566399279853,missense|LC,7044565970,7,44565970,
FRMD5,ENSG00000171877,0.4891394854163,0.329975495406581,0.42906841220147,0.000476741041306072,missense|LC,15043866016,15,43866016,
VPS54,ENSG00000143952,0.489163339063971,0.311321131358309,0.678014783217754,-0.000451018982871174,missense|LC,2063887270,2,63887270,
HSPE1,ENSG00000115541,0.489178186729636,0.57250606011831,0.302396537552068,0.00159882490563023,missense|LC,2197495380,2,197495380,
IFNLR1,ENSG00000185436,0.489326441038655,0.293237563662622,0.933004816050522,0.000866636420526226,missense|LC,1024157025,1,24157025,
GPBAR1,ENSG00000179921,0.489344202535749,0.683741486689303,0.316016998524933,0.000198351278230171,missense|LC,2218262624,2,218262624,
ATP1B3,ENSG00000069849,0.489346612806488,0.349222067186485,0.318522621359581,0.00120499466057,missense|LC,3141876745,3,141876745,
CTXN1,ENSG00000178531,0.489384823411706,0.894425161721155,0.305603335170396,0.000301091460120896,missense|LC,19007920222,19,7920222,
UGT2A2,ENSG00000271271,0.489764331823411,0.317734618210917,0.468720075110676,0.000354164960422701,missense|LC,4069589246,4,69589246,
CDR2L,ENSG00000109089,0.489813526103395,0.312934863655494,0.436147005426068,-0.00393096022479811,missense|LC,17074987997,17,74987997,
HAPLN2,ENSG00000132702,0.489889097919717,0.293468306958924,0.699847515288043,-0.00104818092921813,missense|LC,1156623402,1,156623402,
OR6K2,ENSG00000196171,0.489905406952661,0.371775905722302,0.346018922518179,-0.00026950790158815,missense|LC,1158699678,1,158699678,
CEP128,ENSG00000100629,0.489953855380716,0.314959264270141,0.858342859731315,-0.00032266314940611,missense|LC,14080497457,14,80497457,
ZMYND11,ENSG00000015171,0.489966903749462,0.755342319046057,0.298129559704416,-0.000340261902511655,missense|LC,10000179972,10,179972,
AL355385.2,ENSG00000288564,0.490088593361049,0.681990145630552,0.312680765355794,0.000317150696355384,missense|LC,6043046067,6,43046067,
RAB7A,ENSG00000075785,0.490352250629355,0.308743882279796,0.319866064625646,-0.00215810506768463,missense|LC,3128764889,3,128764889,
EAPP,ENSG00000129518,0.490364509021796,0.312312411578994,0.734330321343018,0.000632327748529218,missense|LC,14034516239,14,34516239,
RNASE13,ENSG00000206150,0.490393915801056,0.421298576343437,0.30756459387199,0.000962347630548107,missense|LC,14021030492,14,21030492,
PCDH7,ENSG00000169851,0.490431764088922,0.315093970021328,0.384709940331372,-0.000415896811255199,missense|LC,4030721334,4,30721334,
TCP11L1,ENSG00000176148,0.490441716198842,0.544549338883897,0.310771144126511,0.000377204892528734,missense|LC,11033043685,11,33043685,
CNPY1,ENSG00000146910,0.490454482515815,0.377287410484125,0.350133612418731,-0.000924196533034305,missense|LC,7155503008,7,155503008,
GAL,ENSG00000069482,0.490463989260765,0.970064327085913,0.337347665756036,-0.0000228821694866571,missense|LC,11068684890,11,68684890,
DHX16,ENSG00000204560,0.490470218936933,0.318568588401472,0.36280027222441,-0.000374831066336319,missense|LC,6030649482,6,30649482,
LSM11,ENSG00000155858,0.490668996359591,0.98567387638589,0.308749592697464,-0.00000518516157748341,missense|LC,5157739240,5,157739240,
PBK,ENSG00000168078,0.490792212057999,0.797165222820081,0.308616460808313,0.000220942832079219,missense|LC,8027808165,8,27808165,
ZNF32,ENSG00000169740,0.490805071773985,0.773781636409543,0.301437534852759,0.000435668110875048,missense|LC,10043643947,10,43643947,
KANSL1L,ENSG00000144445,0.490894517030791,0.972089849438503,0.316342105030422,-0.000012059418284547,missense|LC,2210016422,2,210016422,
ATRIP,ENSG00000164053,0.490942330882127,0.651878610435865,0.323256600240552,-0.000157276907468983,missense|LC,3048443781,3,48443781,
NKIRAS2,ENSG00000168256,0.490978326652331,0.590549258523629,0.298870450269137,-0.000841879386316325,missense|LC,17042016879,17,42016879,
INTS13,ENSG00000064102,0.490986319288618,0.330203051239801,0.326326984246126,0.000466948728682913,missense|LC,12026905430,12,26905430,
PSMF1,ENSG00000125818,0.491059380797986,0.730903303238116,0.307890709217423,0.000183229880955155,missense|LC,20001118656,20,1118656,
RAD52,ENSG00000002016,0.491081775031179,0.351449685186387,0.295195451932017,0.000957049329621049,missense|LC,12000906733,12,906733,
MLH1,ENSG00000076242,0.491112552801125,0.341536812015701,0.328543927401353,0.00137308394112024,missense|LC,3036990345,3,36990345,
COMMD3-BMI1,ENSG00000269897,0.491114290656812,0.336789669976123,0.89369754304805,-0.000745779788941137,missense|LC,10022316279,10,22316279,
ZXDC,ENSG00000070476,0.491119062738559,0.846735454069805,0.302550973051573,-0.0000842009873819531,missense|LC,3126432961,3,126432961,
PHTF2,ENSG00000006576,0.491135238871223,0.401974427278003,0.338597741898141,-0.0004193720294691,missense|LC,7077793874,7,77793874,
BMP7,ENSG00000101144,0.491152464893938,0.7088036719277,0.320624429768396,0.000214054188302316,missense|LC,20057170853,20,57170853,
TCEANC2,ENSG00000116205,0.491263108296345,0.571445395200891,0.3406064598181,-0.000367329658731468,missense|LC,1054052903,1,54052903,
APLNR,ENSG00000134817,0.491281313808795,0.302698749327553,0.590483794174201,0.000526383391451414,missense|LC,11057235767,11,57235767,
SCG5,ENSG00000166922,0.491327673012376,0.305933663094889,0.415033340899891,-0.00156297887063975,missense|LC,15032636687,15,32636687,
KDM7A,ENSG00000006459,0.491342374340793,0.31454395846457,0.315406793489389,-0.000489391629938512,missense|LC,7140091057,7,140091057,
ZNF773,ENSG00000152439,0.491344526388538,0.52904215974723,0.304370668692324,0.00033683653980716,missense|LC,19057499953,19,57499953,
PGA3,ENSG00000229859,0.491405253718349,0.446574867407204,0.409421158340322,0.00042890849662921,missense|LC,11061203456,11,61203456,
DTX3L,ENSG00000163840,0.491489799215453,0.312942818241639,0.336222337626152,-0.000531387423045896,missense|LC,3122559508,3,122559508,
AADAT,ENSG00000109576,0.491493849349691,0.53756865734119,0.373299313245591,-0.00031217714095296,missense|LC,4170060870,4,170060870,
KCTD5,ENSG00000167977,0.491512728859389,0.303878788982864,0.457157486040603,0.00156274082531329,missense|LC,16002682412,16,2682412,
SPTSSA,ENSG00000165389,0.491594140760058,0.646749035027487,0.329185203329156,-0.000764985760851333,missense|LC,14034435146,14,34435146,
FAM71F2,ENSG00000205085,0.491686789587117,0.363714226913632,0.337068841415679,-0.0004163394324236,missense|LC,7128672336,7,128672336,
ZSWIM3,ENSG00000132801,0.491689425529406,0.304822547044566,0.323289707787696,0.000740099317259198,missense|LC,20045853855,20,45853855,
AP003071.5,ENSG00000287725,0.491893406010904,0.30841017669181,0.335467300712715,0.000487537364328362,missense|LC,11069070383,11,69070383,
C17orf80,ENSG00000141219,0.491968324700997,0.309327146846325,0.569722488144268,-0.00047562349557315,missense|LC,17073227624,17,73227624,
PDCD2,ENSG00000071994,0.491974584667796,0.336248942405584,0.565670492214216,-0.000489234497236085,missense|LC,6170571368,6,170571368,
ENC1,ENSG00000171617,0.491982693891185,0.508272542382137,0.316243134844728,-0.000679456206555524,missense|LC,5074634680,5,74634680,
GATAD2A,ENSG00000167491,0.492001504174575,0.71575136206377,0.296788935586313,0.000174236630985279,missense|LC,19019429115,19,19429115,
HEATR5A,ENSG00000129493,0.492097775239281,0.621224848230252,0.298822797403317,0.000117427313492244,missense|LC,14031293248,14,31293248,
FBXO11,ENSG00000138081,0.492127470553205,0.562383842549599,0.30631607626057,0.0002348875715836,missense|LC,2047803314,2,47803314,
PLAUR,ENSG00000011422,0.492211177495956,0.445545933276509,0.32500212189974,-0.000311654009632259,missense|LC,19043648503,19,43648503,
KCNH5,ENSG00000140015,0.492254678879276,0.300743575985104,0.653268766729793,-0.000615941136024863,missense|LC,14062707492,14,62707492,
AC104581.2,ENSG00000262730,0.4922919306543,0.899516086819585,0.374239489657813,0.00231823731920124,missense|LC,17007923034,17,7923034,
DDAH2,ENSG00000213722,0.492346238930401,0.309884498707314,0.625222748707435,-0.000933320420382295,missense|LC,6031723323,6,31723323,
USP33,ENSG00000077254,0.492403729000997,0.315475271720545,0.867298851582967,0.000484822386229863,missense|LC,1077697235,1,77697235,
SCO1,ENSG00000133028,0.492434326903537,0.322706348492673,0.328240085552974,-0.000418988318529769,missense|LC,17010681032,17,10681032,
PRXL2A,ENSG00000122378,0.492434931539872,0.777871521076739,0.341410434280498,0.000190695069470316,missense|LC,10080408951,10,80408951,
CIB2,ENSG00000136425,0.492436112435297,0.310289804903918,0.649967676838033,0.000876040690466914,missense|LC,15078100807,15,78100807,
NR1D2,ENSG00000174738,0.492500801103405,0.604568511501824,0.31362124954923,-0.000287133228504438,missense|LC,3023945504,3,23945504,
UTP4,ENSG00000141076,0.49254526791489,0.317919519552881,0.922247416064156,0.000439224272929481,missense|LC,16069133389,16,69133389,
HEXIM1,ENSG00000186834,0.492562255080505,0.649445996314842,0.303124063074706,-0.000443338253617356,missense|LC,17045143463,17,45143463,
DRD2,ENSG00000149295,0.492577543971858,0.321240183298379,0.47545310225847,0.000633776396376047,missense|LC,11113410626,11,113410626,
SPAG8,ENSG00000137098,0.492692361560539,0.930651727135876,0.337363636988371,-0.0000234242537506686,missense|LC,9035805443,9,35805443,
CPSF3,ENSG00000119203,0.492695690128212,0.361955590791563,0.810016685363287,0.00048281298505743,missense|LC,2009418654,2,9418654,
COL25A1,ENSG00000188517,0.492720492127914,0.364375323571232,0.29986843531815,-0.000835386821928383,missense|LC,4108813888,4,108813888,
METTL23,ENSG00000181038,0.492786822948255,0.358735647036146,0.351863848878445,-0.00036673841303313,missense|LC,17076721836,17,76721836,
CDYL2,ENSG00000166446,0.492790674859883,0.317326561469677,0.397705387967009,0.00036576090708793,missense|LC,16080604296,16,80604296,
PDPK1,ENSG00000140992,0.492888274591831,0.500522814375402,0.309626855417256,0.000689938355705511,missense|LC,16002538055,16,2538055,
UBTD1,ENSG00000165886,0.492892680420869,0.382174604013491,0.315817002310953,0.000583540637872406,missense|LC,10097498191,10,97498191,
AP1S3,ENSG00000152056,0.492915612721421,0.363723224284588,0.534215708383031,0.000488803760705378,missense|LC,2223755765,2,223755765,
LRRC38,ENSG00000162494,0.492940452528522,0.335331258327507,0.916900698977095,-0.000642430253552975,missense|LC,1013475725,1,13475725,
B3GNT2,ENSG00000170340,0.492967089975523,0.710282572875923,0.344654667696633,-0.000247261434667933,missense|LC,2062222144,2,62222144,
SPATA31A1,ENSG00000204849,0.492968134305949,0.831660422482088,0.314632668575515,-0.0000382859358551906,missense|LC,9039355593,9,39355593,
EEF1AKMT1,ENSG00000150456,0.493037416482055,0.39953303527978,0.313654824575407,0.00067886667499073,missense|LC,13020728970,13,20728970,
MUC1,ENSG00000185499,0.493137006180733,0.616312937160769,0.324474462582544,-0.00021935530161973,missense|LC,1155181753,1,155181753,
SLC25A18,ENSG00000182902,0.49316397445916,0.561544731569157,0.303888257270951,0.000494101833790388,missense|LC,22017563589,22,17563589,
PAX2,ENSG00000075891,0.493168632775509,0.314117292874137,0.59177809451197,-0.000952027354315277,missense|LC,10100745714,10,100745714,
KCNN1,ENSG00000105642,0.493210597411602,0.297501315648145,0.366892429466297,-0.000935674450604673,missense|LC,19017967043,19,17967043,
COCH,ENSG00000100473,0.493268491194293,0.645323793027093,0.33444779971403,0.000248114902743654,missense|LC,14030874850,14,30874850,
BBOF1,ENSG00000119636,0.493366389136912,0.317962089914952,0.806097253757845,-0.000418478740742729,missense|LC,14074019318,14,74019318,
ARHGAP20,ENSG00000137727,0.493414912867457,0.90265568028538,0.300872435381056,0.0000565702580474451,missense|LC,11110577054,11,110577054,
PRAMEF1,ENSG00000116721,0.493427681534455,0.355661332111987,0.331226608933713,-0.000173699876069454,missense|LC,1012793092,1,12793092,
RTN1,ENSG00000139970,0.493466791726022,0.299245874516145,0.692599646192277,-0.000560735624272778,missense|LC,14059596704,14,59596704,
YME1L1,ENSG00000136758,0.493471725459364,0.294624586199214,0.996079219077375,-0.000943171097220942,missense|LC,10027111880,10,27111880,
CBY2,ENSG00000174015,0.493490787971447,0.322457676208473,0.314256906208196,-0.000404709204875165,missense|LC,13045702329,13,45702329,
LCLAT1,ENSG00000172954,0.493520464432168,0.811312462174186,0.302135677662561,-0.000192835415151387,missense|LC,2030459586,2,30459586,
ARMC4,ENSG00000169126,0.493627850247846,0.478002387915538,0.30794243404859,-0.000231917614655408,missense|LC,10027812435,10,27812435,
C17orf99,ENSG00000187997,0.493689673586803,0.573101159410215,0.322317358623285,-0.000364394780215866,missense|LC,17078146360,17,78146360,
CASKIN2,ENSG00000177303,0.493707896981302,0.531063592637084,0.304614445879669,-0.00016586090348527,missense|LC,17075495262,17,75495262,
KLHL9,ENSG00000198642,0.493759852381905,0.33732666363692,0.351374526207062,0.000598746133891519,missense|LC,9021332868,9,21332868,
C18orf63,ENSG00000206043,0.493833915829286,0.981159341453055,0.320174005781638,-0.00000932278725105836,missense|LC,18074317799,18,74317799,
PLEKHG7,ENSG00000187510,0.493844084515458,0.310416827697782,0.372277591554645,-0.000817257345280886,missense|LC,12092706522,12,92706522,
GALK2,ENSG00000156958,0.494015416379638,0.718870295431099,0.302280510280665,0.000262193787683092,missense|LC,15049170122,15,49170122,
TENM4,ENSG00000149256,0.494019202709124,0.727897009216433,0.306085120491012,0.000064056000365429,missense|LC,11078657934,11,78657934,
DCAF16,ENSG00000163257,0.494022869906395,0.718308831665591,0.302174831507072,-0.000491583343473164,missense|LC,4017803429,4,17803429,
SP3,ENSG00000172845,0.494031195427792,0.323387423019306,0.670692862303047,0.000554383116075302,missense|LC,2173909851,2,173909851,
AMPH,ENSG00000078053,0.494082981078276,0.323327130202335,0.620809906508122,0.000407538190535262,missense|LC,7038384773,7,38384773,
PRIMA1,ENSG00000175785,0.49418150630852,0.572381646781621,0.310631342145873,0.000689135685003556,missense|LC,14093721415,14,93721415,
NGF,ENSG00000134259,0.49421121931183,0.823190655032615,0.298734689567094,0.000241385350528439,missense|LC,1115285934,1,115285934,
STMN2,ENSG00000104435,0.494247335888234,0.326116438600674,0.40841831440913,0.00180812110774742,missense|LC,8079611091,8,79611091,
TMEM191B,ENSG00000278558,0.494307447372765,0.316926601196794,0.522382776859461,-0.00132208311415663,missense|LC,22018528353,22,18528353,
GTF3C2,ENSG00000115207,0.494452863931937,0.326144154093003,0.651034907713795,0.00054511124823267,missense|LC,2027322390,2,27322390,
ANTXR1,ENSG00000169604,0.494453491423274,0.304546170463079,0.440021698197758,0.000635931802452083,missense|LC,2069013381,2,69013381,
FES,ENSG00000182511,0.494473870135698,0.315336000235906,0.690682860743573,-0.00040561046225866,missense|LC,15090879508,15,90879508,
CEACAM19,ENSG00000186567,0.494522479821785,0.316306076587143,0.427361030419948,0.000623603219474872,missense|LC,19044671859,19,44671859,
NRN1,ENSG00000124785,0.494541094540999,0.626541656864932,0.313304776913284,0.00208456685165679,missense|LC,6005998943,6,5998943,
RPL7L1,ENSG00000146223,0.494554425000697,0.311214621962266,0.361343241537394,0.00100649162159012,missense|LC,6042879830,6,42879830,
ADM2,ENSG00000128165,0.494565621801515,0.574610077128891,0.325107659367534,0.000312654350462473,missense|LC,22050481793,22,50481793,
SCML4,ENSG00000146285,0.494576678338403,0.384974534059584,0.312018464416679,0.000506558387004756,missense|LC,6107705134,6,107705134,
TMEM41A,ENSG00000163900,0.494609613112317,0.572974411903552,0.350531469458309,-0.000233250629009018,missense|LC,3185491483,3,185491483,
HINFP,ENSG00000172273,0.494621263231812,0.345231299832096,0.500957849497102,-0.000453746258594126,missense|LC,11119126860,11,119126860,
OR4K17,ENSG00000176230,0.494621634097392,0.895800644032938,0.343311698965575,0.0000448579362933818,missense|LC,14020117366,14,20117366,
OR4F17,ENSG00000176695,0.494658436213556,0.687935732603622,0.34397175117238,-0.000203448383708714,missense|LC,19000110634,19,110634,
ATP5MC3,ENSG00000154518,0.494673066629232,0.490676376903236,0.340553320699874,-0.00077246804465465,missense|LC,2175178110,2,175178110,
ZNF471,ENSG00000196263,0.494693877273998,0.31853631039726,0.701156901067097,0.000373093351996306,missense|LC,19056507761,19,56507761,
STRADA,ENSG00000266173,0.494726883980574,0.390099572629856,0.312942999165948,-0.000633503249938786,missense|LC,17063698449,17,63698449,
KLHL2,ENSG00000109466,0.494794309998942,0.910400545909042,0.300522956076822,0.000114933604950526,missense|LC,4165209933,4,165209933,
NOM1,ENSG00000146909,0.494925816685834,0.305172228784659,0.814180147317368,-0.000357333387507356,missense|LC,7156949574,7,156949574,
DEFB114,ENSG00000177684,0.494940733322781,0.308970544970935,0.340599693440017,-0.00169850601839996,missense|LC,6049960200,6,49960200,
ALG12,ENSG00000182858,0.495029337526428,0.776299627382641,0.331004796439733,0.000118930876032786,missense|LC,22049903743,22,49903743,
TNP1,ENSG00000118245,0.495086657078819,0.318262291267235,0.391328016454139,0.00163840865818358,missense|LC,2216859563,2,216859563,
AC010531.1,ENSG00000131152,0.495140489355846,0.56782686705838,0.349737132232942,-0.000331294260902916,missense|LC,16087302976,16,87302976,
MEIS3,ENSG00000105419,0.495225658403427,0.502006898002116,0.312560037752738,0.000337678327468941,missense|LC,19047406400,19,47406400,
BORCS5,ENSG00000165714,0.495432882215945,0.617600272977392,0.342612048763022,-0.000312727513273567,missense|LC,12012357003,12,12357003,
CPSF4,ENSG00000160917,0.495477394397592,0.48040590722966,0.313595169071221,0.00128778159888432,missense|LC,7099434686,7,99434686,
LRP1B,ENSG00000168702,0.495518499821205,0.747178163920559,0.308857601054846,0.0000499108430571365,missense|LC,2140233151,2,140233151,
H2BC4,ENSG00000180596,0.495556358871615,0.309401471226886,0.803343919682115,0.00159657633952115,missense|LC,6026123368,6,26123368,
CAPZA3,ENSG00000177938,0.495630426439309,0.333792218954469,0.573950955552636,0.000319672925182245,missense|LC,12018736124,12,18736124,
RHOJ,ENSG00000126785,0.495657832038634,0.318752224673782,0.851106593446616,0.000713886156882349,missense|LC,14063204786,14,63204786,
SCGB1C2,ENSG00000268320,0.495843221174491,0.817732014708281,0.318836359495963,-0.000457298434809645,missense|LC,17000137596,17,137596,
MYH7,ENSG00000092054,0.495880382064853,0.300559876786988,0.848022082312257,0.000415453949046431,missense|LC,14023408153,14,23408153,
GNG10,ENSG00000242616,0.495945554644922,0.563512405222687,0.376771112683404,-0.000747750232794974,missense|LC,9111661570,9,111661570,
PGLYRP2,ENSG00000161031,0.496003748364885,0.307610633379184,0.472505888553782,-0.00041761918830664,missense|LC,19015463950,19,15463950,
MYO9A,ENSG00000066933,0.4961260862938,0.534825178282902,0.30664587299995,0.000174741365071417,missense|LC,15071817426,15,71817426,
HCFC1R1,ENSG00000103145,0.496214480177814,0.322741353146671,0.578603224460261,0.00108918092490074,missense|LC,16003020321,16,3020321,
OR2J1,ENSG00000204702,0.496216437466049,0.303482576450845,0.707772125403217,-0.00102630420968544,missense|LC,6029100992,6,29100992,
FPR1,ENSG00000171051,0.496353368144884,0.316311562472742,0.871061248843802,0.000491216705945378,missense|LC,19051745881,19,51745881,
TXNL4B,ENSG00000140830,0.496595665169136,0.314449471050535,0.638304848696048,0.00137797827465924,missense|LC,16072086558,16,72086558,
OR5K1,ENSG00000232382,0.496600527250017,0.325445809257879,0.730068284576912,-0.000377673119289237,missense|LC,3098469558,3,98469558,
ZNF729,ENSG00000196350,0.496680992943271,0.971082266864021,0.32062453452757,0.00000744483438553303,missense|LC,19022286423,19,22286423,
ASPDH,ENSG00000204653,0.496707610107917,0.343989352295567,0.499472545857787,-0.000428788916947658,missense|LC,19050506603,19,50506603,
EPM2AIP1,ENSG00000178567,0.496766519643604,0.398693116458135,0.326273459216029,-0.000637670784641238,missense|LC,3036990345,3,36990345,
ZNF221,ENSG00000159905,0.496804476741928,0.472288478821563,0.311498449504954,-0.000271541628645167,missense|LC,19043962663,19,43962663,
ADCK1,ENSG00000063761,0.496823793528035,0.31106370793723,0.34562023727802,0.000400235209098873,missense|LC,14077818876,14,77818876,
BSPH1,ENSG00000188334,0.496917383148825,0.31018531034577,0.418120183531719,-0.00155541243658786,missense|LC,19047976643,19,47976643,
IFNA4,ENSG00000236637,0.497022143440295,0.617883766420809,0.324475652108837,0.000272818373428809,missense|LC,9021186819,9,21186819,
MYBL2,ENSG00000101057,0.497100282274505,0.31368676657667,0.302880784160535,-0.000749828122672755,missense|LC,20043667201,20,43667201,
S100A7,ENSG00000143556,0.49717944384019,0.519288676940757,0.357068811356749,0.000390751137983921,missense|LC,1153457706,1,153457706,
TAF1D,ENSG00000166012,0.497257770881808,0.60007304121634,0.322110363169616,0.000368290998369753,missense|LC,11093734665,11,93734665,
PERM1,ENSG00000187642,0.497296670204053,0.679844502550329,0.304800351856346,0.000125107949711727,missense|LC,1000970205,1,970205,
AL441992.2,ENSG00000286112,0.497371858238255,0.336237178852681,0.557329337382075,-0.00029330608694243,missense|LC,9128818532,9,128818532,
SAP18,ENSG00000150459,0.497385482821895,0.617947870873572,0.30274874069494,-0.000926525895198948,missense|LC,13021140444,13,21140444,
SPATA31A3,ENSG00000275969,0.497480411626799,0.317856910221754,0.516504472049719,0.000357983127063227,missense|LC,9066986758,9,66986758,
TAP1,ENSG00000168394,0.497544256718569,0.938863957386408,0.315351841338576,-0.0000244830179442924,missense|LC,6032840912,6,32840912,
WDR44,ENSG00000131725,0.497632793431388,0.53969577229648,0.308139855407884,0.000423646611098484,missense|LC,23118346461,X,118346461,
SVIL,ENSG00000197321,0.497639045094771,0.302004388784672,0.489909978132816,0.000276005510068597,missense|LC,10029458168,10,29458168,
FZD6,ENSG00000164930,0.497700311202777,0.327741173159155,0.403996816462389,0.000446936098892199,missense|LC,8103300095,8,103300095,
CNNM2,ENSG00000148842,0.497747370443549,0.918508094280524,0.304568698971983,-0.000129218650177187,missense|LC,10102918319,10,102918319,
TRH,ENSG00000170893,0.497748719866623,0.59638078146642,0.30735559203382,0.000448100508050295,missense|LC,3129975712,3,129975712,
MAMSTR,ENSG00000176909,0.497773120336464,0.636114721208349,0.305874157128199,0.000325890188885862,missense|LC,19048713182,19,48713182,
POF1B,ENSG00000124429,0.497784705917735,0.338366926269294,0.326945453021257,0.0003177540005755,missense|LC,23085282119,X,85282119,
DHRS11,ENSG00000278535,0.497788011412976,0.304587041256288,0.495409646134253,-0.000974846654748786,missense|LC,17036586931,17,36586931,
POGK,ENSG00000143157,0.497881321945078,0.325432965776058,0.801674349283447,-0.000395974015944897,missense|LC,1166840844,1,166840844,
TCEAL9,ENSG00000185222,0.497944359955861,0.397933240676863,0.315710100064946,0.00226191301514038,missense|LC,23103357578,X,103357578,
GATA5,ENSG00000130700,0.49794583082676,0.337262641324542,0.766278827928199,0.000322848160287645,missense|LC,20062464768,20,62464768,
NEDD4L,ENSG00000049759,0.498079696241406,0.320240891008835,0.737637961113248,0.00047133283667173,missense|LC,18058044506,18,58044506,
C12orf73,ENSG00000204954,0.498162316698892,0.330857881998014,0.535176926195675,-0.0019421462095109,missense|LC,12103946584,12,103946584,
ACOX1,ENSG00000161533,0.498408423093156,0.307811302198224,0.517709456242309,0.000589440814839426,missense|LC,17075937465,17,75937465,
FAM76A,ENSG00000009780,0.498563362234007,0.332757903463956,0.569906548108672,0.00110835848844915,missense|LC,1027726042,1,27726042,
ANXA4,ENSG00000196975,0.498750765375441,0.373404329251193,0.322220897787228,-0.000420666535220939,missense|LC,2069781466,2,69781466,
MARCHF6,ENSG00000145495,0.498759007680014,0.347014502915573,0.729055912119027,0.000437249150680139,missense|LC,5010353820,5,10353820,
S100A7L2,ENSG00000197364,0.49883769566579,0.315226316383558,0.851662486907212,0.00146213031933743,missense|LC,1153437006,1,153437006,
HTN3,ENSG00000205649,0.498895037376581,0.423993786166173,0.384678437500937,-0.000433228022046762,missense|LC,4070030706,4,70030706,
RPL8,ENSG00000161016,0.498914734002334,0.664619149612636,0.300926012286101,0.000508363607188204,missense|LC,8144789692,8,144789692,
PKM,ENSG00000067225,0.498927234413708,0.632808980345657,0.356838035979896,-0.000283895189970834,missense|LC,15072197636,15,72197636,
GUCA2A,ENSG00000197273,0.498928650918428,0.532947137868347,0.352241845269839,-0.000482934745435298,missense|LC,1042162858,1,42162858,
EMID1,ENSG00000186998,0.498939263549382,0.33355603141557,0.503449261685871,0.000525545446682699,missense|LC,22029205966,22,29205966,
CCDC39,ENSG00000284862,0.498952648005723,0.318519554801267,0.466699837341872,-0.000254955608230052,missense|LC,3180608998,3,180608998,
AVPR1A,ENSG00000166148,0.499292830839408,0.4820300866894,0.323010121249138,-0.000513927211373304,missense|LC,12063147270,12,63147270,
UBE2D4,ENSG00000078967,0.499332190960066,0.691003149560996,0.311704732192949,0.000643893205520669,missense|LC,7043926434,7,43926434,
PROM1,ENSG00000007062,0.499388465716767,0.317709438785423,0.622939928931019,-0.000717043621227282,missense|LC,4015970986,4,15970986,
NRGN,ENSG00000154146,0.499481387341326,0.844043074225358,0.313262394845792,-0.000592792380141263,missense|LC,11124740034,11,124740034,
PDGFRL,ENSG00000104213,0.499542642524648,0.345113583718594,0.376401173543044,0.000348429552309142,missense|LC,8017576638,8,17576638,
NCLN,ENSG00000125912,0.499722593196845,0.303441515013736,0.862915148738326,0.000623290549156177,missense|LC,19003185948,19,3185948,
ASPA,ENSG00000108381,0.499762184563511,0.68748534850954,0.315907353064549,-0.000290005107001937,missense|LC,17003471342,17,3471342,
ADPRM,ENSG00000170222,0.49986521578023,0.906741539127609,0.344222650352163,-0.0000725048076111029,missense|LC,17010692713,17,10692713,
STEAP1B,ENSG00000105889,0.499906447459425,0.649027435565846,0.327119698994532,-0.00025229518215529,missense|LC,7022438419,7,22438419,
FUBP1,ENSG00000162613,0.499951927221827,0.863617062575201,0.303208410868464,0.000177428573281636,missense|LC,1077941948,1,77941948,
NGLY1,ENSG00000151092,0.50003354291841,0.867603608107138,0.304261920304542,0.000112848799291558,missense|LC,3025719394,3,25719394,
DNAH11,ENSG00000105877,0.500136672184657,0.300743754473816,0.428651665398229,0.000156756561587595,missense|LC,7021543067,7,21543067,
ATP2B3,ENSG00000067842,0.500231701203148,0.723096898667924,0.332040211968581,-0.000106109528638693,missense|LC,23153536176,X,153536176,
SLAMF8,ENSG00000158714,0.500338935334001,0.341627997615748,0.470405686557814,0.000419330869600738,missense|LC,1159826799,1,159826799,
COL28A1,ENSG00000215018,0.500505834143175,0.34279301052315,0.308349397749665,0.000364890425757295,missense|LC,7007358569,7,7358569,
ZNRF3,ENSG00000183579,0.500702770827836,0.456204494830074,0.315101976251636,0.000868682373036414,missense|LC,22028883625,22,28883625,
FZD7,ENSG00000155760,0.50071449235383,0.589912962147618,0.294371821207658,0.000530019065270898,missense|LC,2202034574,2,202034574,
GALNT18,ENSG00000110328,0.500852641935848,0.763919833873518,0.325982455338756,-0.000155368038664114,missense|LC,11011271059,11,11271059,
IFNGR2,ENSG00000159128,0.50085646462783,0.34064746694398,0.441336829663036,-0.000321256128827079,missense|LC,21033403472,21,33403472,
GPX1,ENSG00000233276,0.500960604207366,0.759376028655126,0.321971579312617,-0.000280683846443885,missense|LC,3049357308,3,49357308,
DCAF10,ENSG00000122741,0.501011812061272,0.336398702486464,0.402908990399523,-0.000558013761416534,missense|LC,9037800521,9,37800521,
DYNLT1,ENSG00000146425,0.501020101922204,0.316088941490495,0.424311935348336,-0.00147917197513471,missense|LC,6158631719,6,158631719,
AC007375.2,ENSG00000259164,0.50127921888778,0.340205142826835,0.341137744586051,-0.00221254044198675,missense|LC,14077105615,14,77105615,
SLC25A46,ENSG00000164209,0.501568691743581,0.7658650966695,0.326856261738425,-0.000117245158009486,missense|LC,5110738138,5,110738138,
ZNF182,ENSG00000147118,0.501627747595947,0.676664703417339,0.362488416898433,-0.000146007315331757,missense|LC,23047976109,X,47976109,
CILK1,ENSG00000112144,0.501628735097903,0.309093921979446,0.325020194018142,0.000837699945640795,missense|LC,6053005062,6,53005062,
CPED1,ENSG00000106034,0.501672418119028,0.630917466113711,0.327104471844865,0.000670249086395589,missense|LC,7120989503,7,120989503,
GPAT3,ENSG00000138678,0.501724588108852,0.325267956536316,0.401385363899015,0.000392553900360623,missense|LC,4083535624,4,83535624,
ACSM2B,ENSG00000066813,0.50174388822245,0.73695929760944,0.327101233577733,-0.000098075512549852,missense|LC,16020537161,16,20537161,
NDUFS4,ENSG00000164258,0.501746152598514,0.310250652706874,0.407325657470862,-0.00110416198395742,missense|LC,5053560484,5,53560484,
OR2A4,ENSG00000180658,0.501834371312133,0.902359538563492,0.313413140935226,0.000155818649181227,missense|LC,6131700528,6,131700528,
OPRK1,ENSG00000082556,0.501836889403204,0.303171619128043,0.499120937033322,-0.000855220292062027,missense|LC,8053229190,8,53229190,
TNFAIP8,ENSG00000145779,0.501855738388273,0.496425802298182,0.315529045244569,-0.000833534299532942,missense|LC,5119333108,5,119333108,
EML1,ENSG00000066629,0.501858467226325,0.606317372378877,0.303530402882392,-0.000373053544371443,missense|LC,14099793347,14,99793347,
PDK1,ENSG00000152256,0.501905932798576,0.795729851919897,0.303308281358828,-0.000207995889994516,missense|LC,2172556082,2,172556082,
CEP112,ENSG00000154240,0.501957404525407,0.341866207722636,0.315235905059547,-0.000628613834176798,missense|LC,17065635888,17,65635888,
NAA15,ENSG00000164134,0.502076753111574,0.312009811228191,0.781479054215979,0.000822022391502094,missense|LC,4139301671,4,139301671,
IGLON5,ENSG00000142549,0.502218576388744,0.333036654849101,0.967178524556515,0.000549101735748747,missense|LC,19051311840,19,51311840,
NMNAT1,ENSG00000173614,0.502315879927351,0.701482659531161,0.336320584161535,0.000349832598186192,missense|LC,1009942593,1,9942593,
METTL24,ENSG00000053328,0.502367580886268,0.833976353324448,0.333475661946075,-0.000104488355966299,missense|LC,6110245876,6,110245876,
GDNF,ENSG00000168621,0.502419166049805,0.420644995388314,0.35849637680229,0.000429783004934033,missense|LC,5037815654,5,37815654,
CCN6,ENSG00000112761,0.502432414338688,0.524517081636608,0.385064498916419,-0.000233670918148485,missense|LC,6112054249,6,112054249,
PPP1R3A,ENSG00000154415,0.502454890065131,0.863838662215029,0.32491101373353,-0.0000414813650851682,missense|LC,7113877618,7,113877618,
ABLIM3,ENSG00000173210,0.502463027477534,0.315518818004423,0.542201408005609,0.000364268539599655,missense|LC,5149141989,5,149141989,
GK5,ENSG00000175066,0.502607941669513,0.305519653422247,0.410064031705784,0.00141824787055418,missense|LC,3142165570,3,142165570,
KIAA1328,ENSG00000150477,0.50261048415232,0.311218290646505,0.555463936294069,0.00147513579644201,missense|LC,18036828596,18,36828596,
KIF23,ENSG00000137807,0.502614716069355,0.34529308957985,0.319299022188658,-0.000447100925066741,missense|LC,15069414334,15,69414334,
SFSWAP,ENSG00000061936,0.502623564637631,0.319671393057546,0.433554567738882,-0.000273400760515376,missense|LC,12131711175,12,131711175,
CDNF,ENSG00000185267,0.502660127775998,0.464921957339745,0.309834623786442,-0.000828058313035665,missense|LC,10014819908,10,14819908,
FZD2,ENSG00000180340,0.502733401031344,0.369133343407065,0.323851340081031,0.000422887481180906,missense|LC,17044557632,17,44557632,
CACNA1G,ENSG00000006283,0.502737205733469,0.301135475296292,0.626467112352783,0.000298727320863785,missense|LC,17050555717,17,50555717,
ITPKB,ENSG00000143772,0.502782275438111,0.717710687422365,0.313455175533493,0.000121017875592279,missense|LC,1226634770,1,226634770,
AC008758.5,ENSG00000268870,0.502814962818535,0.313107806055521,0.842914161309351,0.00178872173044904,missense|LC,19012390305,19,12390305,
DPYD,ENSG00000188641,0.502967331958042,0.333352342645423,0.718004868482784,0.000316176924703156,missense|LC,1097078892,1,97078892,
CNTN3,ENSG00000113805,0.502992509600041,0.318520558252486,0.665384532706605,-0.000350351604040975,missense|LC,3074264371,3,74264371,
C19orf47,ENSG00000160392,0.503033500023663,0.31467044843422,0.322633169106779,-0.000508418550473794,missense|LC,19040321149,19,40321149,
RNF133,ENSG00000188050,0.503120290776142,0.342494657008233,0.546525310549767,-0.000385191689701277,missense|LC,7122697739,7,122697739,
KLRC1,ENSG00000134545,0.503221590119625,0.831492471029511,0.306921153795274,0.00035182369142947,missense|LC,12010446311,12,10446311,
HEXD,ENSG00000169660,0.50343816869929,0.338193296421555,0.313073560845043,-0.000290232660659798,missense|LC,17082415317,17,82415317,
PRR15L,ENSG00000167183,0.503439215360949,0.377671710110633,0.40210166240569,0.000535914281010497,missense|LC,17047952832,17,47952832,
BTBD7,ENSG00000011114,0.503473863455687,0.312227400897612,0.658102456344072,-0.000381592076236848,missense|LC,14093242201,14,93242201,
BNC2,ENSG00000173068,0.503505026346021,0.680703534917843,0.329968479388217,0.000209943794808212,missense|LC,9016418902,9,16418902,
IPO13,ENSG00000117408,0.503528682876227,0.325411633892639,0.593510666913443,0.000462443999240837,missense|LC,1043947555,1,43947555,
PCDH18,ENSG00000189184,0.503550000667974,0.672350314941554,0.335894150703535,-0.000138278473596482,missense|LC,4137520994,4,137520994,
CYBRD1,ENSG00000071967,0.503575516790564,0.340195374675645,0.448380100575718,0.000407367332143573,missense|LC,2171517475,2,171517475,
MRNIP,ENSG00000161010,0.503578539938873,0.631385540020248,0.313700050434611,0.000264381350044549,missense|LC,5179832957,5,179832957,
KRTAP4-12,ENSG00000213416,0.503614495496149,0.967367600161919,0.322617890952846,-0.0000231548302634847,missense|LC,17041118059,17,41118059,
FAM234A,ENSG00000167930,0.503648960684068,0.326723685342325,0.572880961625855,-0.000318263746776344,missense|LC,16000231109,16,231109,
ZNF419,ENSG00000105136,0.50366310853723,0.673913267530666,0.336996402204061,-0.000159968627841764,missense|LC,19057487830,19,57487830,
AC011498.4,ENSG00000267385,0.503788054867388,0.315899940931211,0.460992271930076,0.00172592340951022,missense|LC,19004523427,19,4523427,
JAG1,ENSG00000101384,0.503831088166059,0.45540560661509,0.309670697428919,0.000344103350872091,missense|LC,20010639450,20,10639450,
FOSB,ENSG00000125740,0.503835681752072,0.315301351472475,0.458517611681325,0.000948665950577408,missense|LC,19045468488,19,45468488,
OR52I1,ENSG00000232268,0.503839244266799,0.321337639610451,0.390351880829978,-0.000468976273753298,missense|LC,11004593945,11,4593945,
SENP6,ENSG00000112701,0.503863387030196,0.784505034925001,0.321178441422225,0.0000807449514933972,missense|LC,6075602426,6,75602426,
HOXA1,ENSG00000105991,0.503975965592056,0.704683734821309,0.310223395463889,0.000341376406785184,missense|LC,7027094408,7,27094408,
AMHR2,ENSG00000135409,0.504018027034794,0.929570835397659,0.301062401182434,0.0000693422301200527,missense|LC,12053423851,12,53423851,
CACNA1I,ENSG00000100346,0.504092812185772,0.417090418095973,0.317209831900312,-0.000163821483138534,missense|LC,22039570701,22,39570701,
MTFR1L,ENSG00000117640,0.504191109742083,0.936237152749903,0.311144195012686,-0.0000608130448826732,missense|LC,1025815494,1,25815494,
CWC22,ENSG00000163510,0.504218861100677,0.807887603348268,0.324586097411616,-0.0000896210995326825,missense|LC,2179945095,2,179945095,
FGD5,ENSG00000154783,0.50422005821475,0.86820874127784,0.304093557458142,-0.0000479985833320293,missense|LC,3014818843,3,14818843,
SLK,ENSG00000065613,0.504227117423281,0.337107432407141,0.776904565963084,-0.00128488924373761,missense|LC,10103967654,10,103967654,
KYAT1,ENSG00000171097,0.504257880192835,0.341943664279935,0.557406363916508,-0.000290295990740828,missense|LC,9128828649,9,128828649,
FOCAD,ENSG00000188352,0.504268550601499,0.760363887803171,0.312164306819623,0.0000664261836307774,missense|LC,9020715312,9,20715312,
CCDC78,ENSG00000162004,0.504281465955424,0.336852476881859,0.646047789789663,0.000420518957522313,missense|LC,16000721155,16,721155,
CCNDBP1,ENSG00000166946,0.50429267642796,0.901953154967742,0.313864288990876,0.0000801090938347916,missense|LC,15043181177,15,43181177,
ILRUN,ENSG00000196821,0.504368125940572,0.985943463646137,0.335839891995967,-0.00000725835738140654,missense|LC,6034590437,6,34590437,
ATP6V0B,ENSG00000117410,0.504409664434661,0.543549401300665,0.320916042565834,-0.000683428037021778,missense|LC,1043970070,1,43970070,
KBTBD2,ENSG00000170852,0.504416038628731,0.525765778415867,0.30116012156928,-0.000568393936033146,missense|LC,7032869301,7,32869301,
DUSP19,ENSG00000162999,0.504427166492069,0.335681961832525,0.68364860174612,0.000654209843151274,missense|LC,2183078859,2,183078859,
FHL1,ENSG00000022267,0.504493150668441,0.304832942348252,0.800828233282502,0.00105516827001216,missense|LC,23136196757,X,136196757,
IQGAP3,ENSG00000183856,0.504567510379623,0.925127250760768,0.31639535608033,-0.0000236927061779652,missense|LC,1156526467,1,156526467,
DESI2,ENSG00000121644,0.504635773924728,0.581531973350298,0.410074623923489,0.000360207269992075,missense|LC,1244653212,1,244653212,
UBE2O,ENSG00000175931,0.504716452251784,0.905553211890297,0.307203707721883,0.0000535065972315621,missense|LC,17076384995,17,76384995,
ACSM3,ENSG00000005187,0.504797439589795,0.336758385571756,0.652346976360999,0.000476420256516004,missense|LC,16020769953,16,20769953,
FDPS,ENSG00000160752,0.504800748324393,0.603901064763838,0.336687883362238,-0.000267524800454138,missense|LC,1155308485,1,155308485,
CDPF1,ENSG00000205643,0.504834583045531,0.596324684637323,0.314871798393269,0.00082490247073715,missense|LC,22046244978,22,46244978,
DSC1,ENSG00000134765,0.50487283419363,0.311441864457178,0.537992558983809,-0.00050787174582041,missense|LC,18031130425,18,31130425,
YPEL2,ENSG00000175155,0.504912714833693,0.62380645509345,0.314006490389502,-0.00223756405605817,missense|LC,17059353360,17,59353360,
HAL,ENSG00000084110,0.504994623424853,0.320562477478451,0.708408368240171,0.000302507262494012,missense|LC,12095967720,12,95967720,
ZNF726,ENSG00000213967,0.505253592005977,0.455310942693366,0.316135504518869,0.000313982091379109,missense|LC,19023914869,19,23914869,
KHDC1,ENSG00000135314,0.505285557109281,0.328999891477026,0.465895164275815,-0.000460276774067766,missense|LC,6073241457,6,73241457,
VPS29,ENSG00000111237,0.505383183829554,0.312129078412684,0.723783966835298,-0.00166212785612569,missense|LC,12110486533,12,110486533,
EBPL,ENSG00000123179,0.505471752035256,0.334713530319368,0.430466367962951,-0.000934719224321849,missense|LC,13049660904,13,49660904,
H3C8,ENSG00000273983,0.505522792465962,0.311620270819711,0.52588338566188,0.00129666764019721,missense|LC,6026270901,6,26270901,
GRIN2B,ENSG00000273079,0.505522873841874,0.56123487237039,0.30527431235444,0.000364838070239998,missense|LC,12013562735,12,13562735,
RALB,ENSG00000144118,0.505527655297239,0.36423128767649,0.311336308374597,-0.00180948084277659,missense|LC,2120252695,2,120252695,
CAV3,ENSG00000182533,0.505639568899456,0.362713565147413,0.533015940094921,-0.000528805768490392,missense|LC,3008733853,3,8733853,
SEPHS2,ENSG00000179918,0.505673684173279,0.465947590955174,0.325030765418337,0.000408515589452806,missense|LC,16030444288,16,30444288,
GJB7,ENSG00000164411,0.505728825108174,0.335492123681961,0.322582654580199,0.000695001745091031,missense|LC,6087284192,6,87284192,
CLEC2B,ENSG00000110852,0.505832988461039,0.631005618287364,0.318339875928074,0.000781319933605041,missense|LC,12009853258,12,9853258,
RHBDD2,ENSG00000005486,0.505955865607679,0.854991066296204,0.338783169952306,-0.0000952925343096113,missense|LC,7075878986,7,75878986,
FAM133B,ENSG00000234545,0.505969963568804,0.339432393274228,0.404191739443191,0.000722927027882618,missense|LC,7092562164,7,92562164,
HLA-DRB5,ENSG00000198502,0.505970385151593,0.964329317819225,0.398121251218361,-0.0000100195132219962,missense|LC,6032519393,6,32519393,
EIF2AK2,ENSG00000055332,0.506105147832958,0.321124667935991,0.974486926481941,-0.000791771818738548,missense|LC,2037094216,2,37094216,
KDM6A,ENSG00000147050,0.506145672882371,0.951310507217642,0.331266011531641,0.0000850162158182364,missense|LC,23044873455,X,44873455,
GPRIN2,ENSG00000204175,0.506215367955894,0.732593880979181,0.326256090461779,0.000106903487837939,missense|LC,10046549233,10,46549233,
CACHD1,ENSG00000158966,0.506307479135698,0.475509259982206,0.311006871308478,-0.000260227382281004,missense|LC,1064470898,1,64470898,
PIP4P1,ENSG00000165782,0.506352229926554,0.319362678116762,0.774818241345677,-0.000748636846828888,missense|LC,14020454544,14,20454544,
UBR7,ENSG00000012963,0.506388162892724,0.881605391469011,0.313963469534386,0.000149271731378352,missense|LC,14093203642,14,93203642,
AC114982.3,ENSG00000288643,0.506435480344695,0.347694429777035,0.432184109733836,-0.00183878461208417,missense|LC,5062306425,5,62306425,
OR51F2,ENSG00000176925,0.506482077580417,0.325103254334571,0.737773165780398,-0.000491932336331391,missense|LC,11004821342,11,4821342,
DCAF1,ENSG00000145041,0.506504143385465,0.317708262321845,0.321559700717206,-0.00085078552231353,missense|LC,3051391295,3,51391295,
PATZ1,ENSG00000100105,0.506606884067328,0.328379979764067,0.790051758515741,-0.000583098017956549,missense|LC,22031326815,22,31326815,
STX2,ENSG00000111450,0.506658331855974,0.940425609883509,0.318324464872799,-0.0000559752342654378,missense|LC,12130791844,12,130791844,
HRC,ENSG00000130528,0.506719075914843,0.887579359122752,0.323726005483385,0.0000321922212416095,missense|LC,19049146196,19,49146196,
STAC3,ENSG00000185482,0.506783589742707,0.715066444988724,0.315854480660001,-0.000286676650312324,missense|LC,12057240586,12,57240586,
SNED1,ENSG00000162804,0.506931960788505,0.804207480131236,0.319034977628401,-0.000660883365106921,missense|LC,2240998785,2,240998785,
REL,ENSG00000162924,0.506952263035582,0.307904683481648,0.709456191490709,0.000957300240443811,missense|LC,2060881765,2,60881765,
SLC2A7,ENSG00000197241,0.507050705403973,0.946347336277125,0.328476551568392,-0.0000192514502795267,missense|LC,1009003303,1,9003303,
TRIM6-TRIM34,ENSG00000258588,0.507067701888973,0.323111768629328,0.652424254881613,-0.000357557493544165,missense|LC,11005596769,11,5596769,
FKBP1A,ENSG00000088832,0.507187534016178,0.333938551288324,0.434513395567165,-0.00254897592751864,missense|LC,20001369939,20,1369939,
RAB5IF,ENSG00000101084,0.507219111271912,0.852021969109371,0.313852981389415,0.000310467239658417,missense|LC,20036605907,20,36605907,
LINGO2,ENSG00000174482,0.507278445981902,0.304244248061819,0.635939076302417,0.000866126763553234,missense|LC,9027948755,9,27948755,
TNIK,ENSG00000154310,0.507284336503344,0.930237977031795,0.331732695039759,-0.0000377180964658685,missense|LC,3171063804,3,171063804,
CALHM3,ENSG00000183128,0.507401989529599,0.320037696720903,0.74420932930674,0.000495711892910309,missense|LC,10103473100,10,103473100,
CA2,ENSG00000104267,0.507419303948061,0.574074904496011,0.312156517245036,-0.000617947947468235,missense|LC,8085463991,8,85463991,
TMPRSS11D,ENSG00000153802,0.507462393082844,0.547493135287806,0.319968871026708,-0.000428897466202377,missense|LC,4067822253,4,67822253,
CAAP1,ENSG00000120159,0.50752066961531,0.339636309757259,0.651292507271565,-0.000492131988988146,missense|LC,9026842239,9,26842239,
UCN3,ENSG00000178473,0.507544061583881,0.316195467978091,0.546436672649416,-0.00109678460039236,missense|LC,10005373569,10,5373569,
TLCD2,ENSG00000185561,0.507569935186853,0.660014323622845,0.353034700572494,-0.000198422843063297,missense|LC,17001707706,17,1707706,
CLEC19A,ENSG00000261210,0.50757719583347,0.705984918184744,0.317768484092527,0.000404805322124516,missense|LC,16019285785,16,19285785,
CFI,ENSG00000205403,0.507665713979483,0.57443156636021,0.327330135694854,-0.000218237030439673,missense|LC,4109740859,4,109740859,
ZNF274,ENSG00000171606,0.507666003822442,0.333393697773394,0.520720125688275,0.000481011695881457,missense|LC,19058183877,19,58183877,
NANOS3,ENSG00000187556,0.507806888065637,0.324543866562345,0.377426531894155,-0.000801969388288507,missense|LC,19013877247,19,13877247,
PDLIM5,ENSG00000163110,0.507970483619218,0.832048697364362,0.338587219450575,0.000066256096010227,missense|LC,4094455268,4,94455268,
FNDC3B,ENSG00000075420,0.50798486346551,0.37873063420101,0.327451482940695,0.000322178535142765,missense|LC,3172112447,3,172112447,
UBIAD1,ENSG00000120942,0.508072547893615,0.308246675064013,0.94836458519955,0.00138731855985512,missense|LC,1011273423,1,11273423,
ATRNL1,ENSG00000107518,0.508126662186601,0.310342504637593,0.924720122583911,0.000449219962130047,missense|LC,10115093658,10,115093658,
H4-16,ENSG00000197837,0.508241757908539,0.312515952344378,0.985345989035268,0.00223680254037894,missense|LC,12014770678,12,14770678,
TMIGD3,ENSG00000121933,0.508242554433104,0.337306043203932,0.654629995268143,0.000643773593686283,missense|LC,1111483643,1,111483643,
OCM,ENSG00000122543,0.508286060193533,0.343703263062565,0.63859566520103,0.00053092133781812,missense|LC,7005880822,7,5880822,
OIP5,ENSG00000104147,0.508319678912966,0.324467674574205,0.563549047913473,0.000853254795096132,missense|LC,15041309728,15,41309728,
FAR2,ENSG00000064763,0.508347525151905,0.538834587015637,0.330714887287597,-0.000476301796369982,missense|LC,12029270354,12,29270354,
SETD3,ENSG00000183576,0.50836477506739,0.674218250012433,0.313027226801611,-0.000305924594197536,missense|LC,14099398614,14,99398614,
TMEM14C,ENSG00000111843,0.508377409856391,0.681426885815898,0.338986667359593,-0.000378196785123571,missense|LC,6010724534,6,10724534,
FBXO4,ENSG00000151876,0.508416573354546,0.351432464214491,0.676725860257294,0.000500807026523737,missense|LC,5041925204,5,41925204,
FURIN,ENSG00000140564,0.508684552110604,0.945058084640038,0.323256858182489,-0.0000249189261234283,missense|LC,15090875659,15,90875659,
SULT1A3,ENSG00000261052,0.508706415289863,0.601954550380467,0.387096833050199,0.0137675100830554,missense|LC,16030194649,16,30194649,
STMND1,ENSG00000230873,0.508776851687816,0.31335480453763,0.759485339954763,0.00113345500829548,missense|LC,6017102157,6,17102157,
ATP2C1,ENSG00000017260,0.508803535320063,0.307512669385787,0.737669997063691,-0.000922430910933658,missense|LC,3130850802,3,130850802,
IBTK,ENSG00000005700,0.508808137213929,0.849456961633917,0.311209467772556,0.0000864005692644773,missense|LC,6082171356,6,82171356,
POU3F3,ENSG00000198914,0.50883816293945,0.456407719944116,0.312615343066247,0.000513113387799963,missense|LC,2104855441,2,104855441,
ADAMTS19,ENSG00000145808,0.50886232912268,0.325879967402448,0.637676683544856,0.000311826462096265,missense|LC,5129460327,5,129460327,
SSTR5,ENSG00000162009,0.508957316502509,0.888953858230272,0.320440290347174,-0.0000593642070676895,missense|LC,16001078783,16,1078783,
OR4X1,ENSG00000176567,0.508966604754542,0.345930392455913,0.448511629353813,-0.000299284976264864,missense|LC,11048263829,11,48263829,
FOXL2NB,ENSG00000206262,0.509058890625937,0.76415288317959,0.32365984237101,-0.00024757568229526,missense|LC,3138945434,3,138945434,
SLC25A42,ENSG00000181035,0.509077185194549,0.352050773217862,0.327540044796054,-0.000630008388843857,missense|LC,19019096065,19,19096065,
CRIM1,ENSG00000150938,0.509083235603229,0.319961757451116,0.723851673956493,-0.000348120484504751,missense|LC,2036356247,2,36356247,
NONO,ENSG00000147140,0.509099370835727,0.898918294915139,0.397338166708659,-0.0000659255133878647,missense|LC,23071290597,X,71290597,
ECHDC2,ENSG00000121310,0.509157821140726,0.506978522804938,0.339037614339204,-0.000283449527192435,missense|LC,1052892721,1,52892721,
AMELX,ENSG00000125363,0.509235406578648,0.913953870145257,0.320838451552837,0.000114707608943293,missense|LC,23011294732,X,11294732,
UNC13C,ENSG00000137766,0.509279948444748,0.387584927576915,0.325396731203514,-0.000210299178326865,missense|LC,15054012912,15,54012912,
LPA,ENSG00000198670,0.509293830092864,0.415509954750564,0.313980994578271,-0.00018277715857953,missense|LC,6160531620,6,160531620,
SDHAF3,ENSG00000196636,0.509354238367474,0.519295863881904,0.318876817453624,0.000732244275852727,missense|LC,7097117614,7,97117614,
CCDC59,ENSG00000133773,0.509392278120607,0.642501709641271,0.37163453925409,-0.000194327586159584,missense|LC,12082353102,12,82353102,
EEA1,ENSG00000102189,0.509431439819329,0.323318204011133,0.657268265341858,0.000270981983321265,missense|LC,12092768947,12,92768947,
GPX4,ENSG00000167468,0.509436215509151,0.326343869167287,0.626510411331254,0.000701387383765475,missense|LC,19001103959,19,1103959,
PIPOX,ENSG00000179761,0.509457452256671,0.313654289133647,0.513394583423847,0.000754756839363201,missense|LC,17029043183,17,29043183,
NECTIN3,ENSG00000177707,0.509483475667108,0.324313412858598,0.404809920392633,0.000484787274531031,missense|LC,3111071951,3,111071951,
CCR8,ENSG00000179934,0.509564904363407,0.336939468698238,0.843341390337248,-0.000701842544783317,missense|LC,3039332315,3,39332315,
MARCHF11,ENSG00000183654,0.509644190232193,0.323298668205906,0.997826075654349,0.000566604450079902,missense|LC,5016067399,5,16067399,
MLF1,ENSG00000178053,0.509814757438549,0.440457282298159,0.311347263641526,-0.000952924437871765,missense|LC,3158592364,3,158592364,
KIAA2026,ENSG00000183354,0.509888579556366,0.315940589201486,0.431608462991646,-0.00021035360636165,missense|LC,9005919619,9,5919619,
CCDC58,ENSG00000160124,0.50989732503621,0.324547922974046,0.335034585533224,0.00156982886406716,missense|LC,3122359769,3,122359769,
NAB1,ENSG00000138386,0.509899889635964,0.809526982597746,0.319308793211612,0.00016877209463173,missense|LC,2190659121,2,190659121,
SUN1,ENSG00000164828,0.509935437629784,0.579184737786362,0.331089544709463,0.000170009387901769,missense|LC,7000830869,7,830869,
CCR6,ENSG00000112486,0.509947397242101,0.730891705215986,0.359553987441045,-0.000154730359978158,missense|LC,6167136039,6,167136039,
OR2B2,ENSG00000168131,0.509961325148348,0.844483059242454,0.324317366389121,-0.000156252648987044,missense|LC,6027911224,6,27911224,
SMIM1,ENSG00000235169,0.510127141616476,0.316493304417377,0.333950790082193,-0.00211736548639029,missense|LC,1003769742,1,3769742,
PAPPA2,ENSG00000116183,0.510178840273062,0.949538196905269,0.319752409123336,-0.0000177956297256995,missense|LC,1176556229,1,176556229,
C9orf78,ENSG00000136819,0.510184599095691,0.793971209381618,0.353813487483607,-0.000230183819989056,missense|LC,9129822471,9,129822471,
ABCB4,ENSG00000005471,0.510198612968291,0.790736625576377,0.340425776782182,0.0000844160964826136,missense|LC,7087398435,7,87398435,
PDP1,ENSG00000164951,0.510232788311801,0.308748503958424,0.632482481731382,-0.00100633167301465,missense|LC,8093917736,8,93917736,
PPM1G,ENSG00000115241,0.510247674820107,0.35503925115592,0.407399449455007,0.000603517488475176,missense|LC,2027376202,2,27376202,
LANCL2,ENSG00000132434,0.51026062678335,0.943177802481596,0.314967116169734,0.0000478926352600717,missense|LC,7055365951,7,55365951,
HTR3D,ENSG00000186090,0.51028943968995,0.839020326996039,0.333951628241515,-0.000105773428724176,missense|LC,3184031700,3,184031700,
SV2B,ENSG00000185518,0.51029417404883,0.499599330533449,0.321125492129492,-0.000376811914894602,missense|LC,15091226188,15,91226188,
RRAGD,ENSG00000025039,0.510426070460926,0.321618125723652,0.512056991211938,-0.00093663713775484,missense|LC,6089367976,6,89367976,
SP2,ENSG00000167182,0.510457883805228,0.550049507096706,0.314237631668129,-0.000416485347246274,missense|LC,17047896188,17,47896188,
ZCCHC14,ENSG00000140948,0.510504990547448,0.827746258436865,0.312831415898195,0.000121422572466429,missense|LC,16087402097,16,87402097,
PRR9,ENSG00000203783,0.510527051068082,0.336946977478348,0.315656390281927,-0.0022008688779143,missense|LC,1153218084,1,153218084,
ZNF846,ENSG00000196605,0.510574776868505,0.469336769643684,0.339679694011987,-0.000252628674625827,missense|LC,19009757476,19,9757476,
ZFX,ENSG00000005889,0.510595685745218,0.324405260126065,0.857334216735053,0.000450087194495684,missense|LC,23024172680,X,24172680,
DPY19L4,ENSG00000156162,0.510646438524191,0.314511847863519,0.386359734763534,-0.000571642442766104,missense|LC,8094719854,8,94719854,
AL049697.1,ENSG00000213204,0.510694385009332,0.333051481590293,0.40927468974685,-0.000327783350844695,missense|LC,6087407929,6,87407929,
C12orf76,ENSG00000174456,0.510708318322754,0.661703115329001,0.312538815337963,-0.000671734415845809,missense|LC,12110036197,12,110036197,
HEPACAM2,ENSG00000188175,0.510747927405595,0.469275911716969,0.3459450335531,-0.000274021116433397,missense|LC,7093189207,7,93189207,
CYP26A1,ENSG00000095596,0.510845982816563,0.343425342383919,0.655385826878042,-0.000483356712955622,missense|LC,10093073976,10,93073976,
CCL20,ENSG00000115009,0.51085728467042,0.59201533280511,0.322764061850993,0.00114145946929382,missense|LC,2227813870,2,227813870,
MLLT11,ENSG00000213190,0.510886780513799,0.328376554394883,0.855361230913158,0.00252814704288674,missense|LC,1151055623,1,151055623,
KCNK4,ENSG00000182450,0.510951030360047,0.972576225415254,0.33022955212966,0.0000225926384848545,missense|LC,11064286288,11,64286288,
OR2M2,ENSG00000198601,0.511246146873518,0.333427647681447,0.567436581400344,0.000527350171382087,missense|LC,1248179891,1,248179891,
METTL4,ENSG00000101574,0.511287863885083,0.348095585369363,0.612450543377713,-0.000443963146284168,missense|LC,18002538908,18,2538908,
PBRM1,ENSG00000163939,0.51130724979231,0.322278547861497,0.333325679810414,0.000455961918762761,missense|LC,3052548007,3,52548007,
RSPO3,ENSG00000146374,0.511343628728547,0.702409759141425,0.313120833497308,0.000508419005624398,missense|LC,6127119171,6,127119171,
RNF113B,ENSG00000139797,0.511369727298815,0.324538366015771,0.422808389629776,0.000655817708459843,missense|LC,13098176107,13,98176107,
CAGE1,ENSG00000164304,0.511408074452362,0.327534208129253,0.667667263558695,0.000306017992521508,missense|LC,6007326830,6,7326830,
CHST14,ENSG00000169105,0.51149331226714,0.454204794585795,0.31837970598634,-0.000728446944451551,missense|LC,15040465985,15,40465985,
CLDN23,ENSG00000253958,0.511556930347069,0.766082506946552,0.336802479413456,0.000127529466577698,missense|LC,8008702290,8,8702290,
GAN,ENSG00000261609,0.51161612287707,0.338966087629168,0.427889046843236,0.000396576443514085,missense|LC,16081315031,16,81315031,
FO393400.1,ENSG00000285382,0.511637623027703,0.315660213259024,0.498326761153105,0.00123795769238738,missense|LC,20032650386,20,32650386,
BCO2,ENSG00000197580,0.511657701860768,0.338748736245029,0.905347743274074,0.000333800039967258,missense|LC,11112170513,11,112170513,
PTPN9,ENSG00000169410,0.511973385533841,0.753046475059925,0.320522911196137,0.000210707868625482,missense|LC,15075468698,15,75468698,
PLA2G2D,ENSG00000117215,0.512020901849624,0.366725917492677,0.37972047031689,-0.000388849571335792,missense|LC,1020114030,1,20114030,
EMILIN2,ENSG00000132205,0.512024355274213,0.315825045321437,0.782918212497819,0.000370627890355975,missense|LC,18002846674,18,2846674,
CEP55,ENSG00000138180,0.512103010485761,0.504469113870425,0.328435939306874,-0.000331045276951353,missense|LC,10093500015,10,93500015,
NRG3,ENSG00000185737,0.51211504562686,0.319157161143083,0.754344852321324,0.00100897702945363,missense|LC,10081875249,10,81875249,
EIF5AL1,ENSG00000253626,0.512234712403133,0.573455706773941,0.392762328630854,-0.000327131241778518,missense|LC,10079512687,10,79512687,
DPY30,ENSG00000162961,0.512311503936306,0.688678900786021,0.321904486910545,-0.00134388161405321,missense|LC,2032023658,2,32023658,
SELENOP,ENSG00000250722,0.512381068804096,0.411598544811297,0.35383721562616,0.000324871753288055,missense|LC,5042796791,5,42796791,
RIOK2,ENSG00000058729,0.512409384594471,0.321153387417469,0.501403561058719,-0.00062318045138066,missense|LC,5097163002,5,97163002,
SERPINA7,ENSG00000123561,0.512452176629822,0.411381231657801,0.33712587979397,0.000443504013068009,missense|LC,23106033439,X,106033439,
PAXIP1,ENSG00000157212,0.512459479002019,0.71422753597445,0.332802047169032,0.000139560370775468,missense|LC,7154944075,7,154944075,
LPIN1,ENSG00000134324,0.512511327850893,0.854486471908711,0.318216699908806,-0.000090453259608542,missense|LC,2011677601,2,11677601,
CYP27C1,ENSG00000186684,0.51262590519391,0.376258602100496,0.571455852918228,-0.000516134985497172,missense|LC,2127187227,2,127187227,
SKOR2,ENSG00000215474,0.512640598518679,0.317861570878247,0.411425044868881,-0.000358444869887809,missense|LC,18047211988,18,47211988,
MX1,ENSG00000157601,0.512757023923189,0.320711361131768,0.819449698375542,-0.000391591418610149,missense|LC,21041431993,21,41431993,
VILL,ENSG00000136059,0.512780711570409,0.323558362997976,0.358368483132639,-0.000539590407058481,missense|LC,3037993599,3,37993599,
SYCE1L,ENSG00000205078,0.512798620479649,0.31605189008524,0.536964680269716,-0.000977224337757898,missense|LC,16077194411,16,77194411,
UBE2QL1,ENSG00000215218,0.512824262631173,0.876766352134455,0.315274927488079,-0.000543277933819597,missense|LC,5006448648,5,6448648,
PPFIA2,ENSG00000139220,0.512864663963627,0.736770397496892,0.363942364546082,0.000150862723389769,missense|LC,12081253265,12,81253265,
DIS3L,ENSG00000166938,0.513060620498462,0.311441121847225,0.317336069486647,-0.000474340374369599,missense|LC,15066293387,15,66293387,
LDHB,ENSG00000111716,0.513074113812583,0.784320779512966,0.326448198364361,0.000255630064121489,missense|LC,12021635496,12,21635496,
GLMP,ENSG00000198715,0.513074481255997,0.743071897558006,0.335969506488393,-0.000228356399237539,missense|LC,1156291315,1,156291315,
ATRX,ENSG00000085224,0.513093875348043,0.312084950696569,0.648081444811846,-0.000323627912980683,missense|LC,23077508277,X,77508277,
MCM6,ENSG00000076003,0.513106440715228,0.55533201966066,0.332881688556069,0.000249658405404902,missense|LC,2135836468,2,135836468,
GPATCH8,ENSG00000186566,0.513161537798635,0.47792863403662,0.311704234908185,-0.000233116220196281,missense|LC,17044397536,17,44397536,
HAX1,ENSG00000143575,0.513178405879052,0.934493870122347,0.319338811999336,-0.0000569880330780645,missense|LC,1154268678,1,154268678,
CTBP2,ENSG00000175029,0.513241650687397,0.313005405911512,0.442750677064381,0.00114058206647845,missense|LC,10124981638,10,124981638,
PRKCZ,ENSG00000067606,0.513290397418818,0.313789037897642,0.525256233219893,0.00068163023719777,missense|LC,1002050564,1,2050564,
MIDEAS,ENSG00000156030,0.513312661563438,0.777357824155611,0.328515903964851,0.0000901706260835592,missense|LC,14073712540,14,73712540,
ERC2,ENSG00000187672,0.513375162178939,0.738929300066966,0.339743157864534,0.000223696597952509,missense|LC,3055683744,3,55683744,
PCDHB5,ENSG00000113209,0.513463538231709,0.332419355600615,0.922372020243722,0.000346514177349192,missense|LC,5141135412,5,141135412,
OR52K1,ENSG00000196778,0.513531243038845,0.877409164206106,0.316277078803829,0.00011285893665615,missense|LC,11004488862,11,4488862,
POU6F1,ENSG00000184271,0.513626537606863,0.326899032907431,0.45988251913656,0.000896519674722197,missense|LC,12051190084,12,51190084,
RAF1,ENSG00000132155,0.513653688985975,0.316275035439657,0.385066629086325,0.000768005339107832,missense|LC,3012581716,3,12581716,
UTP14C,ENSG00000253797,0.513704642735088,0.337530876548964,0.691026403842492,-0.000371661700784798,missense|LC,13052023941,13,52023941,
SYTL1,ENSG00000142765,0.513920616527975,0.314499818736271,0.509358766215838,-0.00064780191343649,missense|LC,1027345279,1,27345279,
INHA,ENSG00000123999,0.514244988027027,0.604424903328422,0.34516960820608,0.00027446568699655,missense|LC,2219567310,2,219567310,
ANKEF1,ENSG00000132623,0.514331859870027,0.316240537415857,0.821747989319017,0.000461669056584246,missense|LC,20010038250,20,10038250,
P4HA1,ENSG00000122884,0.514353745854713,0.457363180439237,0.334468528469229,0.000662262123596978,missense|LC,10073006063,10,73006063,
OLFM1,ENSG00000130558,0.514386637889131,0.539406537031813,0.31648205531252,0.000884415502700206,missense|LC,9135087814,9,135087814,
C11orf91,ENSG00000205177,0.514406028919708,0.321166274481524,0.952337207340851,-0.00114625622046253,missense|LC,11033698401,11,33698401,
PMVK,ENSG00000163344,0.51440669406076,0.354222490165428,0.398405111407824,-0.000444556996873385,missense|LC,1154925049,1,154925049,
GPR4,ENSG00000177464,0.514483128313413,0.31216225412001,0.515439316413276,0.00127421499669099,missense|LC,19045584764,19,45584764,
SOAT2,ENSG00000167780,0.51448557263342,0.516749385253368,0.326539274472215,-0.000299909534824943,missense|LC,12053100641,12,53100641,
INO80,ENSG00000128908,0.514589209794286,0.343263425648989,0.388020791755229,0.000579307534009097,missense|LC,15040980172,15,40980172,
C10orf105,ENSG00000214688,0.514666104157099,0.371681006657937,0.750620919677958,-0.000407827512469625,missense|LC,10071706746,10,71706746,
LAYN,ENSG00000204381,0.514702569449313,0.533635319077872,0.324450909853656,0.000378455510323506,missense|LC,11111536727,11,111536727,
CHADL,ENSG00000100399,0.514712418106781,0.672000025657703,0.32758130448231,-0.000174924444002328,missense|LC,22041224684,22,41224684,
CDH3,ENSG00000062038,0.514899503892958,0.729247913896198,0.335026265753224,-0.000118815436094843,missense|LC,16068645299,16,68645299,
SFI1,ENSG00000198089,0.514928330538493,0.777472183171039,0.314756656587817,0.0000908317712662289,missense|LC,22031508254,22,31508254,
RNASE11,ENSG00000173464,0.514935147066573,0.621487866587679,0.334420410651753,-0.00033230906931114,missense|LC,14020583784,14,20583784,
FBXL2,ENSG00000153558,0.514936456094034,0.582299014744403,0.309262723862914,-0.000638753081129069,missense|LC,3033277389,3,33277389,
SNRNP200,ENSG00000144028,0.514996815272829,0.421180440240449,0.342253648956787,-0.000242154531462717,missense|LC,2096269338,2,96269338,
AQP6,ENSG00000086159,0.515000203930052,0.649957969290145,0.348005551593504,0.000216570993374308,missense|LC,12049973051,12,49973051,
PHOX2B,ENSG00000109132,0.515040060212662,0.402293662780402,0.346038054803948,-0.000428725759149367,missense|LC,4041745687,4,41745687,
ADA2,ENSG00000093072,0.515097564163561,0.721932407764402,0.328234620523846,0.000154082438557248,missense|LC,22017181457,22,17181457,
NEK5,ENSG00000197168,0.515144915058266,0.331706716308709,0.543863691255614,0.000385675594455662,missense|LC,13052061771,13,52061771,
CLP1,ENSG00000172409,0.515172308133993,0.34690268490105,0.880759339461472,0.000693446172605227,missense|LC,11057659382,11,57659382,
GUCY2D,ENSG00000132518,0.515199149297495,0.324407287393504,0.739081371774192,0.000304944812856234,missense|LC,17008002982,17,8002982,
C3orf18,ENSG00000088543,0.515241405788243,0.331428632651282,0.910564947893409,-0.00115984032010473,missense|LC,3050558609,3,50558609,
PLAU,ENSG00000122861,0.515292638070555,0.850773387293798,0.344182597459635,-0.0000589530070011628,missense|LC,10073911448,10,73911448,
WFIKKN1,ENSG00000127578,0.515411178055268,0.321329664450517,0.423294607024301,-0.000381979532421422,missense|LC,16000625985,16,625985,
SEC22C,ENSG00000093183,0.515426411214547,0.39396670840256,0.334558552850651,0.000715303421337767,missense|LC,3042548527,3,42548527,
ST8SIA4,ENSG00000113532,0.515501986978062,0.634324394161101,0.318801239578662,0.000556702932798903,missense|LC,5100811763,5,100811763,
SPIN1,ENSG00000106723,0.515515850004469,0.328318740838568,0.329970380083813,-0.00245744331267221,missense|LC,9088410987,9,88410987,
STOM,ENSG00000148175,0.515536234442408,0.390632826014094,0.350903099847645,-0.000693044346943764,missense|LC,9121339457,9,121339457,
OTOGL,ENSG00000165899,0.515556279336443,0.35317544906157,0.316145669455601,-0.000197148055918862,missense|LC,12080103223,12,80103223,
PDZK1IP1,ENSG00000162366,0.515791517728649,0.362021470296108,0.362182541108912,0.000645591565533713,missense|LC,1047183922,1,47183922,
PPFIBP2,ENSG00000166387,0.515814542015351,0.686403669638678,0.33162417379367,0.000121936087569266,missense|LC,11007509346,11,7509346,
MAP3K20,ENSG00000091436,0.515824600394248,0.658009922169577,0.311874603130318,-0.000232330550750571,missense|LC,2173075651,2,173075651,
AC127029.3,ENSG00000285947,0.515887395902037,0.53367055049695,0.345898659315426,-0.00025717960726437,missense|LC,17063917158,17,63917158,
LYPD8,ENSG00000259823,0.515905392690951,0.342593739444082,0.533400087677099,0.00123274997501331,missense|LC,1248739488,1,248739488,
RGS8,ENSG00000135824,0.515962807980667,0.857121743179594,0.325203274295016,-0.000216467489773444,missense|LC,1182646663,1,182646663,
TCL1A,ENSG00000100721,0.515993597293623,0.475841649604743,0.346922520420404,-0.00065278917504665,missense|LC,14095711652,14,95711652,
RETN,ENSG00000104918,0.516007846635784,0.60512476696474,0.373472296014313,0.000545083731969912,missense|LC,19007669288,19,7669288,
AL845331.1,ENSG00000259916,0.516133054738487,0.963437020502299,0.3377624235865,0.0000136863766088949,missense|LC,2094594711,2,94594711,
HNRNPK,ENSG00000165119,0.516133768083352,0.681901985231399,0.317032330004279,0.000656342282677385,missense|LC,9083969396,9,83969396,
THEM4,ENSG00000159445,0.51614724239313,0.873438670539783,0.367112334524209,-0.0000712035803502512,missense|LC,1151874824,1,151874824,
CATSPERZ,ENSG00000219435,0.516199889420107,0.816334635837444,0.316972689129927,0.000290785191925107,missense|LC,11064296777,11,64296777,
IFNAR1,ENSG00000142166,0.516261563955645,0.328068609431089,0.520960296773887,-0.000519908173511106,missense|LC,21033324981,21,33324981,
ATP5F1D,ENSG00000099624,0.516285626575576,0.874606844601166,0.31836269487886,-0.000213254947981765,missense|LC,19001241715,19,1241715,
CHML,ENSG00000203668,0.516297931420618,0.3181965971424,0.795745763384919,-0.000566825394345374,missense|LC,1241633717,1,241633717,
SYN3,ENSG00000185666,0.516336628482043,0.326247490650791,0.570669238458062,-0.000372808054784335,missense|LC,22032513577,22,32513577,
CABLES1,ENSG00000134508,0.516359975213917,0.379443871158576,0.318154679789279,-0.000382690745211201,missense|LC,18023135763,18,23135763,
KANSL1,ENSG00000120071,0.516366401649118,0.555547452611689,0.320883475744521,0.000312572228099861,missense|LC,17046031404,17,46031404,
COL4A4,ENSG00000081052,0.516366806943948,0.77912380432068,0.32665986824693,0.0000788710644449248,missense|LC,2227007222,2,227007222,
RREB1,ENSG00000124782,0.516376600981555,0.31031784137824,0.531894304151432,0.000263566186217892,missense|LC,6007181829,6,7181829,
TMEM196,ENSG00000173452,0.516498569601347,0.401271710540126,0.319738004571199,-0.00118197070525766,missense|LC,7019722026,7,19722026,
FAHD2B,ENSG00000144199,0.516510980951237,0.592261198638107,0.376117228605989,-0.000155238319066473,missense|LC,2097081006,2,97081006,
ELAVL2,ENSG00000107105,0.516565692381597,0.54639486434076,0.314077099793914,0.000764953281431151,missense|LC,9023692461,9,23692461,
XCL1,ENSG00000143184,0.516580971560508,0.88941266095591,0.375773376829132,0.000088752145420955,missense|LC,1168576535,1,168576535,
RAB39B,ENSG00000155961,0.516610652828262,0.988170202892345,0.3262206908427,0.00000109847208333365,missense|LC,23155260758,X,155260758,
MFSD6L,ENSG00000185156,0.516748011208884,0.772663267944704,0.367637266560229,0.0000405647842651464,missense|LC,17008797279,17,8797279,
PIFO,ENSG00000173947,0.516791740392339,0.33101066150262,0.880284218415265,0.0015252085308601,missense|LC,1111346513,1,111346513,
NDUFAF6,ENSG00000156170,0.516829978041472,0.428674121749871,0.350409654438123,-0.000377849314550399,missense|LC,8095024911,8,95024911,
BMP5,ENSG00000112175,0.516837636801994,0.351561372395052,0.839707745975783,0.000416462320088934,missense|LC,6055755454,6,55755454,
C2CD4B,ENSG00000205502,0.516838367266057,0.505671244029835,0.332095062689336,0.000244844938282937,missense|LC,15062163755,15,62163755,
ARL14EP,ENSG00000152219,0.516963562928202,0.317125482304857,0.617089746919971,-0.00151095501728195,missense|LC,11030330875,11,30330875,
FSTL4,ENSG00000053108,0.517155552749282,0.945831206898304,0.322611109975695,-0.0000225052765992327,missense|LC,5133199066,5,133199066,
SUSD6,ENSG00000100647,0.517170555554389,0.910716930385185,0.339912843063797,-0.0000682803703014079,missense|LC,14069658506,14,69658506,
CLNS1A,ENSG00000074201,0.517185892285107,0.357543308393388,0.678186844714411,-0.00083571037332241,missense|LC,11077619594,11,77619594,
TBC1D24,ENSG00000162065,0.517255113764484,0.323607044140781,0.519314019683655,-0.000520519837298394,missense|LC,16002471627,16,2471627,
KDSR,ENSG00000119537,0.51726008924652,0.318110717884351,0.368133838669798,-0.00107471456431001,missense|LC,18063331699,18,63331699,
OR3A1,ENSG00000180090,0.517427720703461,0.341150084657634,0.558241050729932,0.000303779364938472,missense|LC,17003291572,17,3291572,
XKRX,ENSG00000182489,0.517495266664544,0.341720929325487,0.709870335011195,0.000362484460402007,missense|LC,23100914262,X,100914262,
SOX4,ENSG00000124766,0.517551022908225,0.643963973283914,0.339002413366312,-0.000126407219834345,missense|LC,6021594397,6,21594397,
LCE2C,ENSG00000187180,0.517563951697138,0.969249612423859,0.326033179366023,0.0000340504463184887,missense|LC,1152675908,1,152675908,
H2BE1,ENSG00000285480,0.517569280663947,0.349403966790613,0.673908945281611,-0.0013896128308247,missense|LC,7151207974,7,151207974,
CTSF,ENSG00000174080,0.517642362872073,0.9369109623066,0.333264474576721,0.0000389610586154219,missense|LC,11066559133,11,66559133,
TTLL9,ENSG00000131044,0.51772924214673,0.964278624428379,0.350852769486234,-0.0000158475875544059,missense|LC,20031866999,20,31866999,
ETNK1,ENSG00000139163,0.517828929079127,0.369715074606584,0.90913848081836,-0.000460603715670428,missense|LC,12022624985,12,22624985,
SMIM24,ENSG00000095932,0.51784805127741,0.386661674426872,0.322669945018306,-0.00131032959813571,missense|LC,19003474721,19,3474721,
ACSBG2,ENSG00000130377,0.517923694344444,0.431583742353287,0.337460790245637,-0.000337486310843153,missense|LC,19006141509,19,6141509,
IRX5,ENSG00000176842,0.51792688716808,0.342786735755499,0.653950668334634,0.000464068652906754,missense|LC,16054931103,16,54931103,
CCDC137,ENSG00000185298,0.51804901828976,0.389465029844892,0.345621669426078,-0.000471616932751184,missense|LC,17081665092,17,81665092,
IFNL3,ENSG00000197110,0.518180847051489,0.946527531826285,0.347397802596167,0.0000273669247768368,missense|LC,19039243536,19,39243536,
SREK1,ENSG00000153914,0.518228633624415,0.366710049979933,0.316031064163782,-0.000650753854411182,missense|LC,5066144305,5,66144305,
RFC2,ENSG00000049541,0.518268218617561,0.330834280524501,0.800811512563202,0.000862516642167956,missense|LC,7074232090,7,74232090,
GART,ENSG00000159131,0.518427399228647,0.33840608491673,0.651174524643629,-0.000360028187378532,missense|LC,21033504045,21,33504045,
OR10S1,ENSG00000196248,0.518557052145745,0.886625477660346,0.356083628793303,-0.0000757273065226542,missense|LC,11123976609,11,123976609,
CST11,ENSG00000125831,0.518558265615327,0.325731740954158,0.877505868294957,0.00137760279708137,missense|LC,20023450478,20,23450478,
ARHGEF10L,ENSG00000074964,0.518651071725293,0.322772685415453,0.41625403534541,0.000306494761709589,missense|LC,1017580495,1,17580495,
ATP8B2,ENSG00000143515,0.518666315985279,0.32485908040651,0.653628580604089,-0.0003937155010053,missense|LC,1154322876,1,154322876,
ATP5MC1,ENSG00000159199,0.518679489115594,0.322231196377679,0.997282150576876,0.00204364363254821,missense|LC,17048893322,17,48893322,
IL3RA,ENSG00000185291,0.51889387964003,0.329288590395956,0.358140725711817,-0.000387833053281113,missense|LC,23001341674,X,1341674,
UGT1A6,ENSG00000167165,0.518905078364828,0.452078648456723,0.31730325967936,0.00046157598010534,missense|LC,2233690395,2,233690395,
OR5W2,ENSG00000187612,0.519092398264623,0.40904932903639,0.316128076581753,-0.000763204697017639,missense|LC,11055913631,11,55913631,
ADCY8,ENSG00000155897,0.519174403467958,0.353904816193143,0.312858037779589,-0.000540249754479514,missense|LC,8130780306,8,130780306,
WRN,ENSG00000165392,0.519205429538453,0.377819264872571,0.328618199452002,0.000206209189253949,missense|LC,8031031653,8,31031653,
CEBPG,ENSG00000153879,0.519276042341043,0.345518285658574,0.509494419482833,0.000724441207070994,missense|LC,19033379167,19,33379167,
CCDC198,ENSG00000100557,0.519290807278743,0.511726309416979,0.324658720816309,0.000635969702119223,missense|LC,14057471314,14,57471314,
CTSC,ENSG00000109861,0.519412933380945,0.318549714338892,0.736116602467925,-0.000744306954097301,missense|LC,11088293923,11,88293923,
PRSS3,ENSG00000010438,0.519478954372492,0.387017475320275,0.338762240349432,-0.000441809597194954,missense|LC,9033750410,9,33750410,
TMEM65,ENSG00000164983,0.519489524205396,0.325991426615394,0.448642293633035,-0.00138133763518306,missense|LC,8124313942,8,124313942,
CLEC6A,ENSG00000205846,0.519660782685657,0.353407529448528,0.414005122700174,-0.00086716663829943,missense|LC,12008456047,12,8456047,
AC010327.2,ENSG00000267110,0.519709181941049,0.336940406082192,0.579547397640063,-0.000940969070000111,missense|LC,19055151761,19,55151761,
WDR45,ENSG00000196998,0.519857079270718,0.320527653814325,0.771080053720777,0.00105831968544918,missense|LC,23049071769,X,49071769,
DCANP1,ENSG00000251380,0.519882926371814,0.341336775267426,0.743127941550861,0.000524371696904753,missense|LC,5135446262,5,135446262,
PANX1,ENSG00000110218,0.519901724709859,0.320368987923019,0.913644583527965,-0.000813241665030895,missense|LC,11094129237,11,94129237,
KRTAP13-1,ENSG00000198390,0.519908401165547,0.358873087964923,0.748271424711457,-0.000395604324449378,missense|LC,21030395976,21,30395976,
ACOT9,ENSG00000123130,0.519916572092619,0.374324460046597,0.639218972370251,-0.000414661023329983,missense|LC,23023703878,X,23703878,
NSMAF,ENSG00000035681,0.519961447552818,0.336088127263578,0.541422413189674,-0.000430795121172146,missense|LC,8058579559,8,58579559,
ARHGAP5,ENSG00000100852,0.519975500180082,0.324454537748779,0.46397422739478,0.00036334136111151,missense|LC,14032090600,14,32090600,
GPR32,ENSG00000142511,0.520019506373432,0.497025484777117,0.345431560700477,0.000415547041419906,missense|LC,19050770572,19,50770572,
SAMD4A,ENSG00000020577,0.520050021841932,0.34943861851727,0.380409313345154,-0.000350803599640509,missense|LC,14054567822,14,54567822,
GIT1,ENSG00000108262,0.520366547131584,0.905841280316339,0.31450369810884,0.0000978236007033795,missense|LC,17029568662,17,29568662,
C1GALT1C1,ENSG00000171155,0.520386285593825,0.874338556238626,0.390238363489719,0.0000643006281991709,missense|LC,23120626176,X,120626176,
AC010197.2,ENSG00000285854,0.520440983259987,0.736475500006749,0.336097071165077,0.000329536051699304,missense|LC,12021531210,12,21531210,
KIF20A,ENSG00000112984,0.520497089097752,0.603466860737681,0.330065342426175,-0.000233010068160779,missense|LC,5138177548,5,138177548,
CTAGE9,ENSG00000236761,0.52051400791884,0.32557696408979,0.629764366589129,0.000372256036275526,missense|LC,6131708555,6,131708555,
YRDC,ENSG00000196449,0.520545408119353,0.752490907746649,0.357679335620849,-0.00022722022413656,missense|LC,1037799470,1,37799470,
PRDM12,ENSG00000130711,0.520581002776571,0.338149131903176,0.492696515746872,-0.000377246599133734,missense|LC,9130664585,9,130664585,
FARP2,ENSG00000006607,0.520605860500576,0.43843299592839,0.331160224230364,-0.000212959859847739,missense|LC,2241373052,2,241373052,
PLEKHA5,ENSG00000052126,0.520636270162224,0.77587358044625,0.362789673819313,0.0000727966677950779,missense|LC,12019129754,12,19129754,
CH25H,ENSG00000138135,0.520898787775411,0.316921180667838,0.590993070115248,-0.00132649063853432,missense|LC,10089206432,10,89206432,
CITED4,ENSG00000179862,0.52092656078455,0.538179378601993,0.383053017059936,0.000269695845327734,missense|LC,1040861517,1,40861517,
ANXA1,ENSG00000135046,0.521002148702978,0.394083648339865,0.337790749639004,0.000673662960373158,missense|LC,9073158480,9,73158480,
FOXO3,ENSG00000118689,0.52107717906979,0.63850984848962,0.33092982626479,0.000280854744444452,missense|LC,6108560896,6,108560896,
PF4V1,ENSG00000109272,0.521090361070561,0.35377651171165,0.606360608603372,0.000907165711503703,missense|LC,4073853315,4,73853315,
DUS2,ENSG00000167264,0.521106478903159,0.323559029725639,0.639057831823942,0.000587853652513133,missense|LC,16068021479,16,68021479,
OR4K13,ENSG00000176253,0.521110681522365,0.463321585692854,0.375488712206518,0.000394808184086684,missense|LC,14020033842,14,20033842,
OR2M4,ENSG00000171180,0.521133785821102,0.815993678235394,0.367945102458555,-0.000111850605192365,missense|LC,1248238885,1,248238885,
FUT3,ENSG00000171124,0.521139228712174,0.343096292080602,0.558497323473369,0.000402044269985656,missense|LC,19005843597,19,5843597,
EIF3B,ENSG00000106263,0.521235007501438,0.634410817716008,0.349406103153896,-0.00017208645067356,missense|LC,7002354784,7,2354784,
LYSMD2,ENSG00000140280,0.521271283802844,0.877624288245699,0.389011378515266,-0.0000613321126091644,missense|LC,15051719372,15,51719372,
CCNI,ENSG00000118816,0.521352840484537,0.326813093430034,0.530074538524926,-0.00125484227473757,missense|LC,4077048165,4,77048165,
ZNF514,ENSG00000144026,0.521373185748473,0.335233779753009,0.36945260488484,0.000471428232654088,missense|LC,2095149175,2,95149175,
SLC47A1,ENSG00000142494,0.521407992875109,0.331011092093038,0.513592465994422,-0.000484311326372672,missense|LC,17019533790,17,19533790,
LNP1,ENSG00000206535,0.521547894267842,0.398321865075316,0.920547006642328,0.000454465575042609,missense|LC,3100400531,3,100400531,
HSD17B2,ENSG00000086696,0.521615893558308,0.345225678298846,0.570168324647382,-0.000376857237188454,missense|LC,16082035343,16,82035343,
SSR3,ENSG00000114850,0.521716399992606,0.31989258724018,0.508461571641913,0.00183221770435399,missense|LC,3156543139,3,156543139,
VPREB3,ENSG00000128218,0.521722642067804,0.369795976354459,0.723559621475923,0.000491639553887039,missense|LC,22023752799,22,23752799,
AC083800.1,ENSG00000251012,0.521726554852835,0.560451062442052,0.339086903078896,-0.00145420656715642,missense|LC,3119146137,3,119146137,
GSC2,ENSG00000063515,0.521809989674641,0.400148457918313,0.347161781076694,-0.000543447398989668,missense|LC,22019142462,22,19142462,
PRPF6,ENSG00000101161,0.521822213028991,0.318254688342964,0.66797940881483,0.00180210618915123,missense|LC,20063976895,20,63976895,
ESYT1,ENSG00000139641,0.521835469476903,0.476116655645689,0.322946022942377,0.000274887024124639,missense|LC,12056128268,12,56128268,
TMEM164,ENSG00000157600,0.521847250886533,0.325420156490073,0.712049752206204,0.00152168648807876,missense|LC,23110003688,X,110003688,
HAO2,ENSG00000116882,0.52187339379227,0.333780538755431,0.727052305676773,-0.000440099006250979,missense|LC,1119380647,1,119380647,
PCDHGA3,ENSG00000254245,0.521949510626217,0.330177260753883,0.832661992142796,-0.000332155182882397,missense|LC,5141338835,5,141338835,
CCDC110,ENSG00000168491,0.522022035595149,0.336279433578436,0.405507491601755,0.000397163723466192,missense|LC,4185440507,4,185440507,
RSAD1,ENSG00000136444,0.522206797640214,0.585004957240388,0.319798293362931,0.000334049762789058,missense|LC,17050473860,17,50473860,
THYN1,ENSG00000151500,0.522257769151295,0.68663323289438,0.329846379006618,0.000385625141448307,missense|LC,11134243282,11,134243282,
RGS7,ENSG00000182901,0.52237253154655,0.330246670489198,0.376344859382101,0.0009706411807675,missense|LC,1240770622,1,240770622,
IDS,ENSG00000010404,0.52243429803185,0.397605193719633,0.345612123687878,0.000425019292729891,missense|LC,23149482632,X,149482632,
ANKLE2,ENSG00000176915,0.522597693303942,0.347840016599028,0.317799086431377,0.000432847622567699,missense|LC,12132720581,12,132720581,
CDK1,ENSG00000170312,0.522742436323995,0.343863242125683,0.598249599036378,0.00124887702080829,missense|LC,10060780142,10,60780142,
MRAP2,ENSG00000135324,0.522858397484056,0.366813131639299,0.839311563021202,0.000962987246248025,missense|LC,6084033601,6,84033601,
TMEM270,ENSG00000175877,0.522922769612129,0.324094720551739,0.53631753795351,0.000842977554197119,missense|LC,7073861122,7,73861122,
C15orf62,ENSG00000188277,0.523000846267871,0.417174655742071,0.333345652764164,-0.000723244498039707,missense|LC,15040765805,15,40765805,
ZNF474,ENSG00000164185,0.523003284358961,0.977361804422778,0.344862454632257,-0.00000939085732197382,missense|LC,5122151882,5,122151882,
IQUB,ENSG00000164675,0.523082913314818,0.370665996189037,0.705171539521597,-0.000267781730975198,missense|LC,7123452706,7,123452706,
ADAT1,ENSG00000065457,0.523127918623064,0.331664603310483,0.704240297213276,0.000384840750036572,missense|LC,16075600002,16,75600002,
FOXA2,ENSG00000125798,0.523172255375726,0.354172283099862,0.634032320074787,0.000527319130568681,missense|LC,20022581776,20,22581776,
RBM12B,ENSG00000183808,0.523173448054184,0.521508131731012,0.326068543643946,0.000204639370539017,missense|LC,8093724551,8,93724551,
RBM34,ENSG00000188739,0.523196339453303,0.687074255915896,0.324264442622998,0.000234621960276143,missense|LC,1235128455,1,235128455,
PDCD2L,ENSG00000126249,0.523211169932197,0.35320592646323,0.658120784547584,0.000539058394373372,missense|LC,19034399404,19,34399404,
NR0B1,ENSG00000169297,0.523294244843375,0.343027098219466,0.602168617876894,0.000542191231857356,missense|LC,23030304520,X,30304520,
CCSER1,ENSG00000184305,0.523359029464586,0.348610854954495,0.370915427077372,-0.000333512489222591,missense|LC,4090308191,4,90308191,
PLVAP,ENSG00000130300,0.523380864063967,0.366556342704827,0.609379593253391,0.000364535969977723,missense|LC,19017352247,19,17352247,
HS6ST1,ENSG00000136720,0.523428031089492,0.449207409940063,0.338028178525194,-0.000336331113684424,missense|LC,2128268119,2,128268119,
BMP10,ENSG00000163217,0.523485401888551,0.359092371307799,0.426333408911763,0.000478747146808532,missense|LC,2068865551,2,68865551,
AKAP14,ENSG00000186471,0.523547324249779,0.40504275186228,0.336430645343653,-0.000980373337543436,missense|LC,23119903162,X,119903162,
EMC3,ENSG00000125037,0.52359574220245,0.968729629640768,0.321349801832428,0.0000612297550357774,missense|LC,3009963922,3,9963922,
SYNM,ENSG00000182253,0.523602398722559,0.328645042242722,0.678280114419129,-0.000207312755558639,missense|LC,15099105093,15,99105093,
HEPH,ENSG00000089472,0.523630345035576,0.380852331769924,0.343626252896992,0.000224163240986575,missense|LC,23066162663,X,66162663,
NEUROD6,ENSG00000164600,0.523638936089208,0.978018061809381,0.322353726733479,0.0000360946214069182,missense|LC,7031338197,7,31338197,
ICAM4,ENSG00000105371,0.523691947499819,0.345733304122742,0.714274685988013,-0.000624467417871196,missense|LC,19010283394,19,10283394,
OR2V2,ENSG00000182613,0.52372508824131,0.724865621330393,0.319649304488019,-0.000321061876538916,missense|LC,5181154913,5,181154913,
USP2,ENSG00000036672,0.523761472355195,0.323125030658788,0.590882057254516,0.000546843852281014,missense|LC,11119356758,11,119356758,
ZNF226,ENSG00000167380,0.523838883740495,0.334752786065598,0.762612693209644,-0.00029885949032385,missense|LC,19044169985,19,44169985,
TMEM53,ENSG00000126106,0.523892447516807,0.351297905700347,0.571881426008523,-0.000435175916972704,missense|LC,1044649598,1,44649598,
PIDD1,ENSG00000177595,0.523901757239795,0.61121009360132,0.32784158123918,-0.000148942365516514,missense|LC,11000794361,11,794361,
EPHX2,ENSG00000120915,0.523910947508248,0.849076870472231,0.340109297873664,-0.0000683812955505214,missense|LC,8027491121,8,27491121,
SLC25A43,ENSG00000077713,0.52402045759675,0.323468979526789,0.565450999589975,0.000797595459627697,missense|LC,23119399346,X,119399346,
SERPINB12,ENSG00000166634,0.524044649532433,0.546678250276202,0.35043800599446,0.000292692138564488,missense|LC,18063556160,18,63556160,
SLITRK3,ENSG00000121871,0.524117859310765,0.348293445892007,0.477049461136742,-0.000339465581356499,missense|LC,3165187835,3,165187835,
C9orf153,ENSG00000187753,0.524198628086556,0.357828211304094,0.496766680703302,0.00111386068926425,missense|LC,9086221456,9,86221456,
ASH2L,ENSG00000129691,0.524200607177989,0.685223026459334,0.317270494228725,0.000513053686957874,missense|LC,8038105451,8,38105451,
DNAJC25,ENSG00000059769,0.524328239940845,0.346867800376659,0.880527512164464,-0.000765201874589821,missense|LC,9111631253,9,111631253,
FRAT1,ENSG00000165879,0.524377605712629,0.377837275165224,0.332378420076674,0.000917573421219754,missense|LC,10097319304,10,97319304,
ZNF746,ENSG00000181220,0.524388335076329,0.332098602158955,0.63300147755014,-0.000421625852519322,missense|LC,7149474281,7,149474281,
LPAR2,ENSG00000064547,0.524516890890338,0.376039171478891,0.438034464525027,-0.000438769859579042,missense|LC,19019618670,19,19618670,
RIMKLB,ENSG00000166532,0.524659814529215,0.830383643339359,0.331411135560931,0.000239483616038364,missense|LC,12008713799,12,8713799,
NPTX2,ENSG00000106236,0.524721233097991,0.354747179608231,0.582512426990293,-0.000413438061839166,missense|LC,7098617459,7,98617459,
GLI4,ENSG00000250571,0.524729048607013,0.402846993719594,0.32214055839719,-0.000571566010284748,missense|LC,8143267376,8,143267376,
AFAP1L1,ENSG00000157510,0.524833248202664,0.323786810363938,0.475846462552991,-0.000497691228572803,missense|LC,5149271879,5,149271879,
SBDS,ENSG00000126524,0.524899544401191,0.354729601267617,0.941212434702325,-0.000797937954331372,missense|LC,7066988288,7,66988288,
SERBP1,ENSG00000142864,0.524918071507262,0.791785287245037,0.353874020420228,-0.000206737594311807,missense|LC,1067413099,1,67413099,
OAS2,ENSG00000111335,0.524927772589918,0.326340069829456,0.92681352308133,0.000854481628015821,missense|LC,12112978520,12,112978520,
TBC1D4,ENSG00000136111,0.524946498943551,0.911881056373471,0.342208345836267,0.0000371394019133551,missense|LC,13075286713,13,75286713,
APOE,ENSG00000130203,0.525045197208152,0.503019727689403,0.338051544371029,0.000378929879708991,missense|LC,19044900796,19,44900796,
DDX1,ENSG00000079785,0.525057539003156,0.841017048921685,0.322769093973864,0.000170334799093458,missense|LC,2015591831,2,15591831,
COBL,ENSG00000106078,0.52513736919643,0.337770735189842,0.321717701492889,-0.000327283147695812,missense|LC,7051017474,7,51017474,
ANO5,ENSG00000171714,0.525169698175589,0.342209136655943,0.838414971976127,0.000365937245446055,missense|LC,11022193090,11,22193090,
C1QTNF12,ENSG00000184163,0.525306953878613,0.324113287418454,0.498621128020557,-0.000604127524305755,missense|LC,1001242493,1,1242493,
C1orf74,ENSG00000162757,0.525324326836328,0.355972515917844,0.338465707054633,0.000796466962445193,missense|LC,1209775264,1,209775264,
CDCA4,ENSG00000170779,0.525382821207911,0.546641814696008,0.378931212986595,-0.000283979677456026,missense|LC,14105011101,14,105011101,
EFCAB3,ENSG00000172421,0.525403176951619,0.990851477685934,0.321976193611921,-0.00000329000333153692,missense|LC,17062370206,17,62370206,
ST6GALNAC4,ENSG00000136840,0.525472252048124,0.662641381777352,0.352428148839294,0.000283459068501797,missense|LC,9127905130,9,127905130,
MRPS11,ENSG00000181991,0.525551290799526,0.327508221148506,0.806875277065792,-0.000818108796737382,missense|LC,15088464631,15,88464631,
FAM120A,ENSG00000048828,0.525559573658682,0.714202860081732,0.334565383881141,0.000203411223157599,missense|LC,9093447557,9,93447557,
DOT1L,ENSG00000104885,0.525662994139599,0.44553432410245,0.316168240579799,0.000256350735476668,missense|LC,19002164132,19,2164132,
SAP30BP,ENSG00000161526,0.525846770650939,0.638573152269946,0.346145878839798,0.000402849418360338,missense|LC,17075662387,17,75662387,
UTP14A,ENSG00000156697,0.526060869774089,0.716625295269836,0.341446401836205,0.000132592175073563,missense|LC,23129906137,X,129906137,
SMPDL3B,ENSG00000130768,0.526088412663949,0.763208772747071,0.342281323265766,-0.000118981284895011,missense|LC,1027935133,1,27935133,
PPP2R5B,ENSG00000068971,0.526156535381794,0.68049314477861,0.32004124715161,0.000389886764849776,missense|LC,11064925702,11,64925702,
TMEM163,ENSG00000152128,0.526209781222344,0.318154093439065,0.671349544474001,-0.00119803999515313,missense|LC,2134456619,2,134456619,
BICD1,ENSG00000151746,0.526272435001117,0.585350472734934,0.326997010816574,0.000311674672805248,missense|LC,12032107256,12,32107256,
ACE2,ENSG00000130234,0.526311911558135,0.345571738128959,0.483446218287511,0.000294937951770642,missense|LC,23015556047,X,15556047,
PNLIPRP3,ENSG00000203837,0.526337095947498,0.344430936034546,0.521765271040216,0.000548363382464437,missense|LC,10116427970,10,116427970,
ALPK3,ENSG00000136383,0.526412790147195,0.793730449462697,0.319972695359658,0.0000719556898103241,missense|LC,15084816739,15,84816739,
CCDC124,ENSG00000007080,0.526617264985016,0.360398778719221,0.329590599520899,-0.000751772313099374,missense|LC,19017936344,19,17936344,
GPD2,ENSG00000115159,0.526670445661224,0.346625267474907,0.795678957103185,-0.000339892118483501,missense|LC,2156476090,2,156476090,
ZNF621,ENSG00000172888,0.526670586525573,0.321165649687472,0.590144013426883,0.000827581814479066,missense|LC,3040525734,3,40525734,
GTF2H2,ENSG00000145736,0.526672769042605,0.453834871717051,0.435737708825126,-0.000445359926673096,missense|LC,5071055269,5,71055269,
LPP,ENSG00000145012,0.526714637934023,0.338353306025745,0.592589313122038,0.000292248353089256,missense|LC,3188247102,3,188247102,
MPC1L,ENSG00000238205,0.526787662335968,0.393042990480591,0.446242502664965,0.000455132955457968,missense|LC,23040623508,X,40623508,
OR4D11,ENSG00000176200,0.526840462500819,0.327830124911445,0.657026827226653,-0.000908993101119452,missense|LC,11059503595,11,59503595,
PCMTD1,ENSG00000168300,0.526886315384224,0.822719659533462,0.326031844421505,0.000453000461129161,missense|LC,8051820257,8,51820257,
AGTPBP1,ENSG00000135049,0.526980968478021,0.772076038014979,0.34283420318547,-0.0000812989504572006,missense|LC,9085547014,9,85547014,
SMIM4,ENSG00000168273,0.527007004283265,0.387248474354353,0.732533942166444,-0.000832282389284473,missense|LC,3052532102,3,52532102,
SLC15A1,ENSG00000088386,0.527041820467241,0.603220350746788,0.343951600266678,-0.000170846571701995,missense|LC,13098684665,13,98684665,
LYSMD1,ENSG00000163155,0.52711260310956,0.348071130639133,0.872996496751543,0.00093680080253822,missense|LC,1151158628,1,151158628,
KLK6,ENSG00000167755,0.527243621823717,0.377104234701473,0.402361549017088,-0.00051524614039982,missense|LC,19050959081,19,50959081,
TRIM8,ENSG00000171206,0.5272637669175,0.335344666869976,0.821927871936572,0.000680227532157663,missense|LC,10102644532,10,102644532,
IL1F10,ENSG00000136697,0.527268607280195,0.384375628031772,0.729090643794674,-0.000457231991222594,missense|LC,2113072670,2,113072670,
TOP3A,ENSG00000177302,0.527272393386585,0.563504994203488,0.340343938185853,-0.000143802260046446,missense|LC,17018274646,17,18274646,
GJA5,ENSG00000265107,0.527300491434398,0.58809693512565,0.331955656472339,-0.000478686906790302,missense|LC,1147758136,1,147758136,
NSMCE1,ENSG00000169189,0.527337520982665,0.695626090880215,0.323853041243649,-0.000447376325345582,missense|LC,16027220335,16,27220335,
CCDC136,ENSG00000128596,0.52745303276513,0.414175881374287,0.335044979067133,0.00024315148292991,missense|LC,7128791422,7,128791422,
SGPP1,ENSG00000126821,0.527514996809143,0.92867799599073,0.323966992770204,-0.000079019802800205,missense|LC,14063686077,14,63686077,
LRRTM3,ENSG00000198739,0.52751881464436,0.589844648407841,0.385524679125674,-0.000317030946328865,missense|LC,10066926495,10,66926495,
TEK,ENSG00000120156,0.527581842012689,0.50295575538952,0.326658898135014,0.000318887282738207,missense|LC,9027109509,9,27109509,
Z98752.3,ENSG00000277611,0.52767676260521,0.340257166442547,0.41114793337612,0.00210267011133238,missense|LC,20043535797,20,43535797,
DGCR8,ENSG00000128191,0.527784069191453,0.521528883289301,0.357622819145223,0.000283616931446666,missense|LC,22020080214,22,20080214,
TRIB1,ENSG00000173334,0.527881118450777,0.681262525175727,0.3277158186212,0.00030580795077906,missense|LC,8125430760,8,125430760,
STX19,ENSG00000178750,0.527883605291253,0.348836374245206,0.483811784662899,-0.000646207696619786,missense|LC,3094014316,3,94014316,
STOX2,ENSG00000173320,0.527960588922672,0.348322624708251,0.568858617110912,0.00189519178535194,missense|LC,4183906688,4,183906688,
LPCAT2,ENSG00000087253,0.528036743969528,0.355033213615033,0.425787196583726,-0.000413290574096217,missense|LC,16055505285,16,55505285,
CLEC4D,ENSG00000166527,0.528283155603819,0.888824410473057,0.328834958662547,0.000166785378753901,missense|LC,12008515253,12,8515253,
SFT2D3,ENSG00000173349,0.528286554824019,0.986266774653398,0.366570915535515,-0.00000127262456374925,missense|LC,2127701413,2,127701413,
ELF4,ENSG00000102034,0.528312315502536,0.357527035514146,0.362169348877125,-0.000379505119031848,missense|LC,23130066664,X,130066664,
TNFSF13,ENSG00000161955,0.528440151954038,0.467552188094755,0.335441339031598,0.000824553746363668,missense|LC,17007553597,17,7553597,
PTPRQ,ENSG00000139304,0.528503813783105,0.328884755804879,0.414753064159575,-0.000236757382293518,missense|LC,12080444340,12,80444340,
PHB,ENSG00000167085,0.528638474265162,0.422657506244362,0.641503093998307,-0.000437183333602429,missense|LC,17049404965,17,49404965,
GRK3,ENSG00000100077,0.528658302610118,0.637227815372326,0.335661634974866,0.00035563076751073,missense|LC,22025565010,22,25565010,
ZNF92,ENSG00000146757,0.528676941677416,0.786190362271658,0.328733328743374,-0.000186685539242654,missense|LC,7065373884,7,65373884,
DENND1A,ENSG00000119522,0.528769304682062,0.860071246386628,0.342659873133665,0.0000520660679545831,missense|LC,9123374654,9,123374654,
ZBTB41,ENSG00000177888,0.528815481216012,0.556919662621586,0.334788165663506,0.000287488250470862,missense|LC,1197159277,1,197159277,
BZW2,ENSG00000136261,0.528834282882973,0.633138474913042,0.322492014421766,0.000561731242841681,missense|LC,7016645416,7,16645416,
KAT2A,ENSG00000108773,0.52886295635661,0.350971955001558,0.329468313222118,0.000523342862089224,missense|LC,17042108111,17,42108111,
LAMTOR3,ENSG00000109270,0.528913771599641,0.338220808334149,0.969425396420725,-0.00207889559788192,missense|LC,4099881971,4,99881971,
TYRO3,ENSG00000092445,0.528972522454218,0.333089570083498,0.912217841082197,0.00041108738947437,missense|LC,15041557066,15,41557066,
SFXN5,ENSG00000144040,0.529029229380953,0.598420358658266,0.364187923845002,0.000289953879321098,missense|LC,2072944950,2,72944950,
CIAO1,ENSG00000144021,0.529069735126694,0.354352723885632,0.863361251215766,-0.000594246669778448,missense|LC,2096264998,2,96264998,
CLCNKA,ENSG00000186510,0.529194876795182,0.345278217064504,0.392761867636507,-0.000384169975217562,missense|LC,1016017038,1,16017038,
ARPP19,ENSG00000128989,0.529208140722121,0.671976210335983,0.325249674203983,0.000834178476769928,missense|LC,15052551888,15,52551888,
GPR160,ENSG00000173890,0.529293776744628,0.475261275105042,0.329289798802494,-0.000624459073297797,missense|LC,3170062631,3,170062631,
ZC4H2,ENSG00000126970,0.529407527553141,0.606312714954751,0.370087995600996,-0.000492058061309268,missense|LC,23064917686,X,64917686,
HOXC8,ENSG00000037965,0.52943085870121,0.373477545870688,0.325524281509994,0.00114713254761547,missense|LC,12054009224,12,54009224,
KIF22,ENSG00000079616,0.529486091066637,0.337209080049992,0.735233081866949,0.000533272326531732,missense|LC,16029790654,16,29790654,
TRMT6,ENSG00000089195,0.52948709857621,0.637530178877218,0.373228068829707,-0.00025076951662794,missense|LC,20005938450,20,5938450,
STEAP1,ENSG00000164647,0.529520715561092,0.796694504772893,0.369953472938406,0.000176965766804393,missense|LC,7090159747,7,90159747,
IL20RB,ENSG00000174564,0.529543747732481,0.371189016414941,0.637016973906698,0.000612001144619124,missense|LC,3136958096,3,136958096,
TRIM51GP,ENSG00000220948,0.529565494139425,0.653603240412722,0.351047683565342,0.000345700848883061,missense|LC,11048975663,11,48975663,
PRDM8,ENSG00000152784,0.529604817804604,0.373175198278779,0.3197988984364,0.000475213709206677,missense|LC,4080194135,4,80194135,
HAUS1,ENSG00000152240,0.529641455016061,0.349160154042954,0.699580142749239,-0.000741822624681981,missense|LC,18046104327,18,46104327,
LIPN,ENSG00000204020,0.529655689864345,0.411547190269456,0.342132789446439,-0.000350199022604205,missense|LC,10088761391,10,88761391,
BRD1,ENSG00000100425,0.529662082692417,0.340095711289784,0.522215519546053,-0.000308287738301032,missense|LC,22049774103,22,49774103,
OR5K2,ENSG00000231861,0.529670938389333,0.381874744702599,0.518836243357186,-0.000403298390224272,missense|LC,3098497596,3,98497596,
AKAP4,ENSG00000147081,0.529736847777825,0.375814076528468,0.337099085976944,-0.000283828158151216,missense|LC,23050190881,X,50190881,
RAB26,ENSG00000167964,0.529744683362526,0.357372831301198,0.642885625413057,-0.000581852997241042,missense|LC,16002148668,16,2148668,
ERO1A,ENSG00000197930,0.529796923602516,0.586491222360717,0.347264467633091,0.000461775281101411,missense|LC,14052634920,14,52634920,
OR8D4,ENSG00000181518,0.52981336167031,0.787442317885462,0.353036183325219,0.000177994789064748,missense|LC,11123906402,11,123906402,
TAF5,ENSG00000148835,0.530002838794672,0.615032132417794,0.368553830540112,0.000223964196761973,missense|LC,10103367898,10,103367898,
TUBA1B,ENSG00000123416,0.530074858348361,0.86467560792335,0.327474436906331,-0.000841354274143371,missense|LC,12049127828,12,49127828,
ICOS,ENSG00000163600,0.530084832110216,0.452538261104076,0.337439086326408,0.000993502399380555,missense|LC,2203936765,2,203936765,
DLX5,ENSG00000105880,0.530344408449674,0.893956839842044,0.335953314958637,0.000122796833258983,missense|LC,7097020642,7,97020642,
AP5S1,ENSG00000125843,0.530405424013755,0.693445599228117,0.323294058073376,-0.000315004104548147,missense|LC,20003821838,20,3821838,
NOL4L,ENSG00000197183,0.530446433779763,0.67517840787086,0.324343431935559,0.000294179896438738,missense|LC,20032447477,20,32447477,
UBE2N,ENSG00000177889,0.530601011171937,0.613253552724845,0.331803030939472,0.00269633193060417,missense|LC,12093409966,12,93409966,
BEND6,ENSG00000151917,0.53066994611453,0.379681581356309,0.534862902542832,0.000851369535498868,missense|LC,6056953716,6,56953716,
SLCO1B1,ENSG00000134538,0.530784634326366,0.673865772053635,0.323707101331833,-0.000268642961136448,missense|LC,12021141555,12,21141555,
C19orf84,ENSG00000262874,0.530809447421399,0.422739422731843,0.326766836122431,-0.0009015256015596,missense|LC,19051387118,19,51387118,
KATNBL1,ENSG00000134152,0.530833240826163,0.333934370860042,0.376144799381436,-0.00117697194258124,missense|LC,15034142256,15,34142256,
TBXA2R,ENSG00000006638,0.530861089056541,0.33944086033981,0.524804403289584,0.000463302607893588,missense|LC,19003589780,19,3589780,
MTX3,ENSG00000177034,0.530861360417395,0.403460866837529,0.377829059036913,0.000424346247749298,missense|LC,5079983649,5,79983649,
ROCK2,ENSG00000134318,0.530894908241869,0.773538838746003,0.332358416382239,-0.00013461079668416,missense|LC,2011174920,2,11174920,
GGCT,ENSG00000006625,0.53098120056425,0.602678816248032,0.384515136187221,-0.000534301547530454,missense|LC,7030497059,7,30497059,
PLEKHB1,ENSG00000021300,0.53103712255137,0.969849007475889,0.334186421076365,0.0000286151962603729,missense|LC,11073646518,11,73646518,
GGH,ENSG00000137563,0.531074630908881,0.941031224228338,0.327795756411494,-0.0000837190001140825,missense|LC,8063015393,8,63015393,
SETD1A,ENSG00000099381,0.531265141566363,0.858583799530712,0.324856225245861,0.0000498155901705852,missense|LC,16030953116,16,30953116,
GPC6,ENSG00000183098,0.531284569594487,0.915110172783263,0.398844396726309,-0.0000510363253792952,missense|LC,13093227374,13,93227374,
PEX19,ENSG00000162735,0.531305740600729,0.344052714671728,0.802596323492939,0.000677421333969445,missense|LC,1160279506,1,160279506,
NBPF9,ENSG00000269713,0.531336937696041,0.335828191986305,0.686061063479741,0.000305196016290316,missense|LC,1149055478,1,149055478,
L2HGDH,ENSG00000087299,0.531407896035898,0.669196523680353,0.323654635221347,0.000393518287642046,missense|LC,14050237516,14,50237516,
ADGRA3,ENSG00000152990,0.531435618262171,0.748113056728633,0.324464113604481,-0.0000906404736033853,missense|LC,4022387621,4,22387621,
PSMC3,ENSG00000165916,0.531484299453105,0.64426085704392,0.322059114963252,-0.000887656632217546,missense|LC,11047413769,11,47413769,
MORN1,ENSG00000116151,0.531667188629948,0.548260675384771,0.342000114492968,-0.0002339296627103,missense|LC,1002321332,1,2321332,
ARMC9,ENSG00000135931,0.531773047404128,0.779094440602676,0.333061602637229,-0.000123794637306261,missense|LC,2231206183,2,231206183,
SYN1,ENSG00000008056,0.5317841558862,0.37334516035716,0.323202824789826,0.000685443995420532,missense|LC,23047566905,X,47566905,
LY9,ENSG00000122224,0.53181484685129,0.413604614293529,0.340104409592088,0.000335276755108471,missense|LC,1160796102,1,160796102,
ACOT6,ENSG00000205669,0.531890371545425,0.912771133156768,0.352199133379334,0.000093875190691937,missense|LC,14073617181,14,73617181,
DHDDS,ENSG00000117682,0.531897503333472,0.677565522291396,0.327092504400179,-0.000494894510386154,missense|LC,1026432858,1,26432858,
OR4L1,ENSG00000176246,0.531917382406081,0.359148166329351,0.449593075951751,0.000368832306027686,missense|LC,14020060031,14,20060031,
TRPM7,ENSG00000092439,0.531938944514455,0.328570163435937,0.711244161171413,0.000317787387334615,missense|LC,15050561578,15,50561578,
SETBP1,ENSG00000152217,0.531958988528925,0.323430836713025,0.791841310287492,0.000444003769320526,missense|LC,18044701245,18,44701245,
DDX60L,ENSG00000181381,0.532263063141738,0.330179263000499,0.551844954266281,0.000279259143488634,missense|LC,4168358080,4,168358080,
UBE2S,ENSG00000108106,0.53228608117259,0.923457025100804,0.367096650523111,0.0000475100203999297,missense|LC,19055401397,19,55401397,
ZSWIM8,ENSG00000214655,0.53233839352453,0.656782381654505,0.327436370222227,-0.000177000446727478,missense|LC,10073781897,10,73781897,
EIF5A2,ENSG00000163577,0.532362192045017,0.644125536914451,0.332014668200136,-0.00138593037888881,missense|LC,3170893276,3,170893276,
TMEM256,ENSG00000205544,0.532387804725486,0.413597209312927,0.531314741213142,-0.000503390773560581,missense|LC,17007402942,17,7402942,
KIAA1191,ENSG00000122203,0.532411142677605,0.331314459180301,0.528358478969084,0.00109684143303791,missense|LC,5176345068,5,176345068,
DLL1,ENSG00000198719,0.532455913661841,0.827300395124852,0.334959417257435,0.0000900978965239303,missense|LC,6170282735,6,170282735,
AK4,ENSG00000162433,0.532557638569837,0.717226222064297,0.32704034048141,0.000446623919740671,missense|LC,1065148283,1,65148283,
EBF2,ENSG00000221818,0.532566573551958,0.483850717392638,0.350214310835404,0.000573397055943098,missense|LC,8025844519,8,25844519,
C1QC,ENSG00000159189,0.532716559935478,0.920687791661276,0.338814411939538,0.0000723159012403854,missense|LC,1022638737,1,22638737,
TAC1,ENSG00000006128,0.532874587768571,0.536648027436874,0.355560901641116,0.00114299104724901,missense|LC,7097732503,7,97732503,
LYPLA1,ENSG00000120992,0.532919495277404,0.367183624781373,0.915583952887837,0.000698529322449096,missense|LC,8054048039,8,54048039,
PDE8A,ENSG00000073417,0.532955215569034,0.329543491446633,0.793550279516852,-0.00222735227791559,missense|LC,15084982094,15,84982094,
FOXF1,ENSG00000103241,0.532967255818862,0.353262119548414,0.600594377389548,-0.000617316203752116,missense|LC,16086510432,16,86510432,
AC008763.2,ENSG00000268400,0.533061992829831,0.88180760717411,0.339141569752575,0.000254016944707611,missense|LC,19007625748,19,7625748,
FAM155B,ENSG00000130054,0.533115233675009,0.422861884688573,0.326938185165009,0.000365061458445432,missense|LC,23069505206,X,69505206,
TFDP1,ENSG00000198176,0.533127413395363,0.352424321865351,0.611129423443834,-0.000839724165893969,missense|LC,13113585761,13,113585761,
RPL35A,ENSG00000182899,0.5331693469593,0.335990046462067,0.771276902048808,-0.00279095254494818,missense|LC,3197945586,3,197945586,
C1orf127,ENSG00000175262,0.533206430239963,0.342367726450703,0.436997063942989,-0.000247178195208986,missense|LC,1010947582,1,10947582,
U2AF1L4,ENSG00000161265,0.533259224535101,0.337337287485629,0.491098793175267,0.000845007987657804,missense|LC,19035737605,19,35737605,
DCAKD,ENSG00000172992,0.533402328160719,0.822061672280809,0.357338658451289,-0.0000934878667201122,missense|LC,17045024373,17,45024373,
KCTD17,ENSG00000100379,0.533432025782249,0.531605717853272,0.371883961911313,-0.000375270276200923,missense|LC,22037051616,22,37051616,
OR10G4,ENSG00000254737,0.533442399205582,0.375854037367643,0.587917439810398,0.000214222273358077,missense|LC,11124015476,11,124015476,
VNN1,ENSG00000112299,0.53348038648208,0.559472136621841,0.360332756599866,0.000227422377962836,missense|LC,6132683062,6,132683062,
DUSP7,ENSG00000164086,0.533510940919554,0.325684038711052,0.758617189575411,0.00104908956641685,missense|LC,3052050715,3,52050715,
GDA,ENSG00000119125,0.5335163129543,0.330665941551273,0.527360225081878,-0.000905241250413934,missense|LC,9072149450,9,72149450,
WSB2,ENSG00000176871,0.533597719764416,0.371183351850116,0.964630871236453,-0.000534804477064324,missense|LC,12118029740,12,118029740,
TKTL1,ENSG00000007350,0.533771074837936,0.33406848543505,0.372772465479624,-0.000470902823682428,missense|LC,23154295774,X,154295774,
SDHAF4,ENSG00000154079,0.533801970348836,0.33957931279492,0.86108750079111,0.00124008288713032,missense|LC,6070566858,6,70566858,
ENDOD1,ENSG00000149218,0.53402475718861,0.402202594451218,0.334603641330674,0.000545340291079432,missense|LC,11095089765,11,95089765,
ZNF212,ENSG00000170260,0.534060105912326,0.986901809545652,0.345718599845578,0.00000180768381881248,missense|LC,7149239675,7,149239675,
NDUFAF7,ENSG00000003509,0.534077703669835,0.673123838922161,0.376221054481596,-0.000205670350532608,missense|LC,2037227437,2,37227437,
LNX2,ENSG00000139517,0.534097882218379,0.356907809819008,0.450013555274092,0.000319154800381686,missense|LC,13027548253,13,27548253,
FBXO43,ENSG00000156509,0.534114049081337,0.904198652753981,0.338209900293641,0.000064105894070668,missense|LC,8100133719,8,100133719,
POM121L12,ENSG00000221900,0.534160840503161,0.579825321532624,0.336362590958883,-0.000299211928788085,missense|LC,7053035569,7,53035569,
RHPN2,ENSG00000131941,0.534288172962381,0.73399865857703,0.3339950119673,-0.000302986474691526,missense|LC,19032973592,19,32973592,
OPRPN,ENSG00000171199,0.534316884143715,0.735330298979771,0.33512243303739,-0.000313916938308655,missense|LC,4070399222,4,70399222,
TBC1D8B,ENSG00000133138,0.534446267473066,0.347142640834442,0.827641532236434,-0.000300461407339821,missense|LC,23106802742,X,106802742,
ZBTB47,ENSG00000114853,0.53446594469873,0.336302966420078,0.883749142101319,-0.000316587415707822,missense|LC,3042654599,3,42654599,
THBS2,ENSG00000186340,0.534559683112669,0.794937661717805,0.330423535240742,-0.000103027551215723,missense|LC,6169217730,6,169217730,
PRRT2,ENSG00000167371,0.534568214532579,0.688888581233983,0.342723127000488,-0.000224842981428152,missense|LC,16029807178,16,29807178,
MITD1,ENSG00000158411,0.534640493682061,0.324662461123648,0.510458162617265,-0.0016654049582033,missense|LC,2099169374,2,99169374,
PPP6R3,ENSG00000110075,0.534741770768981,0.934005526679903,0.331798386261206,0.0000480430435863864,missense|LC,11068537632,11,68537632,
DUXA,ENSG00000258873,0.53487865207606,0.373155732415153,0.63744329554655,0.000497416134021932,missense|LC,19057154342,19,57154342,
UPK1A,ENSG00000105668,0.534946104681355,0.392594772598956,0.36948093176766,0.000343387273784857,missense|LC,19035666726,19,35666726,
OR52B6,ENSG00000187747,0.534996397470017,0.723399061627413,0.332039137513905,0.000336754488329242,missense|LC,11005580817,11,5580817,
CCDC191,ENSG00000163617,0.535056378188526,0.574897645297819,0.386263841766519,0.000326466838049274,missense|LC,3113959134,3,113959134,
COMMD6,ENSG00000188243,0.535145090956309,0.341101428424616,0.352775349124891,-0.0015354710234032,missense|LC,13075526545,13,75526545,
MTHFR,ENSG00000177000,0.535159287276434,0.377026618863644,0.608120197470819,-0.000303525504238893,missense|LC,1011782077,1,11782077,
CCNC,ENSG00000112237,0.535172886840202,0.718302780604913,0.328805292682015,-0.00086262421030589,missense|LC,6099543479,6,99543479,
KRT20,ENSG00000171431,0.535180934524839,0.476792732181785,0.36713768873667,-0.000271627793822542,missense|LC,17040876338,17,40876338,
MIEN1,ENSG00000141741,0.53521751905948,0.756641264225421,0.349764605965882,0.000387529343458206,missense|LC,17039724660,17,39724660,
LATS1,ENSG00000131023,0.535232409403145,0.855700621000311,0.358697162541524,0.0000591725164575949,missense|LC,6149661661,6,149661661,
MOGAT1,ENSG00000124003,0.535279533767802,0.966099210029646,0.336591124816785,-0.0000278712868826032,missense|LC,2222671722,2,222671722,
SLC25A4,ENSG00000151729,0.535321244830803,0.972598810136219,0.32424308049264,0.0000531080856908833,missense|LC,4185143348,4,185143348,
VAC14,ENSG00000103043,0.535474731633552,0.359515996972611,0.955528078044152,-0.000384883874598204,missense|LC,16070685653,16,70685653,
DCLK3,ENSG00000163673,0.535535933823942,0.354462242731837,0.3335814158171,-0.000497642407404171,missense|LC,3036715225,3,36715225,
ZNF688,ENSG00000229809,0.535581730610452,0.385743284189799,0.410284529278791,-0.000446619447905996,missense|LC,16030569798,16,30569798,
SMAD2,ENSG00000175387,0.53568405648299,0.508548882711336,0.34644618807516,-0.00108502638939446,missense|LC,18047841732,18,47841732,
SCCPDH,ENSG00000143653,0.53575752798804,0.89467758376284,0.362302060660535,0.0000752375297539957,missense|LC,1246724323,1,246724323,
CRYAB,ENSG00000109846,0.535782542032241,0.474813259217805,0.382941214738929,-0.000484054192061214,missense|LC,11111908695,11,111908695,
KCTD16,ENSG00000183775,0.53580360028343,0.395115933948578,0.660275836689108,-0.000394009944695897,missense|LC,5144206657,5,144206657,
SLC29A4,ENSG00000164638,0.535901392358261,0.98229783747036,0.345744998153613,-0.00000535469696519094,missense|LC,7005287721,7,5287721,
TBX5,ENSG00000089225,0.53600103715251,0.350720153683059,0.73272968778032,-0.000439671322030142,missense|LC,12114355429,12,114355429,
DOC2B,ENSG00000272636,0.536055425807547,0.693906930341059,0.356233591221858,0.000247177863749494,missense|LC,17000138296,17,138296,
CDKN1B,ENSG00000111276,0.536067031064844,0.499603776250547,0.335130703398257,-0.000592356796018327,missense|LC,12012716682,12,12716682,
RANBP9,ENSG00000010017,0.53609818250205,0.342509333097733,0.663140876386314,0.000353527745920149,missense|LC,6013616499,6,13616499,
PLBD2,ENSG00000151176,0.536190062354371,0.346345138570722,0.469006034903622,0.000349480850648979,missense|LC,12113358467,12,113358467,
SUCLG2,ENSG00000172340,0.536192604828107,0.48138890758389,0.3318920094191,0.000333807324180405,missense|LC,3067360529,3,67360529,
LRP11,ENSG00000120256,0.536211938661517,0.708661328924228,0.36873936013444,0.000124270967390446,missense|LC,6149826231,6,149826231,
TEX11,ENSG00000120498,0.53636408555011,0.81602414999893,0.338467175170329,0.000127898098598321,missense|LC,23070529071,X,70529071,
BRCC3,ENSG00000185515,0.536372526758363,0.45419317220172,0.369330497922992,-0.00051807852436166,missense|LC,23155071503,X,155071503,
RPS4Y1,ENSG00000129824,0.536389466076738,0.352345664460828,0.896715935763072,0.00173431520024321,missense|LC,24002841569,Y,2841569,
FHL5,ENSG00000112214,0.536390981724294,0.327346793471811,0.366216471423041,-0.00113419745477328,missense|LC,6096603558,6,96603558,
SLC35D2,ENSG00000130958,0.536423602153468,0.652876105881197,0.351441946185309,0.000272462517972662,missense|LC,9096321197,9,96321197,
USP49,ENSG00000164663,0.536425178285212,0.428030142186783,0.337851968657573,0.000460493778481183,missense|LC,6041784897,6,41784897,
OR51L1,ENSG00000176798,0.536504608027842,0.561376018401933,0.356949581794243,-0.000294484795747367,missense|LC,11004989852,11,4989852,
AC124312.1,ENSG00000214265,0.536562432419741,0.376844548121987,0.528335960791793,0.000928516605227073,missense|LC,15024954923,15,24954923,
SNURF,ENSG00000273173,0.536562432419741,0.376844548121987,0.528335960791793,0.000928516605227073,missense|LC,15024954986,15,24954986,
PKD1L2,ENSG00000166473,0.536566511316707,0.351686205878272,0.997658935270752,-0.000303855065748943,missense|LC,16081170358,16,81170358,
KCNA3,ENSG00000177272,0.536661109815271,0.581930795257152,0.348064611362921,-0.000331682466786717,missense|LC,1110673005,1,110673005,
AC008581.2,ENSG00000285000,0.536694160023035,0.899920507732814,0.338508012647478,0.0000817443594753529,missense|LC,5077030669,5,77030669,
UBD,ENSG00000213886,0.536722290664178,0.340693284002871,0.667051300049405,0.00127948582488846,missense|LC,6029555828,6,29555828,
MRFAP1L1,ENSG00000178988,0.536730210608009,0.395586892791263,0.69268993020183,0.000562371132439149,missense|LC,4006709142,4,6709142,
SHISA7,ENSG00000187902,0.536848452854795,0.326673484495878,0.805812503537196,-0.000786082461443632,missense|LC,19055433038,19,55433038,
DRICH1,ENSG00000189269,0.536853271693517,0.336972762036637,0.727271613566325,0.000753581227789457,missense|LC,22023608681,22,23608681,
EHF,ENSG00000135373,0.536890550931184,0.837012442620857,0.328809619366227,0.000277037757164047,missense|LC,11034632467,11,34632467,
CHAF1B,ENSG00000159259,0.537002498058336,0.482005962886621,0.361589559605546,0.000313828130303459,missense|LC,21036386038,21,36386038,
FIGNL1,ENSG00000132436,0.537017916660355,0.662069093103267,0.34092195012431,0.00017889441077204,missense|LC,7050445231,7,50445231,
P3H1,ENSG00000117385,0.537185276964233,0.71100213322809,0.34476567291715,-0.000113736925227059,missense|LC,1042746638,1,42746638,
PLEKHG2,ENSG00000090924,0.537195226635596,0.34030799130809,0.773370363495324,0.000255618881376428,missense|LC,19039407670,19,39407670,
LMAN1,ENSG00000074695,0.537205904963897,0.347860083920019,0.77275797867845,-0.000575696724833849,missense|LC,18059331057,18,59331057,
C12orf60,ENSG00000182993,0.537229841587202,0.383818440372915,0.480644121251195,-0.000560860109299486,missense|LC,12014799565,12,14799565,
DCAF8L1,ENSG00000226372,0.537251617641755,0.911134405210123,0.349192237152048,0.0000359780202732941,missense|LC,23027979414,X,27979414,
LYSMD4,ENSG00000183060,0.537265070572649,0.334263337992672,0.435648067867619,0.000592505822121678,missense|LC,15099729005,15,99729005,
OR6K3,ENSG00000203757,0.537333743191737,0.333718171919413,0.476674203854868,0.000614945649178041,missense|LC,1158717126,1,158717126,
IFFO1,ENSG00000010295,0.537335866571778,0.365282899996116,0.403870861560487,0.000377630853852054,missense|LC,12006534755,12,6534755,
AC092073.1,ENSG00000266953,0.537343330064225,0.378908406319643,0.44134272814889,0.00060002376689573,missense|LC,19034393212,19,34393212,
ABLIM1,ENSG00000099204,0.537346490958978,0.376951934122949,0.385682447537005,-0.000306644419514601,missense|LC,10114436205,10,114436205,
GJA3,ENSG00000121743,0.537663152767065,0.368325495874774,0.442297894526091,0.000385744267862451,missense|LC,13020141850,13,20141850,
HOGA1,ENSG00000241935,0.537703070345927,0.333898770115851,0.742812616963563,0.000745059792450151,missense|LC,10097580803,10,97580803,
ZNF678,ENSG00000181450,0.537735244211479,0.716855971209951,0.326095692444125,-0.000269966400204552,missense|LC,1227563614,1,227563614,
WDR73,ENSG00000177082,0.537753020853882,0.470726079936258,0.336367032615814,0.00063443210930514,missense|LC,15084634495,15,84634495,
FAM131A,ENSG00000175182,0.537888438629495,0.594856609379133,0.356893200447124,-0.00035520830358318,missense|LC,3184334629,3,184334629,
TMEM45B,ENSG00000151715,0.537897330143966,0.503863449934121,0.367285695945702,0.000309549586681124,missense|LC,11129815674,11,129815674,
WDR43,ENSG00000163811,0.537901671973695,0.527832972552052,0.339793556163979,0.000297065780480253,missense|LC,2028894589,2,28894589,
THAP1,ENSG00000131931,0.537956649153634,0.333668947211526,0.653686735713352,-0.00155683750977389,missense|LC,8042837870,8,42837870,
CCR2,ENSG00000121807,0.537991062938499,0.949751952300475,0.329450558629249,0.0000505923927132171,missense|LC,3046357441,3,46357441,
TAS2R30,ENSG00000256188,0.538057657789617,0.354943768001684,0.428930896819472,0.000359434469331596,missense|LC,12011133168,12,11133168,
AL365205.1,ENSG00000124593,0.5380720663182,0.671229312392992,0.352869994833367,-0.000196848470149049,missense|LC,6041776875,6,41776875,
PRICKLE4,ENSG00000278224,0.5380720663182,0.671229312392992,0.352869994833367,-0.000196848470149049,missense|LC,6041776875,6,41776875,
ZBTB33,ENSG00000177485,0.538163007723693,0.876733948508659,0.337596583349963,-0.0000936040728132519,missense|LC,23120253365,X,120253365,
PRR22,ENSG00000212123,0.538203463959495,0.43378585744496,0.387988298388825,-0.000200744793053186,missense|LC,19005778303,19,5778303,
CDRT15,ENSG00000223510,0.538231489218512,0.430210224862,0.338189497982824,-0.000938888750946874,missense|LC,17014235790,17,14235790,
SCLT1,ENSG00000151466,0.538271634535463,0.346837102596587,0.360658189402573,-0.000555611999434939,missense|LC,4128884455,4,128884455,
FKBP6,ENSG00000077800,0.53828634882772,0.382843672684568,0.609633017136029,-0.00037333312806309,missense|LC,7073324238,7,73324238,
AK3,ENSG00000147853,0.538291276024751,0.350323981087749,0.393409824342306,0.000680308600956813,missense|LC,9004706006,9,4706006,
ITPRID1,ENSG00000180347,0.538595329298589,0.515213529008645,0.335359797827394,-0.000240074560892272,missense|LC,7031529706,7,31529706,
BORCS8-MEF2B,ENSG00000064489,0.538595507977996,0.560506033265525,0.342112023882951,0.000685300028989067,missense|LC,19019145598,19,19145598,
BORCS8,ENSG00000254901,0.538595507977996,0.560506033265525,0.342112023882951,0.000685300028989067,missense|LC,19019180645,19,19180645,
RPS27AP5,ENSG00000231767,0.53873562186219,0.484385204133557,0.372562708546964,0.000939050652738428,missense|LC,1192716274,1,192716274,
SELENOK,ENSG00000113811,0.538764671835241,0.355842596732942,0.446396176843713,-0.00101392856607082,missense|LC,3053879857,3,53879857,
RASEF,ENSG00000165105,0.538839906268266,0.424432851988286,0.347457820424064,-0.00130873326907937,missense|LC,9082982676,9,82982676,
OTOP1,ENSG00000163982,0.538851441889901,0.33520123253735,0.817645861846647,-0.000449780198060309,missense|LC,4004188723,4,4188723,
ZNF44,ENSG00000197857,0.539016361669763,0.378808008632776,0.424182070871088,0.000236989986682327,missense|LC,19012272234,19,12272234,
TMSB10,ENSG00000034510,0.539178536730774,0.396520074697308,0.351219556988864,-0.0052780666690947,missense|LC,2084905940,2,84905940,
AL603764.2,ENSG00000286135,0.539443333614667,0.431768469192261,0.340683010487643,0.00114448589791779,missense|LC,10122672800,10,122672800,
CCDC9,ENSG00000105321,0.539460186328046,0.346214911930321,0.845979936908275,-0.000331398933215275,missense|LC,19047258312,19,47258312,
TAOK1,ENSG00000160551,0.539542273220275,0.528533870097391,0.335464551861909,-0.000495595705632467,missense|LC,17029451423,17,29451423,
WDR4,ENSG00000160193,0.539607753022471,0.33934263051515,0.650606239095915,-0.000463360265086974,missense|LC,21042849941,21,42849941,
ZNF891,ENSG00000214029,0.539619972883666,0.349822316354099,0.581369786808303,-0.000413342109008224,missense|LC,12133105414,12,133105414,
EPB41L2,ENSG00000079819,0.539755138089132,0.970564155198868,0.34551828289673,-0.0000124158554339959,missense|LC,6130834811,6,130834811,
RPL41,ENSG00000229117,0.539770656176832,0.382603900636572,0.388065647797496,-0.00711734125564645,missense|LC,12056112794,12,56112794,
CPAMD8,ENSG00000160111,0.539946303382328,0.974285678156898,0.335383045080904,0.00000780051018990492,missense|LC,19016889129,19,16889129,
KIAA0408,ENSG00000189367,0.539974507515079,0.448111401599072,0.330080495506896,-0.000475000309514129,missense|LC,6127444043,6,127444043,
DEK,ENSG00000124795,0.540164157887713,0.54285571885674,0.341362870994208,-0.000421361970646599,missense|LC,6018221855,6,18221855,
OR1L1,ENSG00000173679,0.540224795388084,0.354137357369907,0.585620947894001,0.000405532238067026,missense|LC,9122661658,9,122661658,
VRK3,ENSG00000105053,0.54043486318336,0.463244673097292,0.34896389866321,-0.000437151066323311,missense|LC,19049971760,19,49971760,
CYP46A1,ENSG00000036530,0.540435524713052,0.511586176927345,0.340928739733431,-0.000634849836444274,missense|LC,14099684359,14,99684359,
TTLL7,ENSG00000137941,0.54043594904373,0.335406475935432,0.461040765877766,-0.000603619690558702,missense|LC,1083869866,1,83869866,
EMX1,ENSG00000135638,0.540545473410028,0.33646949469292,0.798828690207524,0.00100475823831083,missense|LC,2072917737,2,72917737,
IFI35,ENSG00000068079,0.540604992293555,0.366304821338585,0.530811374705166,-0.000308610890422365,missense|LC,17043002646,17,43002646,
RHBDD1,ENSG00000144468,0.540706571284975,0.648135979101269,0.359533920801946,-0.000210003910354311,missense|LC,2226864634,2,226864634,
ELP3,ENSG00000134014,0.540826386527977,0.78327556633376,0.333967552087671,0.000187561044996063,missense|LC,8028093074,8,28093074,
ZNF625-ZNF20,ENSG00000213297,0.540865110575821,0.623265862056938,0.412593167723241,0.000593588129722085,missense|LC,19012132501,19,12132501,
AC098850.3,ENSG00000266302,0.540902042727558,0.342573465533032,0.674242779392757,0.000434815811565312,missense|LC,17016690336,17,16690336,
AVL9,ENSG00000105778,0.540910491321537,0.346565193339592,0.454804172832047,-0.000513139310332968,missense|LC,7032495643,7,32495643,
GTF3C4,ENSG00000125484,0.540982807150605,0.373217431462612,0.810999596885932,0.000289640562434705,missense|LC,9132669502,9,132669502,
APOBEC4,ENSG00000173627,0.54104257668959,0.352922063022068,0.460848966989289,-0.000482606669185073,missense|LC,1183647530,1,183647530,
GNB3,ENSG00000111664,0.541071582974762,0.903868614271988,0.338484804508349,0.0000937313184456271,missense|LC,12006836942,12,6836942,
CEACAM1,ENSG00000079385,0.541083204339057,0.381504067468994,0.632598340472116,-0.000303861621813708,missense|LC,19042509007,19,42509007,
TNFAIP8L3,ENSG00000183578,0.541122609864495,0.583223571085619,0.38409029411498,0.000198696143801814,missense|LC,15051057821,15,51057821,
PSME3,ENSG00000131467,0.541165933402783,0.80775030430528,0.334360225975917,0.000561307029429001,missense|LC,17042833527,17,42833527,
SUSD4,ENSG00000143502,0.541173311652942,0.691973262905879,0.35699962943748,-0.000177728299117073,missense|LC,1223222103,1,223222103,
WDR45B,ENSG00000141580,0.541191498187112,0.591603466348033,0.417452986352015,-0.000274984565266982,missense|LC,17082615848,17,82615848,
AP5Z1,ENSG00000242802,0.541229399535682,0.356303464517354,0.340440382978677,0.000258343113583358,missense|LC,7004775597,7,4775597,
RAB25,ENSG00000132698,0.541260003850532,0.378884043359388,0.398430400131522,0.000422025214163439,missense|LC,1156057913,1,156057913,
SFTPA1,ENSG00000122852,0.541265483529682,0.956994512729292,0.366975720193127,0.0000236607660362753,missense|LC,10079611503,10,79611503,
CACYBP,ENSG00000116161,0.541446453123597,0.982215034049004,0.392769368244156,-0.00000921211866663442,missense|LC,1175000060,1,175000060,
STRA8,ENSG00000146857,0.541502523599811,0.598631119995714,0.341637277139219,0.000655506021192152,missense|LC,7135231924,7,135231924,
CHIC1,ENSG00000204116,0.541788546280316,0.333564068067741,0.618714054705554,0.000848295057584348,missense|LC,23073563211,X,73563211,
IRF2BP1,ENSG00000170604,0.541800720014105,0.888836568459499,0.394362945900895,0.0000860940147461306,missense|LC,19045883933,19,45883933,
NOP56,ENSG00000101361,0.541825294365591,0.775730538671456,0.34017354227075,-0.000144622827784092,missense|LC,20002652558,20,2652558,
SCYL1,ENSG00000142186,0.541981622176057,0.348897078891251,0.532844343245815,0.000280153982304105,missense|LC,11065525086,11,65525086,
NOX3,ENSG00000074771,0.54201901325997,0.987854158493146,0.335430102886364,0.00000613355034568859,missense|LC,6155396743,6,155396743,
SLC45A3,ENSG00000158715,0.542022567732163,0.348595587372634,0.554400272237317,-0.000322828051480445,missense|LC,1205659144,1,205659144,
ITGAV,ENSG00000138448,0.542050354178168,0.332050406393044,0.536413485361988,-0.000488178832222568,missense|LC,2186590253,2,186590253,
ALDH7A1,ENSG00000164904,0.542069163182924,0.362751310583396,0.882202557005015,0.000421348262574249,missense|LC,5126544918,5,126544918,
APOLD1,ENSG00000178878,0.542081407933644,0.541556476084765,0.334659747269263,-0.000425629808086025,missense|LC,12012725931,12,12725931,
FRMPD1,ENSG00000070601,0.542233393511533,0.438021615341749,0.344582706589258,-0.000193069984653859,missense|LC,9037692612,9,37692612,
OR6F1,ENSG00000169214,0.542273147003375,0.383086687551555,0.94693889840344,0.000521700347788698,missense|LC,1247711797,1,247711797,
EXOC3,ENSG00000180104,0.542318751137614,0.9399464891663,0.338115604659665,-0.0000409449422747597,missense|LC,5000442330,5,442330,
MTBP,ENSG00000172167,0.542412679965394,0.343056797710382,0.349811057333166,0.000433289977509268,missense|LC,8120443088,8,120443088,
ANKRD36,ENSG00000135976,0.542428006873321,0.592648351210178,0.334629510607738,0.000130793236033828,missense|LC,2097113628,2,97113628,
ASPH,ENSG00000198363,0.542542242797083,0.353350480868448,0.701316848106796,-0.000389073968653241,missense|LC,8061499421,8,61499421,
HSD3B2,ENSG00000203859,0.542552909555928,0.376880537328278,0.354513115670564,0.000627817888642096,missense|LC,1119415336,1,119415336,
SETD9,ENSG00000155542,0.542554436727136,0.337991975323641,0.846096590849161,-0.00119079825856835,missense|LC,5056909577,5,56909577,
THSD7A,ENSG00000005108,0.542575212146638,0.535485315710319,0.334962594868711,-0.000203385892139233,missense|LC,7011375742,7,11375742,
AKR1D1,ENSG00000122787,0.54270678503345,0.33907588709093,0.734837427841903,-0.000887183723513995,missense|LC,7138076463,7,138076463,
ZBTB22,ENSG00000236104,0.54275003223366,0.351344235308862,0.553688141482066,-0.000581216993659969,missense|LC,6033313108,6,33313108,
CHN1,ENSG00000128656,0.542820903130009,0.965728303396476,0.339655146405939,0.0000418121364342817,missense|LC,2174800050,2,174800050,
TRIM46,ENSG00000163462,0.542825977327307,0.862972067344904,0.343288797853961,0.0000997745325506341,missense|LC,1155169327,1,155169327,
BIRC5,ENSG00000089685,0.542858637491788,0.724615839183823,0.404649333460631,-0.00027509335993389,missense|LC,17078214242,17,78214242,
C10orf99,ENSG00000188373,0.542919755231588,0.91757200907479,0.359382599841811,-0.00013351357408404,missense|LC,10084173810,10,84173810,
TBX3,ENSG00000135111,0.542925280077992,0.874746085875757,0.336735488203139,0.000108599805811303,missense|LC,12114671726,12,114671726,
CRADD,ENSG00000169372,0.543149052426763,0.358821176766233,0.455563443057579,0.000740623869371969,missense|LC,12093678680,12,93678680,
FHOD3,ENSG00000134775,0.543329026174281,0.344809995881672,0.468584792142734,0.000221878028957081,missense|LC,18036297836,18,36297836,
ANKRD36C,ENSG00000174501,0.543536306875369,0.348924904261116,0.596337119730197,0.000274239713961734,missense|LC,2095851176,2,95851176,
TTC16,ENSG00000167094,0.543575451648581,0.455913745983266,0.353190098829476,0.000219228119962349,missense|LC,9127711113,9,127711113,
RBM41,ENSG00000089682,0.543607880389417,0.591048511544486,0.347353238763501,0.000363625432773732,missense|LC,23107067138,X,107067138,
GRID1,ENSG00000182771,0.543652316709203,0.335150880057623,0.670615683311439,-0.000562966121004855,missense|LC,10085602230,10,85602230,
WASHC1,ENSG00000181404,0.543843637953966,0.952753646650512,0.366262407628831,-0.0000236428932177907,missense|LC,9000014717,9,14717,
CCDC115,ENSG00000136710,0.544006073167933,0.382823506496981,0.642360693629044,0.000704700724299528,missense|LC,2130339077,2,130339077,
C1orf216,ENSG00000142686,0.544017772570246,0.348071165085608,0.805216310358696,0.000694464770394232,missense|LC,1035715543,1,35715543,
BCL2L1,ENSG00000171552,0.54410318508555,0.344231865776511,0.990398398340988,0.00144092001325379,missense|LC,20031665828,20,31665828,
YBEY,ENSG00000182362,0.544131798873076,0.396975145769396,0.976949078770735,-0.000771228550249909,missense|LC,21046283582,21,46283582,
SMAD5,ENSG00000113658,0.544375335054741,0.364163713335505,0.723236649269102,0.00097511837365623,missense|LC,5136153695,5,136153695,
NUGGC,ENSG00000189233,0.54440452411942,0.342766266592772,0.747886159884945,0.000513072898652083,missense|LC,8028023211,8,28023211,
AC235565.2,ENSG00000284800,0.544420049013301,0.397430607852613,0.611187845545834,0.00155895805745885,missense|LC,23102457849,X,102457849,
SYT13,ENSG00000019505,0.544444096803453,0.701321574749345,0.354471735969372,0.000195117158917612,missense|LC,11045243963,11,45243963,
SCIN,ENSG00000006747,0.544514728859912,0.346265376157089,0.440009138231985,-0.000347825854856003,missense|LC,7012570675,7,12570675,
ATPAF2,ENSG00000171953,0.544517441264634,0.344524857545515,0.368768553282591,-0.000825549693656806,missense|LC,17018015972,17,18015972,
PDSS1,ENSG00000148459,0.544539380920432,0.72312103958497,0.366909732973685,0.00020930762227659,missense|LC,10026697597,10,26697597,
JAK3,ENSG00000105639,0.54455757904956,0.377751262725748,0.769843033156759,-0.000272746883347946,missense|LC,19017821217,19,17821217,
RIMS4,ENSG00000101098,0.544607735361899,0.337226616321112,0.512683053597681,0.00169586683000262,missense|LC,20044756077,20,44756077,
RPGRIP1,ENSG00000092200,0.544625131957999,0.348476018517139,0.554211270218527,0.000274068802750579,missense|LC,14021287942,14,21287942,
DHRS4,ENSG00000157326,0.544671062168147,0.368073307004403,0.676481769079559,-0.000415291093448533,missense|LC,14023953662,14,23953662,
SFT2D1,ENSG00000198818,0.544680022031225,0.342741800026548,0.669882411452986,0.00140872430211153,missense|LC,6166320143,6,166320143,
GASK1A,ENSG00000144649,0.544682059927018,0.486236255687026,0.457093244098722,-0.00282764175111954,missense|LC,3042979520,3,42979520,
IGSF8,ENSG00000162729,0.544695676353172,0.86633005311878,0.33813327594051,-0.000082575204572304,missense|LC,1160087339,1,160087339,
ASB4,ENSG00000005981,0.544708475527517,0.335449296045484,0.610281164806102,-0.000955605288981909,missense|LC,7095485897,7,95485897,
EPS8L3,ENSG00000198758,0.544786730450516,0.348254689337441,0.460495538342416,0.000394230001739753,missense|LC,1109750289,1,109750289,
ARSG,ENSG00000141337,0.544799926863374,0.354576067170954,0.753030973671431,0.000482198535509867,missense|LC,17068254334,17,68254334,
VPS4B,ENSG00000119541,0.544902616830796,0.783578049588356,0.393421244359844,0.00012435732087121,missense|LC,18063390951,18,63390951,
CCDC105,ENSG00000160994,0.544953157610319,0.786139305796003,0.364443177037769,0.0000793210047536922,missense|LC,19015010731,19,15010731,
MYORG,ENSG00000164976,0.544975048493146,0.874499856349279,0.33712111088675,-0.000100336074119609,missense|LC,9034370638,9,34370638,
AL133352.1,ENSG00000255339,0.545027171230598,0.34462956770363,0.540123286468572,-0.00117327151524564,missense|LC,10100502448,10,100502448,
SLC25A33,ENSG00000171612,0.5450818606749,0.357518197074199,0.655812469299802,0.00070748323412979,missense|LC,1009539610,1,9539610,
ARHGAP31,ENSG00000031081,0.545087151264229,0.823842924699999,0.346952236169197,0.0000676223610262043,missense|LC,3119294839,3,119294839,
DNAJC16,ENSG00000116138,0.545091529861348,0.337359865265423,0.600720050642973,0.000580614674645659,missense|LC,1015524017,1,15524017,
CPD,ENSG00000108582,0.545231875670331,0.514180098080834,0.349154869904977,-0.000215555904998952,missense|LC,17030378795,17,30378795,
GPSM1,ENSG00000160360,0.545306445312734,0.427376234300337,0.349368564434637,0.000282408623961548,missense|LC,9136327665,9,136327665,
PCDHB3,ENSG00000113205,0.54531409950376,0.349678369858025,0.558467113329975,0.000340236376906588,missense|LC,5141095476,5,141095476,
HOXD12,ENSG00000170178,0.545477751190155,0.360283549291809,0.664125376762058,0.000560733877229461,missense|LC,2176099769,2,176099769,
OR4C3,ENSG00000176547,0.545550831998981,0.909069728126334,0.333401245595574,0.000100054585705822,missense|LC,11048324877,11,48324877,
ARL6IP1,ENSG00000170540,0.545785561972887,0.861969380549835,0.341977619344298,0.000241491830333549,missense|LC,16018788036,16,18788036,
ZNF148,ENSG00000163848,0.545857503467704,0.354035625303324,0.55264324708063,0.000589063992761211,missense|LC,3125232233,3,125232233,
SLC66A3,ENSG00000162976,0.546014718057512,0.339125255239833,0.794094057335054,-0.00120350493760354,missense|LC,2011155436,2,11155436,
KCNJ6,ENSG00000157542,0.54602546731652,0.717759509341034,0.353155496821768,-0.000515205719787355,missense|LC,21037625129,21,37625129,
TYRP1,ENSG00000107165,0.546339432214435,0.652580436101513,0.355377071735312,0.000147783303625893,missense|LC,9012693872,9,12693872,
COA3,ENSG00000183978,0.546587794983976,0.366314998560865,0.982577993223962,0.000789869964015696,missense|LC,17042793473,17,42793473,
IVL,ENSG00000163207,0.546673644281823,0.900144206682899,0.337545071780564,0.0000766434143320243,missense|LC,1152909723,1,152909723,
SNAI2,ENSG00000019549,0.54672899302102,0.942818832432519,0.34284776836595,0.0001184345175975,missense|LC,8048918726,8,48918726,
ESM1,ENSG00000164283,0.546839336973203,0.85183884355935,0.393290801830766,0.00018213637038515,missense|LC,5054979294,5,54979294,
MGP,ENSG00000111341,0.546878966724551,0.782734711014757,0.411446498520257,-0.00013887245452052,missense|LC,12014882049,12,14882049,
PIH1D1,ENSG00000104872,0.546882955605788,0.542897197373826,0.340977960417283,0.000692471865745752,missense|LC,19049441298,19,49441298,
LRRC70,ENSG00000186105,0.546890264972314,0.338673632973497,0.588269723736166,-0.000719741628787985,missense|LC,5062579368,5,62579368,
IRS1,ENSG00000169047,0.546998348421411,0.354027800818134,0.557428146518617,0.000309352368057683,missense|LC,2226794943,2,226794943,
PKN2,ENSG00000065243,0.547016576734569,0.68255661059674,0.337666503817264,0.00033812462049778,missense|LC,1088684514,1,88684514,
ARIH1,ENSG00000166233,0.547112849419661,0.35005287283581,0.48153984189394,0.000728707199235309,missense|LC,15072474511,15,72474511,
RAD51AP2,ENSG00000214842,0.547118554905283,0.337790879990459,0.589147933706781,-0.000408716447164211,missense|LC,2017510754,2,17510754,
KMT2B,ENSG00000272333,0.547313767525899,0.668646498130547,0.337138339110833,0.000109348972319235,missense|LC,19035714528,19,35714528,
HS3ST3A1,ENSG00000153976,0.547347470577671,0.39208626785581,0.584067247903576,0.000362240998561101,missense|LC,17013496082,17,13496082,
EPOP,ENSG00000273604,0.54759746346526,0.346311774618855,0.599637522644674,-0.000787662711176188,missense|LC,17038673186,17,38673186,
PIEZO2,ENSG00000154864,0.547602482708622,0.429833554675175,0.331332705418165,0.000194937257928308,missense|LC,18010671425,18,10671425,
MBNL2,ENSG00000139793,0.547695914673097,0.403736047499963,0.338334301107473,-0.00105280353508644,missense|LC,13097276187,13,97276187,
TOB1,ENSG00000141232,0.547720172971586,0.343706640441108,0.53016932390504,-0.000889517173274654,missense|LC,17050862845,17,50862845,
APOBEC3B,ENSG00000179750,0.547723382202496,0.351295199654225,0.691192839446058,-0.000316175844042844,missense|LC,22038982338,22,38982338,
SUSD2,ENSG00000099994,0.547864729341973,0.917658947219095,0.339886151151403,-0.0000377761065486437,missense|LC,22024177437,22,24177437,
NODAL,ENSG00000156574,0.547942837410674,0.350157910381925,0.810779705192865,-0.000738830706384038,missense|LC,10070432838,10,70432838,
SENP3,ENSG00000161956,0.547984276171744,0.61660892490603,0.341124942534864,0.000367037584034502,missense|LC,17007556921,17,7556921,
RALGPS2,ENSG00000116191,0.548007745579725,0.977648143506692,0.340474016832077,-0.0000346248994118542,missense|LC,1178747233,1,178747233,
OR5H2,ENSG00000197938,0.548040167333183,0.383151228853607,0.552422634383756,-0.00030436865481811,missense|LC,3098282839,3,98282839,
COL5A3,ENSG00000080573,0.548137954142998,0.34045756525235,0.729565469856859,-0.000310811976497156,missense|LC,19009960313,19,9960313,
KCNQ4,ENSG00000117013,0.548176695868034,0.336087473804442,0.568671163205033,-0.000683365900734518,missense|LC,1040784122,1,40784122,
PSIP1,ENSG00000164985,0.548225106321903,0.397185731451869,0.33699578167028,0.000615943481138735,missense|LC,9015459671,9,15459671,
PLPPR5,ENSG00000117598,0.548254170439439,0.350628520608341,0.77451425190531,0.00128056300868794,missense|LC,1098893005,1,98893005,
AL365273.2,ENSG00000270099,0.548274608137787,0.627409550864531,0.388717540367307,-0.00107690066494478,missense|LC,10095860412,10,95860412,
TRIM3,ENSG00000110171,0.548504526582296,0.68742279847098,0.334683215853391,0.00032466338651854,missense|LC,11006448926,11,6448926,
CRB1,ENSG00000134376,0.548517396166482,0.347006024939091,0.546507122169885,0.00034990949093838,missense|LC,1197268374,1,197268374,
AVPI1,ENSG00000119986,0.548540677302788,0.343736673676661,0.797199576068723,0.0010534459603427,missense|LC,10097673525,10,97673525,
PRRT4,ENSG00000224940,0.548585947667531,0.542138200887113,0.336811183200301,0.00033046698762693,missense|LC,7128350708,7,128350708,
C16orf91,ENSG00000174109,0.548607494033508,0.826099541439798,0.396060103079628,0.000122790703257354,missense|LC,16001414752,16,1414752,
FOXP4,ENSG00000137166,0.548633968707992,0.39112671672498,0.382161559165577,-0.000326746243271394,missense|LC,6041565672,6,41565672,
RPS26,ENSG00000197728,0.548636838992861,0.346913740186127,0.932955964050732,-0.00249988449527713,missense|LC,12056042089,12,56042089,
PRKCQ,ENSG00000065675,0.548712042498856,0.553449667151956,0.341075436566979,0.000375544173966477,missense|LC,10006428101,10,6428101,
CBY3,ENSG00000204659,0.548747810935512,0.359684130839025,0.975500134420359,-0.000390155331380527,missense|LC,5179678488,5,179678488,
FEV,ENSG00000163497,0.54890104855172,0.341653956067691,0.533456258052754,0.00140551397316067,missense|LC,2218981580,2,218981580,
USP34,ENSG00000115464,0.548901162627937,0.771863965976464,0.342640501061916,-0.0000791641108158412,missense|LC,2061183513,2,61183513,
MTHFSD,ENSG00000103248,0.548949143957405,0.363127713366392,0.488718878150945,0.000365812412516622,missense|LC,16086531952,16,86531952,
CCT8L2,ENSG00000198445,0.548992187436699,0.372961713381895,0.491936946493425,0.000281235009893646,missense|LC,22016590842,22,16590842,
GPX2,ENSG00000176153,0.549099209120048,0.695440798730458,0.35428018540197,-0.000291964313606554,missense|LC,14064934346,14,64934346,
KCNC4,ENSG00000116396,0.54910255010853,0.817978782876455,0.369720413599881,0.0000925245126684274,missense|LC,1110211476,1,110211476,
LRTM1,ENSG00000144771,0.54916331692198,0.364029385043813,0.628699521076013,-0.000643603110361052,missense|LC,3054918395,3,54918395,
ZMIZ1,ENSG00000108175,0.549223768855877,0.685109896807027,0.329416820339248,0.000232469049789173,missense|LC,10079201541,10,79201541,
RSRC2,ENSG00000111011,0.549355860743325,0.350108335740855,0.378188539286799,-0.000936615304847061,missense|LC,12122498751,12,122498751,
RIOX1,ENSG00000170468,0.549460882172919,0.835170356280772,0.352483292094269,0.0000938475131861376,missense|LC,14073490897,14,73490897,
AC048338.2,ENSG00000284934,0.549469983480708,0.381247572253361,0.465194623709281,-0.0103427059502335,missense|LC,12122203220,12,122203220,
MCCC2,ENSG00000131844,0.549501872488944,0.359497321184136,0.673535954219068,0.000361170124294527,missense|LC,5071587268,5,71587268,
TSPAN19,ENSG00000231738,0.54953182784295,0.798232550894393,0.358625399967415,0.000305183222809789,missense|LC,12085014448,12,85014448,
TMEM244,ENSG00000203756,0.549555849001778,0.378304419008011,0.719704880790299,0.00076390962187113,missense|LC,6129831313,6,129831313,
BCAR3,ENSG00000137936,0.549563917114019,0.722530683121962,0.353056794979902,0.0000948520477069926,missense|LC,1093562154,1,93562154,
METTL11B,ENSG00000203740,0.549673542329181,0.86625492847868,0.383417003784465,-0.000058932865409686,missense|LC,1170146028,1,170146028,
NPR1,ENSG00000169418,0.549766697854059,0.78360243028596,0.341366013959984,-0.00011344803379407,missense|LC,1153678980,1,153678980,
CLK2,ENSG00000176444,0.549868975461685,0.368114510516541,0.775653024357193,0.000413704579399213,missense|LC,1155258746,1,155258746,
EIF2B2,ENSG00000119718,0.549907034993777,0.863179981736628,0.369373515225926,-0.000109308509377529,missense|LC,14075002875,14,75002875,
NGDN,ENSG00000129460,0.550214766946959,0.375644047160567,0.405159959190323,-0.000473050661026293,missense|LC,14023469623,14,23469623,
SUB1,ENSG00000113387,0.550226847620377,0.469219610700383,0.346858361989655,-0.00225350111308876,missense|LC,5032588437,5,32588437,
TCF25,ENSG00000141002,0.550246588640276,0.462268340866539,0.359355154031731,0.000256368277046305,missense|LC,16089869536,16,89869536,
GBF1,ENSG00000107862,0.550295409174388,0.337254621403395,0.981666251688087,-0.000407351091529651,missense|LC,10102258935,10,102258935,
CRHBP,ENSG00000145708,0.55038644783008,0.54990425727345,0.399557687693234,0.000401135821182045,missense|LC,5076953059,5,76953059,
PGLYRP1,ENSG00000008438,0.550501008658966,0.341755436811094,0.502030475707596,0.00112833471752536,missense|LC,19046014977,19,46014977,
GRIK4,ENSG00000149403,0.550544930586205,0.412097177911212,0.344212963549398,-0.000355540011937522,missense|LC,11120660277,11,120660277,
GLDN,ENSG00000186417,0.550573073886611,0.368264296843681,0.641700014011577,0.000248343632813107,missense|LC,15051341544,15,51341544,
GPR42,ENSG00000126251,0.550656245349949,0.378289372442556,0.657434532036742,-0.00470581321187417,missense|LC,19035370927,19,35370927,
CMTM1,ENSG00000089505,0.550686145473337,0.341089424659992,0.927092806509237,-0.000994135445611652,missense|LC,16066563026,16,66563026,
GRAP2,ENSG00000100351,0.550723390891175,0.845106000192434,0.386364413670419,-0.0000880527979385643,missense|LC,22039901230,22,39901230,
BRCA2,ENSG00000139618,0.550887982074693,0.34508021227184,0.605755181838235,0.000166536632391151,missense|LC,13032310603,13,32310603,
AL807752.6,ENSG00000279073,0.550920639025118,0.386647806801773,0.424299570094516,0.0023285200939351,missense|LC,9137027996,9,137027996,
NDST4,ENSG00000138653,0.550952240446207,0.355198565335065,0.69413560587849,0.000571674139582642,missense|LC,4114827719,4,114827719,
CDH11,ENSG00000140937,0.550972136793687,0.467467825491415,0.357122417285578,-0.000367851062023778,missense|LC,16064945342,16,64945342,
MGLL,ENSG00000074416,0.550986306001653,0.381582208587472,0.573331794114797,-0.000439971058919496,missense|LC,3127692147,3,127692147,
FAM102A,ENSG00000167106,0.550990812552956,0.368865692573329,0.6383920835189,-0.00062211686025759,missense|LC,9127935642,9,127935642,
B9D2,ENSG00000123810,0.55102507790932,0.45885937991522,0.347411894760432,0.000838247125889801,missense|LC,19041352588,19,41352588,
CD28,ENSG00000178562,0.551072829700139,0.403286225621275,0.374449494019435,-0.00075005267750961,missense|LC,2203706467,2,203706467,
CTBS,ENSG00000117151,0.551230402725301,0.879233138182874,0.359769452824415,-0.0000645448479142437,missense|LC,1084545527,1,84545527,
EEF2,ENSG00000167658,0.551230405465274,0.45585191503943,0.338764158957042,0.000587026080846984,missense|LC,19003976450,19,3976450,
TACC2,ENSG00000138162,0.551244619728325,0.612680068420769,0.346622847888987,0.0000795370698910206,missense|LC,10122021917,10,122021917,
AURKC,ENSG00000105146,0.551267976422073,0.611599527269495,0.360953903741735,0.000483021550531667,missense|LC,19057231061,19,57231061,
NLRP14,ENSG00000158077,0.551307293442516,0.377439502642712,0.34932175096104,0.000291331819884921,missense|LC,11007038526,11,7038526,
ZFAND3,ENSG00000156639,0.551316960952482,0.982081045680219,0.350794819464783,-0.000145659775888849,missense|LC,6037819854,6,37819854,
TNRC6C,ENSG00000078687,0.551319490150675,0.444473450571534,0.335648582851975,0.000255276358483228,missense|LC,17078005081,17,78005081,
H1-10,ENSG00000184897,0.551321302752151,0.363903613471432,0.681063228522426,-0.000740484274281736,missense|LC,3129315161,3,129315161,
JAM3,ENSG00000166086,0.551361449553344,0.34454468239591,0.813107875178504,0.000755369047958355,missense|LC,11134068823,11,134068823,
COX5A,ENSG00000178741,0.551377131365745,0.42611843837923,0.383863384295468,-0.000460990351485237,missense|LC,15074923638,15,74923638,
ATP1A2,ENSG00000018625,0.551382276441483,0.549157802634137,0.355810619037688,0.00028102058566372,missense|LC,1160115754,1,160115754,
CERS5,ENSG00000139624,0.551420753860468,0.715978896085946,0.389761857660298,-0.000174772608172472,missense|LC,12050130479,12,50130479,
FER,ENSG00000151422,0.551453277159773,0.383853351376399,0.698648515482741,-0.000401233328197136,missense|LC,5108798145,5,108798145,
CBX8,ENSG00000141570,0.551456375863157,0.371740723676018,0.814930073653229,0.000374494078551532,missense|LC,17079794577,17,79794577,
NXPH1,ENSG00000122584,0.551479923748763,0.547396500835346,0.345731943314045,-0.000911181598527803,missense|LC,7008435650,7,8435650,
CD1D,ENSG00000158473,0.551545857114427,0.398770369439821,0.341805420307022,0.000719905519699548,missense|LC,1158175842,1,158175842,
ZNF888,ENSG00000213793,0.551645959689626,0.973249750214362,0.350258845310613,-0.0000129181487636407,missense|LC,19052906049,19,52906049,
PRAMEF11,ENSG00000239810,0.551751710342253,0.582619491316943,0.381144933280104,0.000104957601884438,missense|LC,1012824804,1,12824804,
MRPL50,ENSG00000136897,0.551811133734,0.373894158931655,0.986969926075023,0.000591501701391434,missense|LC,9101389395,9,101389395,
BAIAP2L2,ENSG00000128298,0.551856738425144,0.841022431544726,0.345873392242832,-0.0000912135936238157,missense|LC,22038080709,22,38080709,
SRBD1,ENSG00000068784,0.551968955172421,0.923888669036235,0.364778120839228,0.0000296652136401331,missense|LC,2045389223,2,45389223,
PRPF3,ENSG00000117360,0.551978826735166,0.344265687662099,0.482018267870339,-0.00108453540885882,missense|LC,1150324840,1,150324840,
GRM1,ENSG00000152822,0.552077725015932,0.849426680196173,0.34567271474021,0.000100846826542442,missense|LC,6146029473,6,146029473,
RHBDF1,ENSG00000007384,0.5521467671769,0.984737656959705,0.371101207433657,0.00000490745007343995,missense|LC,16000053292,16,53292,
PARP4,ENSG00000102699,0.55217641314238,0.410797147085587,0.360546760531348,0.000151127475060637,missense|LC,13024420989,13,24420989,
LEAP2,ENSG00000164406,0.552187921638894,0.941035528052071,0.382581402954698,0.000094373865409159,missense|LC,5132873647,5,132873647,
TULP1,ENSG00000112041,0.552492112050315,0.876667633074384,0.356261064355138,-0.0000678884507955253,missense|LC,6035498192,6,35498192,
TMC2,ENSG00000149488,0.552501286650104,0.362443621017822,0.493889497191281,0.000327399897428831,missense|LC,20002536529,20,2536529,
OTOR,ENSG00000125879,0.552510372321747,0.347072765326816,0.885863104474835,-0.00141516486657706,missense|LC,20016748374,20,16748374,
OR4A47,ENSG00000237388,0.552543066602427,0.654025038248823,0.36504141167747,-0.000173207653215776,missense|LC,11048488760,11,48488760,
AL672142.1,ENSG00000251184,0.552609500781731,0.553717147691682,0.369504340386551,-0.00116473637927733,missense|LC,9128936482,9,128936482,
LARGE1,ENSG00000133424,0.552633301348494,0.427283004844753,0.357942253946564,-0.000353410299456893,missense|LC,22033274356,22,33274356,
YIF1A,ENSG00000174851,0.552637336182426,0.352627727535399,0.792195685549286,-0.000690225851864567,missense|LC,11066282202,11,66282202,
ABHD16A,ENSG00000204427,0.552693567887222,0.634743796813345,0.35736187186292,-0.00028653353233691,missense|LC,6031683854,6,31683854,
ANKRD29,ENSG00000154065,0.552841614819231,0.345602153714277,0.436293901643374,0.00065352861053027,missense|LC,18023601158,18,23601158,
SNAPC5,ENSG00000174446,0.552863186519665,0.395622362987975,0.437748875214054,-0.000668210591913056,missense|LC,15066489170,15,66489170,
RNF138,ENSG00000134758,0.552978514362415,0.344122968156863,0.720766477602882,-0.00173263821012201,missense|LC,18032092739,18,32092739,
PRPF39,ENSG00000185246,0.553014341771407,0.542728291389169,0.388942049810088,0.000306545542237773,missense|LC,14045095183,14,45095183,
SIRT2,ENSG00000068903,0.55321218508602,0.535816849553511,0.402180913934014,0.000219144854127146,missense|LC,19038873863,19,38873863,
CD247,ENSG00000198821,0.553288964156409,0.350072674654764,0.883158175804577,0.00120539602988374,missense|LC,1167431640,1,167431640,
MMP25,ENSG00000008516,0.553322009843826,0.907832480780991,0.352552922122976,0.0000494962831114776,missense|LC,16003046877,16,3046877,
TPH1,ENSG00000129167,0.553334048042155,0.716603222729712,0.358586911148082,0.00016584880813193,missense|LC,11018012564,11,18012564,
GUF1,ENSG00000151806,0.553444908689464,0.626903034522494,0.374806952810342,-0.000172273341992162,missense|LC,4044678555,4,44678555,
AUNIP,ENSG00000127423,0.553530104946937,0.542247378778939,0.347590304125841,0.000493595847487064,missense|LC,1025826915,1,25826915,
MPLKIP,ENSG00000168303,0.553561907094412,0.971161305473933,0.347335560035317,-0.0000400794363642209,missense|LC,7040133000,7,40133000,
PBX4,ENSG00000105717,0.553577074562373,0.534946174723033,0.363261736425302,-0.000283650815771293,missense|LC,19019561952,19,19561952,
MRPL21,ENSG00000197345,0.553597600843939,0.843144833841718,0.358749032147568,0.000140277345246385,missense|LC,11068891257,11,68891257,
UGT3A2,ENSG00000168671,0.5536194928294,0.797991211994051,0.352948755624294,-0.00016338151973257,missense|LC,5036035564,5,36035564,
MIXL1,ENSG00000185155,0.553659672997511,0.831502456139578,0.35326064096048,0.000168960042796607,missense|LC,1226223572,1,226223572,
PCYT1B,ENSG00000102230,0.553699491096066,0.374982756178042,0.357302556073874,0.00112817470195045,missense|LC,23024562036,X,24562036,
RPS29,ENSG00000213741,0.553728259953175,0.356913435968256,0.483849401082634,-0.00306687663320498,missense|LC,14049577762,14,49577762,
POU1F1,ENSG00000064835,0.553751919610551,0.50071366311629,0.383998067558098,-0.000471103359028641,missense|LC,3087259841,3,87259841,
POTEH,ENSG00000198062,0.55375280588384,0.935754298371158,0.349600813350996,0.0000578527105433197,missense|LC,22015689959,22,15689959,
VGF,ENSG00000128564,0.553768758134611,0.907563006465121,0.348669444904135,-0.0000633976148894819,missense|LC,7101157512,7,101157512,
MAN2A1,ENSG00000112893,0.553784892754811,0.567610154118124,0.343174248367537,-0.000263034180516564,missense|LC,5109690334,5,109690334,
HMGXB4,ENSG00000100281,0.554010553061103,0.346881312783358,0.429110440201641,-0.00073976654118374,missense|LC,22035262314,22,35262314,
SYT3,ENSG00000213023,0.554054734020784,0.880898675101201,0.343371065813853,-0.00010094135475339,missense|LC,19050625044,19,50625044,
CCNE1,ENSG00000105173,0.554116294880934,0.607192073056485,0.366021205346408,0.00028676770923774,missense|LC,19029812452,19,29812452,
ADAP2,ENSG00000184060,0.554236068135998,0.346513016736023,0.36280108323962,0.000884622513869156,missense|LC,17030921936,17,30921936,
LHX2,ENSG00000106689,0.554303943109028,0.422909312758447,0.590360461074946,-0.000438767160458698,missense|LC,9124012234,9,124012234,
STK11IP,ENSG00000144589,0.554328005877536,0.359004717957647,0.779967395462663,-0.000287112592558573,missense|LC,2219597822,2,219597822,
TMPPE,ENSG00000188167,0.554373659795316,0.388003730518505,0.565185857293618,-0.000446903189153829,missense|LC,3033090317,3,33090317,
BPIFB4,ENSG00000186191,0.554446604027944,0.693499720253824,0.351352823493006,-0.000188528707103746,missense|LC,20033081368,20,33081368,
CARTPT,ENSG00000164326,0.554508837094741,0.499076103684649,0.410901049687035,0.000390643419113148,missense|LC,5071719181,5,71719181,
LRRC61,ENSG00000127399,0.554510838101099,0.960025330164198,0.390759149767963,-0.000030952479543177,missense|LC,7150330687,7,150330687,
CUL9,ENSG00000112659,0.554525238404174,0.925771533470436,0.357212732520128,-0.000016355046847492,missense|LC,6043178203,6,43178203,
EHD1,ENSG00000110047,0.554618472602513,0.776466825485626,0.344692851109655,-0.000192670865520286,missense|LC,11064854174,11,64854174,
DHX58,ENSG00000108771,0.554675733549504,0.35594892214121,0.548025625670378,-0.000399314563334122,missense|LC,17042101634,17,42101634,
NCKIPSD,ENSG00000213672,0.554677629506827,0.358828267193251,0.548442691971876,0.000352890503450988,missense|LC,3048673758,3,48673758,
APBB2,ENSG00000163697,0.554689316010902,0.909975548800726,0.346740168987425,0.000101041650763747,missense|LC,4040806975,4,40806975,
HS3ST5,ENSG00000249853,0.554809589029781,0.379476707389741,0.879624415131296,0.000475766749229659,missense|LC,6114057231,6,114057231,
THAP6,ENSG00000174796,0.554860445025073,0.687701519708076,0.387901049325426,-0.000169340320819938,missense|LC,4075514046,4,75514046,
PARG,ENSG00000227345,0.554946623175078,0.357362844223163,0.440232658239071,0.000339932372256136,missense|LC,10049819285,10,49819285,
BHLHB9,ENSG00000198908,0.555035474704331,0.421629211678186,0.388677701089945,0.00030814638167447,missense|LC,23102715746,X,102715746,
ARMCX5-GPRASP2,ENSG00000286237,0.555035474704331,0.421629211678186,0.388677701089945,0.00030814638167447,missense|LC,23102714753,X,102714753,
CIAO2B,ENSG00000166595,0.555097715338347,0.353028311401867,0.490468762358655,-0.00118535184451088,missense|LC,16066932154,16,66932154,
SRARP,ENSG00000183888,0.555230122183486,0.363266100258267,0.956382525250244,0.000768566927344146,missense|LC,1016004237,1,16004237,
TUBE1,ENSG00000074935,0.555239371449717,0.573795716529448,0.369561904254816,-0.000274657863793362,missense|LC,6112066893,6,112066893,
LYPLA2,ENSG00000011009,0.555290968390103,0.346068264965615,0.592754525668157,-0.00164867077343874,missense|LC,1023786314,1,23786314,
SKIDA1,ENSG00000180592,0.555450193165679,0.34849193858389,0.415017991952329,-0.000223601407873205,missense|LC,10021514962,10,21514962,
AUH,ENSG00000148090,0.555519499038432,0.347135461515149,0.606211219336817,0.000740407521499244,missense|LC,9091214287,9,91214287,
ATP5MC2,ENSG00000135390,0.555597181670095,0.897574803354263,0.386466590848037,-0.000123183391125447,missense|LC,12053665253,12,53665253,
RARS2,ENSG00000146282,0.55562476789736,0.353808930552965,0.83185444931538,0.000506021649754442,missense|LC,6087508962,6,87508962,
CBX3,ENSG00000122565,0.555722684655153,0.371767246656556,0.425118788200458,0.00174609908565182,missense|LC,7026196349,7,26196349,
NPIPB7,ENSG00000233232,0.555748742401153,0.413978639728047,0.432397407200115,0.000407611240594345,missense|LC,16028456807,16,28456807,
HAUS2,ENSG00000137814,0.555749462791984,0.409206198061978,0.451943951683297,0.000718425992999603,missense|LC,15042544026,15,42544026,
DBF4,ENSG00000006634,0.555778429382268,0.65834951214327,0.373884249641773,0.000138451025406309,missense|LC,7087876642,7,87876642,
USP39,ENSG00000168883,0.555814476059443,0.695990841221253,0.36039455094869,-0.000249948362371192,missense|LC,2085611189,2,85611189,
RAB3A,ENSG00000105649,0.555862361150427,0.883564785566556,0.366667005711872,-0.000201703293322262,missense|LC,19018193179,19,18193179,
NOP58,ENSG00000055044,0.55591754008937,0.464372510077963,0.381518588514746,-0.000355813626446465,missense|LC,2202265859,2,202265859,
MAP7D2,ENSG00000184368,0.556000922839126,0.386180876959439,0.335236646584419,0.000481168928149133,missense|LC,23020010743,X,20010743,
GRAMD4,ENSG00000075240,0.556017133912446,0.428851284249206,0.367505758241507,0.000405143104145781,missense|LC,22046620238,22,46620238,
ECHS1,ENSG00000127884,0.556018561834488,0.341004789687807,0.640179196259437,-0.000823275332049467,missense|LC,10133357850,10,133357850,
C1orf158,ENSG00000157330,0.556094586601326,0.499645307184354,0.400341412898084,-0.000403613928401487,missense|LC,1012746376,1,12746376,
DRC3,ENSG00000171962,0.556121788658386,0.37245108959103,0.637427905088468,-0.000379176562548276,missense|LC,17017972151,17,17972151,
ABHD17C,ENSG00000136379,0.55614476904901,0.949176965390902,0.37149048145061,-0.000076552509628481,missense|LC,15080695346,15,80695346,
CHSY1,ENSG00000131873,0.556187752512538,0.987495834079668,0.368347278897557,0.00000356789231489786,missense|LC,15101177316,15,101177316,
TTLL1,ENSG00000100271,0.55620489040634,0.342548561227255,0.487729157005321,-0.000862699237868817,missense|LC,22043039646,22,43039646,
ZFP14,ENSG00000142065,0.556218958387183,0.406327677454549,0.788612675025778,-0.000396793233342745,missense|LC,19036340124,19,36340124,
ZBTB11,ENSG00000066422,0.556248479430139,0.360307275900205,0.640250650815191,0.000391830097502245,missense|LC,3101651066,3,101651066,
SP110,ENSG00000135899,0.556286185080104,0.758240256924058,0.372566501233568,0.000120863351516307,missense|LC,2230169115,2,230169115,
SNTA1,ENSG00000101400,0.55630149977366,0.65182669502162,0.386455736383042,-0.000171821994624334,missense|LC,20033408470,20,33408470,
RAPGEF4,ENSG00000091428,0.556363715245162,0.536401545109999,0.357790064647971,-0.000428004060204053,missense|LC,2172735894,2,172735894,
ZCCHC24,ENSG00000165424,0.556380398502749,0.391936169697118,0.861740451424662,0.000846450090161076,missense|LC,10079386275,10,79386275,
MSRA,ENSG00000175806,0.55653029583196,0.343607831403549,0.478458094028682,-0.000777214516992639,missense|LC,8010054417,8,10054417,
OR10K1,ENSG00000173285,0.556591049877814,0.349459810862432,0.441861168981073,0.000754772567692116,missense|LC,1158465507,1,158465507,
SLC29A1,ENSG00000112759,0.55666625398803,0.408172070049043,0.373391574791051,-0.000421646684201568,missense|LC,6044219628,6,44219628,
SYNDIG1,ENSG00000101463,0.556672205127083,0.766928588243125,0.345804030903893,-0.000275769059331494,missense|LC,20024542973,20,24542973,
RAD54L,ENSG00000085999,0.556771266745998,0.496437716092209,0.365599421584767,0.000243658887132253,missense|LC,1046248308,1,46248308,
DPYSL2,ENSG00000092964,0.556854793489927,0.902958134977799,0.346674960875459,0.000105474569236443,missense|LC,8026514242,8,26514242,
SMAD6,ENSG00000137834,0.556882352957552,0.645090313165694,0.37085891059733,-0.000190649048997987,missense|LC,15066703186,15,66703186,
CTNNA3,ENSG00000183230,0.556905833708197,0.37043441535811,0.451991564303104,0.001031186357058,missense|LC,10065920269,10,65920269,
EGFL6,ENSG00000198759,0.55695775952079,0.399659168069888,0.749503296219967,0.000335943441278976,missense|LC,23013569801,X,13569801,
GRHL1,ENSG00000134317,0.556967709427212,0.967712679581539,0.345108136142091,-0.0000279485314518159,missense|LC,2009951748,2,9951748,
SLC25A51,ENSG00000122696,0.557074579064893,0.353622899708241,0.504610489896805,-0.000912220979306544,missense|LC,9037885735,9,37885735,
EFR3A,ENSG00000132294,0.557107905615958,0.766599037549044,0.34306983958706,-0.000208681483214941,missense|LC,8131904184,8,131904184,
MYADM,ENSG00000179820,0.55711058671074,0.354977159704984,0.944478700366969,-0.000712468343247863,missense|LC,19053873437,19,53873437,
DGAT1,ENSG00000185000,0.557127684611924,0.952795778456618,0.35272023133783,0.0000345423296191859,missense|LC,8144309588,8,144309588,
MRTFB,ENSG00000186260,0.557268487170231,0.359947403253898,0.696685536200205,0.000348077862843095,missense|LC,16014140494,16,14140494,
HOMER1,ENSG00000152413,0.55729205265102,0.698264872005103,0.399641975929312,0.000334258267398351,missense|LC,5079375974,5,79375974,
DFFA,ENSG00000160049,0.557305371432337,0.406397188340207,0.368354962119904,0.000315581185765206,missense|LC,1010451523,1,10451523,
SLC11A1,ENSG00000018280,0.557387353806247,0.364392164868852,0.419353422931421,0.000346503978164594,missense|LC,2218382273,2,218382273,
UBE2C,ENSG00000175063,0.557509232545998,0.487763295732627,0.441278576547813,-0.000423326524068953,missense|LC,20045809054,20,45809054,
SHC1,ENSG00000160691,0.557532308134112,0.653807489729082,0.382982148055576,-0.000226563506561822,missense|LC,1154958715,1,154958715,
SERPINA3,ENSG00000196136,0.557586892491101,0.373109882006773,0.449327880425648,-0.000398420757082676,missense|LC,14094612340,14,94612340,
LIPF,ENSG00000182333,0.557632278405316,0.385231147513383,0.939224855103019,-0.000618953109461608,missense|LC,10088665483,10,88665483,
SGO1,ENSG00000129810,0.557654246646149,0.362941481379158,0.363010054740593,0.000491096339369067,missense|LC,3020160979,3,20160979,
HRK,ENSG00000135116,0.557812606349394,0.435628818248029,0.349661457576153,0.00169916422066429,missense|LC,12116851837,12,116851837,
SBSN,ENSG00000189001,0.557816693575714,0.964672266529481,0.348827128582888,-0.0000209304018293581,missense|LC,19035523433,19,35523433,
TAF4,ENSG00000130699,0.557851603818789,0.356129006529647,0.448599098489536,-0.00178282475708964,missense|LC,20061976083,20,61976083,
SENP3-EIF4A1,ENSG00000277957,0.557862816000053,0.570767006432337,0.350276054743094,0.000426206867675481,missense|LC,17007558927,17,7558927,
SEMA6D,ENSG00000137872,0.557896323352747,0.972433205172482,0.364938652432637,0.0000156283274520801,missense|LC,15047730149,15,47730149,
C4orf48,ENSG00000243449,0.557910348970386,0.598520545925731,0.349385839195562,-0.00082992730123092,missense|LC,4002041924,4,2041924,
ZPBP2,ENSG00000186075,0.557915908996155,0.779892114598187,0.383338077350937,-0.000167215353416614,missense|LC,17039864021,17,39864021,
ATP2B2,ENSG00000157087,0.55792438315627,0.590713555845427,0.37313221619525,0.000243863893513659,missense|LC,3010319066,3,10319066,
MRPL34,ENSG00000130312,0.557931109939166,0.413295627022874,0.557366178433765,-0.000489447604747324,missense|LC,19017300742,19,17300742,
SLC35G3,ENSG00000164729,0.557935844616125,0.535828999033417,0.37278171925521,-0.000326459249294604,missense|LC,17035191155,17,35191155,
LILRB2,ENSG00000131042,0.55798136230127,0.770823566364501,0.370688340397699,-0.0000596550659827129,missense|LC,19054274521,19,54274521,
CNTNAP3C,ENSG00000283378,0.557994147702694,0.365352619157077,0.487059273722037,-0.00299167796618775,missense|LC,9061330806,9,61330806,
USP53,ENSG00000145390,0.558034185019432,0.86563361604308,0.366771884179664,-0.0000533519674250162,missense|LC,4119239665,4,119239665,
CCDC88A,ENSG00000115355,0.558043485115879,0.345833590002473,0.402062194324693,0.000443726605077852,missense|LC,2055291680,2,55291680,
FIG4,ENSG00000112367,0.558086620721874,0.884348323748347,0.353806126727172,-0.0000827586018085912,missense|LC,6109691374,6,109691374,
OR2B6,ENSG00000124657,0.558127191162283,0.456690669604308,0.404843105322283,0.000370446960989611,missense|LC,6027957234,6,27957234,
PLEKHD1,ENSG00000175985,0.558174373977941,0.897172128196692,0.357298958162083,0.0000734923716687428,missense|LC,14069484854,14,69484854,
ETV4,ENSG00000175832,0.558204372088698,0.371241875145072,0.778278985971167,-0.000330564815569953,missense|LC,17043523490,17,43523490,
TOPAZ1,ENSG00000173769,0.558232038856752,0.346361865870054,0.824010010957842,-0.000295998018340318,missense|LC,3044241973,3,44241973,
IL10RB,ENSG00000243646,0.55825028179821,0.353307268607683,0.857408484637327,0.000815199117529785,missense|LC,21033262686,21,33262686,
RPA1,ENSG00000132383,0.558390771516776,0.344964659308218,0.536252412427425,0.000615926082709876,missense|LC,17001827737,17,1827737,
PKIB,ENSG00000135549,0.558404218873592,0.377404773590317,0.381674802464018,0.00135812512295518,missense|LC,6122471605,6,122471605,
ACCSL,ENSG00000205126,0.558456808472624,0.368976882037305,0.764715878731721,0.000388578693120393,missense|LC,11044047927,11,44047927,
SLC43A3,ENSG00000134802,0.558521868713896,0.350247327259877,0.468714791482507,-0.000731233363759041,missense|LC,11057407770,11,57407770,
SPATA25,ENSG00000149634,0.55856935766474,0.8358456781626,0.379173899992382,0.000100023782486522,missense|LC,20045882488,20,45882488,
TMEM108,ENSG00000144868,0.558602177783534,0.409291550353552,0.344137383508838,-0.000456495296078419,missense|LC,3133229237,3,133229237,
HS3ST4,ENSG00000182601,0.558671913924809,0.360202642316459,0.59420434718545,-0.00060864629157555,missense|LC,16025692406,16,25692406,
AC116366.2,ENSG00000283782,0.558719675235087,0.348365896020434,0.931543177552868,-0.000346357616027654,missense|LC,5132483847,5,132483847,
RBM43,ENSG00000184898,0.558721287336809,0.687236856391233,0.374073922405524,0.000209520173496295,missense|LC,2151250862,2,151250862,
EFEMP1,ENSG00000115380,0.558800961507637,0.708030844758902,0.362638644957278,0.000267811858875472,missense|LC,2055866975,2,55866975,
PTCD2,ENSG00000049883,0.558814912205089,0.350604446886546,0.685569925924887,0.000815752861810735,missense|LC,5072320070,5,72320070,
CIART,ENSG00000159208,0.558871578798267,0.372445849044482,0.871983485298768,0.000506010904545709,missense|LC,1150279570,1,150279570,
GRIP2,ENSG00000144596,0.558905888287591,0.968788922176616,0.358938763162427,-0.0000106924393030256,missense|LC,3014484783,3,14484783,
ADGRE3,ENSG00000131355,0.558965060914438,0.37152292495627,0.41882324528258,0.000279719415554206,missense|LC,19014619406,19,14619406,
UQCC2,ENSG00000137288,0.55899605879809,0.676307288230078,0.352729011763427,-0.000935730997395887,missense|LC,6033691772,6,33691772,
ASB16,ENSG00000161664,0.559064551401143,0.963210876112121,0.37126281168948,-0.000014566282251183,missense|LC,17044170699,17,44170699,
B3GNT5,ENSG00000176597,0.559146951664173,0.520759623929967,0.352962597802998,0.000607482369147524,missense|LC,3183269723,3,183269723,
OR51T1,ENSG00000176900,0.559183366184306,0.400113716212198,0.673134260083512,0.000340818363426754,missense|LC,11004881846,11,4881846,
OR5H15,ENSG00000233412,0.559192332891594,0.920193344855173,0.359245910106516,-0.0000315641103005857,missense|LC,3098168588,3,98168588,
OASL,ENSG00000135114,0.559312397255059,0.36025472731647,0.575254943104684,-0.000498341879520935,missense|LC,12121016206,12,121016206,
AIP,ENSG00000110711,0.559339865956638,0.832752551567629,0.37332682848848,-0.000116805199394922,missense|LC,11067483088,11,67483088,
NDOR1,ENSG00000188566,0.559356285459131,0.359858723960298,0.930543784374646,0.00030400682956117,missense|LC,9137200677,9,137200677,
PBX1,ENSG00000185630,0.559366154094894,0.364070738358611,0.750139429499662,0.00116556450598312,missense|LC,1164559765,1,164559765,
NBPF1,ENSG00000219481,0.559404832630184,0.355944880548279,0.633998884218796,0.00030759134857741,missense|LC,1016565526,1,16565526,
SOST,ENSG00000167941,0.559544205235031,0.560392630242113,0.351214606548085,0.000751091859758666,missense|LC,17043755257,17,43755257,
DRAM2,ENSG00000156171,0.559565376946838,0.441354563866233,0.36976725014203,-0.000605663557416757,missense|LC,1111118091,1,111118091,
ACBD6,ENSG00000230124,0.559577502341176,0.342234541935544,0.903760779370821,0.00106477174096741,missense|LC,1180266317,1,180266317,
TRAF7,ENSG00000131653,0.559583937984818,0.841523085421739,0.346004994350166,-0.000147240862487621,missense|LC,16002151452,16,2151452,
CBWD5,ENSG00000147996,0.559589412472952,0.830213729220895,0.398043489554127,-0.000118950852031185,missense|LC,9065675870,9,65675870,
NECAB1,ENSG00000123119,0.559663512897969,0.803567663261383,0.398125862378441,0.000147953593789087,missense|LC,8090791824,8,90791824,
LACC1,ENSG00000179630,0.559730546285696,0.710771929022249,0.417228948908554,-0.000216661331045847,missense|LC,13043880931,13,43880931,
AANAT,ENSG00000129673,0.559784375905306,0.659392049977257,0.36524402928537,-0.000224964286043092,missense|LC,17076452623,17,76452623,
HYKK,ENSG00000188266,0.559858881363041,0.842015243726568,0.383717395507298,-0.0000968611640051595,missense|LC,15078513077,15,78513077,
LIMK2,ENSG00000182541,0.559892792422843,0.371126071249711,0.391070542383677,0.000392788592259044,missense|LC,22031248499,22,31248499,
CCDC167,ENSG00000198937,0.55992745785976,0.384297015042268,0.628790942709617,0.00116322294041799,missense|LC,6037478369,6,37478369,
NXNL1,ENSG00000171773,0.560030383815268,0.385009399243377,0.868711281904149,0.000323641532373337,missense|LC,19017455631,19,17455631,
DENR,ENSG00000139726,0.560075652883607,0.431411503858227,0.591595149032793,0.000775193078674674,missense|LC,12122753648,12,122753648,
GPR33,ENSG00000214943,0.560099019894062,0.47490333465185,0.36841150446769,-0.00046310029571028,missense|LC,14031482899,14,31482899,
AL020996.2,ENSG00000255054,0.560117470338084,0.796770938052251,0.362766721428643,0.00122020376767236,missense|LC,1025808974,1,25808974,
LMBRD2,ENSG00000164187,0.560179918088542,0.708964540719881,0.370765911462448,-0.00022398723437843,missense|LC,5036104007,5,36104007,
TTC28,ENSG00000100154,0.560184261065808,0.914476584722182,0.368167469113193,0.0000329691750638335,missense|LC,22027982129,22,27982129,
DSG2,ENSG00000046604,0.560303766527647,0.367862149009378,0.442679833359877,-0.000249358222542539,missense|LC,18031498138,18,31498138,
ADH5,ENSG00000197894,0.560336146500534,0.835296959892194,0.356158512984163,-0.000149323661082909,missense|LC,4099072343,4,99072343,
SLC4A1AP,ENSG00000163798,0.560341075832497,0.615574441416091,0.348758734264874,0.00030624400649164,missense|LC,2027660857,2,27660857,
KCNMB3,ENSG00000171121,0.56039185209108,0.523120530168922,0.38685194336438,-0.000502289586019683,missense|LC,3179242776,3,179242776,
Z83844.1,ENSG00000100101,0.56044924821609,0.346500053773633,0.653667943879688,0.000931702362982985,missense|LC,22037686304,22,37686304,
LRRC8D,ENSG00000171492,0.560483717361655,0.598484236108853,0.349641148176888,-0.000512949268389108,missense|LC,1089932996,1,89932996,
MYOM3,ENSG00000142661,0.560580600397635,0.986743422016757,0.346309321626472,0.00000375591192385136,missense|LC,1024057274,1,24057274,
GSG1,ENSG00000111305,0.560763454332633,0.499951396863148,0.349744241017908,-0.000545796434606394,missense|LC,12013079824,12,13079824,
BRIX1,ENSG00000113460,0.560819288827009,0.365812023760945,0.405872262451269,0.000714130129740824,missense|LC,5034911447,5,34911447,
CD44,ENSG00000026508,0.560882144248613,0.411964478769922,0.380404370336924,0.000305499329778446,missense|LC,11035139246,11,35139246,
FAM205A,ENSG00000205108,0.560910465196804,0.413186837563398,0.359475494854162,-0.00018562172265747,missense|LC,9034723119,9,34723119,
MEIOB,ENSG00000162039,0.560968263723418,0.434699633640686,0.362598491121951,-0.000460477722052949,missense|LC,16001828985,16,1828985,
GIPC1,ENSG00000123159,0.561008994667391,0.386689079224746,0.586559370425853,-0.000470454633539617,missense|LC,19014472766,19,14472766,
RAB14,ENSG00000119396,0.561022872287934,0.774160099803741,0.355377650791849,0.00105049146381668,missense|LC,9121173173,9,121173173,
CASP14,ENSG00000105141,0.561030007539638,0.565560338710692,0.362390477037873,-0.000324345241470706,missense|LC,19015052155,19,15052155,
PIGR,ENSG00000162896,0.561067938821468,0.480639020151503,0.354275561938715,0.000265255068477596,missense|LC,1206930248,1,206930248,
GRIP1,ENSG00000155974,0.561113040726164,0.350154002978487,0.377124278863532,0.000350654105147605,missense|LC,12066349011,12,66349011,
ATP6V1C1,ENSG00000155097,0.56113486264869,0.348573831554515,0.358792499726439,0.00120041756144019,missense|LC,8103040724,8,103040724,
SF3B3,ENSG00000189091,0.561196771106305,0.63716645739639,0.378096509010201,0.000289222865239777,missense|LC,16070519607,16,70519607,
LRSAM1,ENSG00000148356,0.561202601564311,0.458365144247452,0.370037097909392,0.000254214743690566,missense|LC,9127447620,9,127447620,
PPIAL4G,ENSG00000236334,0.561229295000381,0.535447457932637,0.356976106455076,-0.000614369231065653,missense|LC,1148482579,1,148482579,
KLK12,ENSG00000186474,0.561262325737638,0.364394235403759,0.552944742400873,0.000548907551210503,missense|LC,19051024155,19,51024155,
CUZD1,ENSG00000138161,0.561297329048166,0.378814934596793,0.657673281908348,0.000333630178866614,missense|LC,10122832193,10,122832193,
STK26,ENSG00000134602,0.561362002294257,0.418378308242295,0.961415229595903,0.000394248464513092,missense|LC,23132023534,X,132023534,
TTC30B,ENSG00000196659,0.561369260912995,0.379945850326914,0.465241702561606,-0.000287391637730878,missense|LC,2177550696,2,177550696,
PRR18,ENSG00000176381,0.561389453431289,0.362950229035594,0.493732012052899,0.000432096654168163,missense|LC,6166307143,6,166307143,
RAB1B,ENSG00000174903,0.561415300946559,0.350876263019393,0.487683472670183,-0.00181574512280656,missense|LC,11066263640,11,66263640,
CTNND2,ENSG00000169862,0.56143306473768,0.508385799710372,0.353550761987822,0.00093720186172414,missense|LC,5010973354,5,10973354,
SLC17A3,ENSG00000124564,0.561503146156963,0.921813102294873,0.348606362517565,-0.0000646112969764332,missense|LC,6025845288,6,25845288,
LNPEP,ENSG00000113441,0.561513562050221,0.375584372294045,0.383305123310153,-0.000572054630907675,missense|LC,5096936054,5,96936054,
SYNE4,ENSG00000181392,0.561594708834655,0.362533053542323,0.698294283999073,-0.000451179176438649,missense|LC,19036003080,19,36003080,
LAMP1,ENSG00000185896,0.561610481530856,0.571498340034254,0.352442134153414,0.000376165790723302,missense|LC,13113297446,13,113297446,
SACM1L,ENSG00000211456,0.561621489971254,0.455801200848011,0.405118164381083,0.000338683861717512,missense|LC,3045689349,3,45689349,
MAGI3,ENSG00000081026,0.561636257556226,0.370582900522627,0.662231329458861,0.000306570907838501,missense|LC,1113390948,1,113390948,
SMG1,ENSG00000157106,0.561828987827677,0.778576828148033,0.341487675653014,0.0000733272928109956,missense|LC,16018801101,16,18801101,
HES7,ENSG00000179111,0.561905183454859,0.353549331538412,0.590160952389988,0.00080084997099928,missense|LC,17008115596,17,8115596,
PRODH2,ENSG00000250799,0.561913151526511,0.36626875188493,0.857191256547507,-0.000438350182013545,missense|LC,19035799948,19,35799948,
FCGR2B,ENSG00000072694,0.561919298476018,0.787709187342528,0.377059104664096,0.000137480216409442,missense|LC,1161671242,1,161671242,
MORC3,ENSG00000159256,0.562141236190631,0.543222045868461,0.369712628003148,0.000306433246275029,missense|LC,21036320156,21,36320156,
ZNF181,ENSG00000197841,0.562228881813344,0.535307936137556,0.383669567519397,0.000260552710286034,missense|LC,19034734945,19,34734945,
PRELID3A,ENSG00000141391,0.562256308310232,0.370811113245121,0.497977586214117,0.00114201201582702,missense|LC,18012407872,18,12407872,
NBPF3,ENSG00000142794,0.562331156590044,0.378673966072346,0.407019515460056,-0.000263700347242912,missense|LC,1021435316,1,21435316,
MYADML2,ENSG00000185105,0.562406016612582,0.976998699815632,0.386130382285397,-0.0000120392469268311,missense|LC,17081934652,17,81934652,
ZNF577,ENSG00000161551,0.562790492254919,0.426117391989091,0.565880867731093,-0.00022772648000521,missense|LC,19051872470,19,51872470,
CD3G,ENSG00000160654,0.562864705833918,0.412565352799161,0.55049940197161,0.000533489737735103,missense|LC,11118339345,11,118339345,
CDC20B,ENSG00000164287,0.562958386508521,0.382930820160013,0.523966896396816,-0.000434945861549266,missense|LC,5055108335,5,55108335,
PADI4,ENSG00000159339,0.563004021997082,0.361660158983588,0.566491906345166,-0.000272426841992327,missense|LC,1017308173,1,17308173,
SCAMP2,ENSG00000140497,0.563015342897192,0.802423759615727,0.39488811504856,0.0001129446725814,missense|LC,15074838731,15,74838731,
BRI3BP,ENSG00000184992,0.563055240363381,0.370058315339916,0.808639963009221,-0.00102482798280334,missense|LC,12124988861,12,124988861,
UAP1L1,ENSG00000197355,0.563172197605194,0.949843325190614,0.365967291531038,-0.0000274792716128558,missense|LC,9137077414,9,137077414,
TSHZ2,ENSG00000182463,0.563198200961618,0.405966603464166,0.769152633255044,-0.0155246713120472,missense|LC,20052973177,20,52973177,
BMPER,ENSG00000164619,0.563246043911858,0.397939482609594,0.497272236363554,0.000558003163354582,missense|LC,7033905541,7,33905541,
SLC7A9,ENSG00000021488,0.563263632307709,0.866182600643554,0.368924443067897,-0.000074304176964243,missense|LC,19032826060,19,32826060,
MARCHF3,ENSG00000173926,0.563321840498706,0.722512156319926,0.349627432461966,0.00036222469191476,missense|LC,5126870558,5,126870558,
OR14A16,ENSG00000196772,0.563329423138078,0.368397027640563,0.629311012148777,0.000718184770324443,missense|LC,1247814776,1,247814776,
PPP1R26,ENSG00000196422,0.563340376549149,0.356519238720306,0.379601946134778,-0.000236410245571927,missense|LC,9135484434,9,135484434,
KBTBD7,ENSG00000120696,0.563372748537281,0.387030075880706,0.365836687048483,-0.000600800613304657,missense|LC,13041192117,13,41192117,
MTERF1,ENSG00000127989,0.563419560736542,0.55597395578049,0.374320160846219,0.000276198492635014,missense|LC,7091873523,7,91873523,
RCE1,ENSG00000173653,0.563469173799885,0.35406376771424,0.607638115490729,0.000809850635152328,missense|LC,11066838443,11,66838443,
TUBGCP4,ENSG00000137822,0.563522560565766,0.370371637984903,0.812917882684423,-0.00052366629206808,missense|LC,15043366095,15,43366095,
SLC35G6,ENSG00000259224,0.563562357592481,0.363841308795396,0.352598118611474,0.000590250713347494,missense|LC,17007481335,17,7481335,
SERTAD2,ENSG00000179833,0.563564443180925,0.654188939018611,0.396448798719618,-0.000214744369873813,missense|LC,2064635878,2,64635878,
CCDC153,ENSG00000248712,0.563682309025454,0.394667592655444,0.701205266728876,-0.000485072912563699,missense|LC,11119185396,11,119185396,
MXI1,ENSG00000119950,0.563702814649933,0.407120425022334,0.458704659582277,0.000450591712046115,missense|LC,10110207720,10,110207720,
TMEM221,ENSG00000188051,0.56381165717536,0.376765316161665,0.730475769764025,0.000325635963913262,missense|LC,19017436367,19,17436367,
PTPRJ,ENSG00000149177,0.563892070927082,0.943460452018276,0.398520793366931,0.0000708288792618504,missense|LC,11047980476,11,47980476,
CLPTM1L,ENSG00000049656,0.563903173776524,0.35957413242406,0.846805689732287,0.000497832485009492,missense|LC,5001318328,5,1318328,
AGTRAP,ENSG00000177674,0.56398376115921,0.395784244585015,0.818666808198749,-0.000742734066958445,missense|LC,1011736082,1,11736082,
OCA2,ENSG00000104044,0.564047534761176,0.369381124210854,0.690538928718379,0.000332331015224321,missense|LC,15027755356,15,27755356,
PLD4,ENSG00000166428,0.564098704700502,0.358714079421916,0.429626776146021,0.000542841877000402,missense|LC,14104927054,14,104927054,
DUT,ENSG00000128951,0.564158804757998,0.680038369915527,0.401706141443379,-0.000244060519142205,missense|LC,15048331027,15,48331027,
S1PR1,ENSG00000170989,0.564257173089753,0.361595744563863,0.361223050959993,-0.00116842068578778,missense|LC,1101238896,1,101238896,
SMARCAD1,ENSG00000163104,0.564275327433736,0.362823563792471,0.741537321051071,-0.000590267253647624,missense|LC,4094208316,4,94208316,
B4GALT5,ENSG00000158470,0.564285545067037,0.354741898816463,0.822611035234468,-0.00121481170312658,missense|LC,20049636208,20,49636208,
PPM1L,ENSG00000163590,0.564311478156416,0.419336823200796,0.949815232509471,-0.000558067344020864,missense|LC,3160756211,3,160756211,
GBP5,ENSG00000154451,0.56431871006885,0.488575324677752,0.386228447774178,-0.000313734078843632,missense|LC,1089260683,1,89260683,
PARD3,ENSG00000148498,0.56438063288916,0.368808860037239,0.681859054000593,-0.000292411547111735,missense|LC,10034111082,10,34111082,
STRBP,ENSG00000165209,0.564424627898108,0.820662918238692,0.356582550350913,0.000223800931356847,missense|LC,9123122256,9,123122256,
CAD,ENSG00000084774,0.564479150933798,0.992152847934942,0.35682465019122,6.47252141327042e-7,missense|LC,2027212370,2,27212370,
DNAJB11,ENSG00000090520,0.56459164468225,0.690156717886768,0.351504902610812,-0.000548909410020526,missense|LC,3186563880,3,186563880,
KRTCAP2,ENSG00000163463,0.564648704401412,0.870578190498331,0.367893307264925,-0.000266980798634269,missense|LC,1155169327,1,155169327,
CDC23,ENSG00000094880,0.564660092394248,0.96190304758852,0.423931289591314,0.0000224230335024636,missense|LC,5138182654,5,138182654,
NDUFB8,ENSG00000166136,0.564702556073517,0.3590910936766,0.558785626586736,-0.00111317304204972,missense|LC,10100523775,10,100523775,
SLC39A1,ENSG00000143570,0.564805776516295,0.361397089227603,0.631623240014645,0.000881646941115915,missense|LC,1153954206,1,153954206,
NOP2,ENSG00000111641,0.564833573904178,0.831137652182204,0.376287325166351,-0.0000651179215199746,missense|LC,12006555182,12,6555182,
KRTAP13-2,ENSG00000182816,0.564887719309938,0.628813790184435,0.370457491381077,-0.000289270814997846,missense|LC,21030371610,21,30371610,
NUP160,ENSG00000030066,0.564920864898697,0.986360493067141,0.35716802766081,-0.0000049179709522564,missense|LC,11047779073,11,47779073,
VTN,ENSG00000109072,0.564932125102278,0.967785430707712,0.377671973546052,0.0000168676035086178,missense|LC,17028364188,17,28364188,
ZSWIM6,ENSG00000130449,0.565010486730423,0.703368292574506,0.366427676970718,-0.000100830893892725,missense|LC,5061332145,5,61332145,
CAMK1,ENSG00000134072,0.565083751366294,0.98695439117873,0.365377662146873,-0.00000905857088609196,missense|LC,3009754615,3,9754615,
DEPDC7,ENSG00000121690,0.565114910030728,0.403197397260868,0.442497152021255,0.0004578173176068,missense|LC,11033015872,11,33015872,
PTBP3,ENSG00000119314,0.565265980601509,0.364758846614591,0.56207296681924,0.000643683496778351,missense|LC,9112220015,9,112220015,
XRCC5,ENSG00000079246,0.565277590661811,0.389734874095781,0.724347506224489,0.00050151862743595,missense|LC,2216109000,2,216109000,
PPP1R2B,ENSG00000231989,0.565294861910014,0.527627985143146,0.355635440444591,0.00089010057065659,missense|LC,5156850448,5,156850448,
GHR,ENSG00000112964,0.56532003767745,0.977663738379655,0.370932924345625,-0.0000115427429215264,missense|LC,5042424519,5,42424519,
TRGJP,ENSG00000211691,0.565323283207371,0.475174337832149,0.496641419066748,0.00116749227892306,missense|LC,7038273544,7,38273544,
TRIM43B,ENSG00000144010,0.565394518554266,0.360414308483384,0.354280818958333,-0.00102754721720185,missense|LC,2095480172,2,95480172,
FAM180A,ENSG00000189320,0.565450907551234,0.352749141544627,0.454768838646695,-0.00114409867852742,missense|LC,7135727280,7,135727280,
AC073283.3,ENSG00000273269,0.565463964048284,0.656871297302133,0.359070624646359,0.000821384957812416,missense|LC,2047060941,2,47060941,
TIMM17A,ENSG00000134375,0.565546316696148,0.376295183394483,0.746702920004377,0.00118704039251946,missense|LC,1201955430,1,201955430,
PIM3,ENSG00000198355,0.565600154624866,0.362814234952613,0.563268321060028,-0.000760934925309541,missense|LC,22049960851,22,49960851,
BTN1A1,ENSG00000124557,0.565704757398088,0.363352932008167,0.861873340421488,-0.000517331134601275,missense|LC,6026501236,6,26501236,
RPL27A,ENSG00000166441,0.565755971300498,0.360958866162509,0.772937152627353,-0.00173279241047743,missense|LC,11008682712,11,8682712,
CHRM4,ENSG00000180720,0.565795374579596,0.844816353030737,0.355285661687736,-0.000156056045672007,missense|LC,11046381962,11,46381962,
ZNF853,ENSG00000236609,0.565869243460717,0.378512240479463,0.592302948699507,0.000269575406253199,missense|LC,7006616083,7,6616083,
DPF1,ENSG00000011332,0.565870849693994,0.383088714385972,0.464409220315366,-0.00064573593887469,missense|LC,19038211963,19,38211963,
ZNF286A,ENSG00000187607,0.565945911480502,0.376405014063621,0.623114575104409,0.000448778596009048,missense|LC,17015701087,17,15701087,
AC005324.4,ENSG00000255104,0.565945911480502,0.376405014063621,0.623114575104409,0.000448778596009048,missense|LC,17015701087,17,15701087,
SNRPD1,ENSG00000167088,0.565994554966736,0.374895150525962,0.50257110613905,-0.00343970541249529,missense|LC,18021612362,18,21612362,
MED20,ENSG00000124641,0.566025372039016,0.663851351129503,0.379073718485857,-0.00033517292406747,missense|LC,6041907008,6,41907008,
SAAL1,ENSG00000166788,0.566041534270718,0.36538677407371,0.540136456922559,0.000563947782737656,missense|LC,11018080379,11,18080379,
CNEP1R1,ENSG00000205423,0.566064820836748,0.361973074394844,0.764197537531891,0.00255552266416045,missense|LC,16050025225,16,50025225,
CCRL2,ENSG00000121797,0.566196957650927,0.431940713822923,0.363301076395987,0.000514178828992742,missense|LC,3046407607,3,46407607,
ARHGAP1,ENSG00000175220,0.566229061459939,0.590902331796549,0.407640238895847,0.000254247788971104,missense|LC,11046672120,11,46672120,
LETMD1,ENSG00000050426,0.566330641243603,0.703583163746199,0.378939024680451,-0.000196839144468246,missense|LC,12051048248,12,51048248,
C16orf78,ENSG00000166152,0.566457157840447,0.384437610734916,0.807077921250934,-0.000357939977769238,missense|LC,16049373833,16,49373833,
RGS1,ENSG00000090104,0.566503023132304,0.694679121832465,0.364457833020557,-0.000398694557109987,missense|LC,1192575665,1,192575665,
CCNG1,ENSG00000113328,0.566624486690849,0.369605920966657,0.606040811451867,-0.000677016951021242,missense|LC,5163439188,5,163439188,
SOCS4,ENSG00000180008,0.566663713847738,0.368348643987076,0.472034213242741,0.000441123284788665,missense|LC,14055026646,14,55026646,
IMMP2L,ENSG00000184903,0.566741033923501,0.363173772162102,0.544122035844332,-0.00162330354986124,missense|LC,7110663534,7,110663534,
TINAGL1,ENSG00000142910,0.566892592481837,0.741887694439621,0.360984310580134,0.000204329663630081,missense|LC,1031577066,1,31577066,
C10orf53,ENSG00000178645,0.566932225048094,0.406928940305926,0.766077341337896,-0.000597623108568436,missense|LC,10049679603,10,49679603,
HSF1,ENSG00000185122,0.566939170069996,0.357238813826026,0.693944711466442,-0.000611948518014215,missense|LC,8144289010,8,144289010,
DQX1,ENSG00000144045,0.566966247040743,0.548081307148629,0.366188908530951,0.000352381484268129,missense|LC,2074514111,2,74514111,
HSPB9,ENSG00000260325,0.566984104307368,0.500311268000515,0.384836749627502,-0.000659774051759501,missense|LC,17042117812,17,42117812,
CASP6,ENSG00000138794,0.567014542921695,0.357453546238803,0.509479248917691,0.00106275404761588,missense|LC,4109684378,4,109684378,
CBX1,ENSG00000108468,0.567029871910902,0.445041414359349,0.363658730630666,0.00222161784388286,missense|LC,17048071346,17,48071346,
H4C3,ENSG00000197061,0.567110805958551,0.958093669161976,0.385579040650892,-0.0000712423108867019,missense|LC,6026103876,6,26103876,
KCNH8,ENSG00000183960,0.567124744258428,0.871466961475045,0.374902611064388,0.0000551748329227016,missense|LC,3019148650,3,19148650,
TUBAL3,ENSG00000178462,0.567259970972766,0.365012811651478,0.521157547911987,0.000346484596955546,missense|LC,10005393444,10,5393444,
KLHL14,ENSG00000197705,0.567262370493061,0.368396503664569,0.789266952409753,0.000598456961001683,missense|LC,18032677092,18,32677092,
CDKN2AIP,ENSG00000168564,0.567307062675393,0.353590874017337,0.806847681328842,0.000800756510071428,missense|LC,4183444699,4,183444699,
TCEAL6,ENSG00000204071,0.567428094044291,0.361774137891321,0.961247266510594,-0.00125698348741866,missense|LC,23102140648,X,102140648,
PCDHB4,ENSG00000081818,0.56749307832599,0.44486116273283,0.366924004094003,0.000245403873314412,missense|LC,5141121958,5,141121958,
NUP85,ENSG00000125450,0.5675538592442,0.375398638236409,0.611561353514196,0.000364377664106181,missense|LC,17075205666,17,75205666,
LRRC8B,ENSG00000197147,0.567599932708876,0.701414254943611,0.373379686464217,-0.000269652759907804,missense|LC,1089582605,1,89582605,
LY6H,ENSG00000176956,0.567632581135405,0.965330710474408,0.388299161659749,-0.0000422999450551402,missense|LC,8143158200,8,143158200,
SSTR2,ENSG00000180616,0.56764331356302,0.690934099466023,0.351698089585378,-0.000404225620012134,missense|LC,17073169207,17,73169207,
NDUFV1,ENSG00000167792,0.567750254436229,0.769070892602002,0.353011742022758,0.000185273570069376,missense|LC,11067606909,11,67606909,
RNH1,ENSG00000023191,0.567783599950259,0.746099680041012,0.381470556714348,0.000131746143392782,missense|LC,11000489522,11,489522,
BDKRB1,ENSG00000100739,0.567785006330648,0.372499978199942,0.524385369997404,-0.000346183847926559,missense|LC,14096263576,14,96263576,
TBC1D15,ENSG00000121749,0.5678914868456,0.352164080868798,0.745066876387536,-0.000693666299089268,missense|LC,12071839656,12,71839656,
RFXANK,ENSG00000064490,0.567904106936893,0.357356484053619,0.914977336515637,-0.000757720262195501,missense|LC,19019191986,19,19191986,
PRRT1,ENSG00000204314,0.568062347858019,0.705643592709332,0.393211372439739,0.00036073706739416,missense|LC,6032149147,6,32149147,
CSH1,ENSG00000136488,0.568149088902499,0.685930773198352,0.363081923504763,0.000406034930755238,missense|LC,17063894868,17,63894868,
MMP7,ENSG00000137673,0.568160906206846,0.970880686657627,0.35795101667671,0.000031592227935978,missense|LC,11102520726,11,102520726,
SOX8,ENSG00000005513,0.568164960956155,0.473699219801552,0.377242039055503,0.000277735605697854,missense|LC,16000981846,16,981846,
GCA,ENSG00000115271,0.568169140479759,0.44220261102517,0.74598450843229,-0.000513826906284179,missense|LC,2162344164,2,162344164,
CDH10,ENSG00000040731,0.568308189230507,0.375769958501372,0.412854400667064,0.000538622373312309,missense|LC,5024487578,5,24487578,
SLC10A7,ENSG00000120519,0.568387515504139,0.466229142744145,0.420256238146102,-0.000415474848790563,missense|LC,4146256493,4,146256493,
APOBEC2,ENSG00000124701,0.56841693731089,0.834138787201809,0.406684910402543,0.0000947618105395042,missense|LC,6041053305,6,41053305,
FGF5,ENSG00000138675,0.568475387621097,0.379555338322182,0.403262169262639,0.000496881958488033,missense|LC,4080266756,4,80266756,
TSLP,ENSG00000145777,0.568492935295515,0.373475845325867,0.946590163459892,-0.00112227628399573,missense|LC,5111071356,5,111071356,
PYDC1,ENSG00000169900,0.568519683119783,0.674348552996249,0.360637670898548,-0.00104885602653557,missense|LC,16031214619,16,31214619,
ZNF444,ENSG00000167685,0.568568357180922,0.377897908393079,0.752005224524328,0.000525168182451099,missense|LC,19056146820,19,56146820,
GLT8D1,ENSG00000016864,0.56870035124902,0.896513562898472,0.357393204062054,-0.000124857469429716,missense|LC,3052690578,3,52690578,
SARM1,ENSG00000004139,0.568721677994957,0.573562065649553,0.366196820149937,0.000260500107268088,missense|LC,17028367329,17,28367329,
EBLN2,ENSG00000255423,0.568936285950376,0.387417238975382,0.831596433573338,-0.000563284446130706,missense|LC,3073059022,3,73059022,
C11orf58,ENSG00000110696,0.568957923037767,0.533212781824564,0.354105153709055,-0.0014358772400061,missense|LC,11016738694,11,16738694,
AL445524.2,ENSG00000287856,0.568998505757628,0.361873077606308,0.586625519682597,-0.003149964770123,missense|LC,1231366321,1,231366321,
H3C13,ENSG00000183598,0.569023982681214,0.361429355567971,0.455358952161839,0.00146453611976932,missense|LC,1149811879,1,149811879,
TFF1,ENSG00000160182,0.56903832823006,0.691679618352518,0.373381562365546,-0.000631263902456631,missense|LC,21042362391,21,42362391,
MPND,ENSG00000008382,0.569073526993704,0.770579319044677,0.400098239022704,0.000144453920642822,missense|LC,19004338600,19,4338600,
SEPHS1,ENSG00000086475,0.569130020905351,0.67819460909199,0.364262689911319,-0.000667340661508407,missense|LC,10013319065,10,13319065,
KCMF1,ENSG00000176407,0.56942897817458,0.822320691280785,0.439925932543805,0.00482695510656983,missense|LC,2084971366,2,84971366,
GPR107,ENSG00000148358,0.569491462913807,0.374024770586706,0.857354895285083,0.000539441084101548,missense|LC,9130053851,9,130053851,
ALOX5,ENSG00000012779,0.569497613875058,0.469926656192638,0.349311373850713,-0.000449705219698336,missense|LC,10045374133,10,45374133,
PNMA5,ENSG00000198883,0.569639120313359,0.375016095899199,0.371096510443132,0.000470894937105517,missense|LC,23152990097,X,152990097,
C19orf57,ENSG00000132016,0.569734183240519,0.849244607801132,0.385662627776046,0.0000552697146018867,missense|LC,19013877355,19,13877355,
C2orf76,ENSG00000186132,0.569749309449192,0.376712686071043,0.798449832125804,-0.00150465668538447,missense|LC,2119302495,2,119302495,
TRIM10,ENSG00000204613,0.570004893235476,0.395487803008917,0.47489956717376,-0.000270021262135419,missense|LC,6030146943,6,30146943,
DSEL,ENSG00000171451,0.570169597840329,0.919398124474995,0.367361964335158,-0.0000348281495846059,missense|LC,18067510906,18,67510906,
KCNK5,ENSG00000164626,0.570244588069748,0.498775303322816,0.386096425388322,0.000237579238786681,missense|LC,6039190789,6,39190789,
SERTAD4,ENSG00000082497,0.570255090488222,0.806911437594706,0.380462644836985,0.0000952932416508907,missense|LC,1210237888,1,210237888,
MKS1,ENSG00000011143,0.570332928163374,0.371251853281645,0.694088588580978,0.000309405068721597,missense|LC,17058200443,17,58200443,
PTPN21,ENSG00000070778,0.570437943644949,0.905539653330515,0.368556727025682,-0.0000389774564869175,missense|LC,14088468037,14,88468037,
TAAR5,ENSG00000135569,0.570486463338364,0.814352271591727,0.376941215070834,0.0000813052940987401,missense|LC,6132588581,6,132588581,
OR10A4,ENSG00000170782,0.570486794470816,0.37100850503094,0.961712719159631,0.000470310831828695,missense|LC,11006876624,11,6876624,
PHLDB2,ENSG00000144824,0.57053031432196,0.376982365505468,0.597028718613837,-0.000260995260114795,missense|LC,3111859097,3,111859097,
ZNF557,ENSG00000130544,0.570530369933757,0.365459852243033,0.699377452075624,0.000589735996787388,missense|LC,19007074934,19,7074934,
OR1S1,ENSG00000280204,0.570591047467511,0.580028676265026,0.376064650765898,-0.000208034336678785,missense|LC,11058214680,11,58214680,
KRTAP4-2,ENSG00000244537,0.57066949413325,0.793953320724127,0.37211738825007,0.000303360274180306,missense|LC,17041177624,17,41177624,
ZNF106,ENSG00000103994,0.570883488501888,0.962956061973908,0.358583090364353,0.0000143177469394351,missense|LC,15042408180,15,42408180,
SSRP1,ENSG00000149136,0.570948254774664,0.631244491550756,0.390303232595894,-0.000229485505713258,missense|LC,11057321686,11,57321686,
MCTP2,ENSG00000140563,0.570967508347129,0.359388792418987,0.51337126796904,0.00039834356177844,missense|LC,15094298212,15,94298212,
CTRL,ENSG00000141086,0.57098368767484,0.954511515271442,0.363059424074101,0.0000482933403515873,missense|LC,16067927242,16,67927242,
NXPE4,ENSG00000137634,0.570991303532783,0.39058830129439,0.504982945231065,-0.000299181973778063,missense|LC,11114570895,11,114570895,
WDR63,ENSG00000162643,0.571051181070963,0.38400006421346,0.884303594151987,-0.000321550518791509,missense|LC,1085071868,1,85071868,
RRH,ENSG00000180245,0.571058307534747,0.934924095133776,0.390863469885475,0.0000290472405880536,missense|LC,4109823939,4,109823939,
KIF17,ENSG00000117245,0.571065819905226,0.512947223869521,0.357503115584688,-0.000178719901727568,missense|LC,1020660863,1,20660863,
OR10T2,ENSG00000186306,0.571231315607271,0.879459892094472,0.370176743155145,-0.0000762345478913696,missense|LC,1158398491,1,158398491,
NCAPG2,ENSG00000146918,0.571250464914845,0.377487465223388,0.590162477020898,-0.00022422207221425,missense|LC,7158639813,7,158639813,
TAFA2,ENSG00000198673,0.571306032381186,0.419377626383651,0.472873408978045,-0.000697146341228126,missense|LC,12061710339,12,61710339,
NDUFS7,ENSG00000115286,0.571323485545628,0.931092582969935,0.356730905990048,0.000109091352326128,missense|LC,19001383572,19,1383572,
CRACR2B,ENSG00000177685,0.571498598553046,0.63817459237959,0.356286214557051,0.000259354777631605,missense|LC,11000823459,11,823459,
SNTN,ENSG00000188817,0.571622997058025,0.359514757940405,0.480356160895695,0.00136953528678766,missense|LC,3063652631,3,63652631,
CD164L2,ENSG00000174950,0.571664915276824,0.368991844454165,0.456818325591663,0.000992883121132685,missense|LC,1027374322,1,27374322,
OR10G3,ENSG00000169208,0.571708001908282,0.405522770247576,0.458311992613575,-0.000386741184975753,missense|LC,14021563974,14,21563974,
MRPS18B,ENSG00000204568,0.571878421248537,0.632723419938673,0.368949174993426,-0.000394310221014106,missense|LC,6030617540,6,30617540,
AC023055.1,ENSG00000257390,0.57195940307194,0.369680235582951,0.546447216432277,-0.000756872981574184,missense|LC,12055757448,12,55757448,
TBL3,ENSG00000183751,0.572014911465516,0.744896116579222,0.375485677102089,-0.0000863621464083062,missense|LC,16001967154,16,1967154,
ESR1,ENSG00000091831,0.572047561556128,0.853687914644652,0.390146901608526,-0.0000650759606966477,missense|LC,6151807852,6,151807852,
IP6K3,ENSG00000161896,0.572060027973119,0.372086355474377,0.64846317000663,0.000321495590633843,missense|LC,6033722683,6,33722683,
TAS2R39,ENSG00000236398,0.572125286395525,0.531303818575562,0.379150392870197,-0.000440361505609851,missense|LC,7143183360,7,143183360,
CENPU,ENSG00000151725,0.5722190611992,0.362137153191028,0.793056655449087,0.000568269299930122,missense|LC,4184691481,4,184691481,
C2CD5,ENSG00000111731,0.572333685791234,0.878980706882689,0.359055411897683,-0.0000957653001253532,missense|LC,12022449693,12,22449693,
TMEM74B,ENSG00000125895,0.572344796785644,0.983574881019346,0.396546903601948,-0.00000800885272738473,missense|LC,20001180713,20,1180713,
LGR6,ENSG00000133067,0.572355526132225,0.922340168864222,0.377511622749958,-0.0000322253075213465,missense|LC,1202193931,1,202193931,
KRTAP29-1,ENSG00000212658,0.57246583284058,0.383910193570248,0.732539686664325,0.000560477765359075,missense|LC,17041301739,17,41301739,
EFCAB12,ENSG00000172771,0.572560223319037,0.609783946646434,0.384652687861787,0.000176820742170975,missense|LC,3129397057,3,129397057,
STAT2,ENSG00000170581,0.572571388669264,0.399249001420761,0.829467151818277,0.000366606873944036,missense|LC,12056338961,12,56338961,
KLHL12,ENSG00000117153,0.57257779628119,0.934298251640163,0.365320241669338,0.0000715636490046834,missense|LC,1202888834,1,202888834,
H2AP,ENSG00000187516,0.57277423714914,0.447642929396877,0.380535633164111,0.000689900545685866,missense|LC,23037990730,X,37990730,
SCN1B,ENSG00000105711,0.572852781486868,0.408774269195609,0.757139442051763,0.000425638099240487,missense|LC,19035026045,19,35026045,
CCL27,ENSG00000213927,0.57290203869415,0.380899797562191,0.45117145998322,-0.00123670992461562,missense|LC,9034656894,9,34656894,
NUP107,ENSG00000111581,0.573015566920456,0.812312957832178,0.37714968082391,0.0000864593905478292,missense|LC,12068686972,12,68686972,
OR2T34,ENSG00000183310,0.573041292247667,0.389132728814042,0.886337151048162,-0.000432689679077434,missense|LC,1248573975,1,248573975,
RGS4,ENSG00000117152,0.573107522351622,0.364307075319992,0.455304634275836,-0.000951031833584643,missense|LC,1163068901,1,163068901,
CSAG1,ENSG00000198930,0.573124463203557,0.382412368121587,0.863625634798291,0.000683702172712746,missense|LC,23152727718,X,152727718,
TOR1AIP2,ENSG00000169905,0.573145451926983,0.374608169328607,0.367842587902582,-0.000812289439443172,missense|LC,1179845998,1,179845998,
PTP4A2,ENSG00000184007,0.573255261699862,0.77249298346554,0.36507183123155,-0.000683003580286577,missense|LC,1031908821,1,31908821,
ZBTB43,ENSG00000169155,0.573319195753559,0.384554841904914,0.865081116608722,0.000478200986227041,missense|LC,9126832410,9,126832410,
PRR35,ENSG00000161992,0.573331840419763,0.559689391875552,0.387078911045355,0.000165127298878662,missense|LC,16000559369,16,559369,
OR6A2,ENSG00000184933,0.573355919273489,0.383286726548794,0.658511438055667,-0.000411830906309217,missense|LC,11006794616,11,6794616,
AP2A2,ENSG00000183020,0.573401199370528,0.587088470021693,0.384228885379839,0.000297835882694668,missense|LC,11000925946,11,925946,
THOC5,ENSG00000100296,0.573403748131778,0.682561431887033,0.402736793328371,0.000205489077794408,missense|LC,22029508391,22,29508391,
SLC41A2,ENSG00000136052,0.57345421474401,0.35952340918953,0.945373498856788,0.0008464695391118,missense|LC,12104805078,12,104805078,
SORCS1,ENSG00000108018,0.573521867749402,0.479350656863983,0.353268257676937,-0.000364222127926654,missense|LC,10106577138,10,106577138,
DHRS7C,ENSG00000184544,0.573560907329496,0.375392340601245,0.410224144689776,0.000816240810919003,missense|LC,17009771381,17,9771381,
PDIK1L,ENSG00000175087,0.573595788990867,0.360957509432852,0.603208168199249,0.00180226667210153,missense|LC,1026114213,1,26114213,
AC015802.6,ENSG00000284526,0.573712134694538,0.384347122033009,0.629407700724657,-0.00209204768927196,missense|LC,17076566009,17,76566009,
HSCB,ENSG00000100209,0.573712161375758,0.975850179036419,0.400256392335971,-0.0000177240513324282,missense|LC,22028741998,22,28741998,
SFXN3,ENSG00000107819,0.573741424000096,0.414104018308712,0.416325223878802,-0.000478210723916003,missense|LC,10101029910,10,101029910,
ATRAID,ENSG00000138085,0.573831987647305,0.665496867386178,0.393142575827076,-0.000229622413825072,missense|LC,2027207171,2,27207171,
CABP4,ENSG00000175544,0.574004801780899,0.364346652296716,0.511158661598179,-0.000602814406148119,missense|LC,11067451252,11,67451252,
ANKRD16,ENSG00000134461,0.574047574708446,0.496123255236102,0.370360537965547,0.000440402013684607,missense|LC,10005862532,10,5862532,
SV2A,ENSG00000159164,0.574101088858403,0.549598910722338,0.35122316450248,-0.000401524011116524,missense|LC,1149899946,1,149899946,
CYP2U1,ENSG00000155016,0.574170392439272,0.80927703520268,0.375405110360904,0.000111032874279381,missense|LC,4107931523,4,107931523,
ATP6V1B1,ENSG00000116039,0.574189214363403,0.362381260986408,0.452911941521551,0.00042295916826908,missense|LC,2070932703,2,70932703,
APOA5,ENSG00000110243,0.574284449326258,0.371768343065093,0.710513285560424,0.000747745176160061,missense|LC,11116784373,11,116784373,
ZNF22,ENSG00000165512,0.574291753454104,0.944133629613094,0.382888842561418,0.0000819083855711282,missense|LC,10045000319,10,45000319,
SLC35G4,ENSG00000236396,0.574303663190886,0.989375236256775,0.387050540340073,0.00000186873084553868,missense|LC,18011609453,18,11609453,
RPS3A,ENSG00000145425,0.574391331186288,0.395892604426798,0.744059384597381,0.0012964233586904,missense|LC,4151099582,4,151099582,
COL8A2,ENSG00000171812,0.574507744522996,0.371740770945356,0.945854055595929,-0.000349541699894135,missense|LC,1036091178,1,36091178,
ZNF576,ENSG00000124444,0.574630806509766,0.373938103408272,0.674727756403257,0.000860368940888593,missense|LC,19043591939,19,43591939,
RADIL,ENSG00000157927,0.574655538700559,0.369186646492558,0.485496893912077,-0.000206799654366686,missense|LC,7004799299,7,4799299,
FAM166A,ENSG00000188163,0.574760777010063,0.366117623405235,0.375041542704182,0.000441048178971673,missense|LC,9137241245,9,137241245,
MBL2,ENSG00000165471,0.574793033045674,0.682616950311092,0.360576882454118,-0.00042045627778087,missense|LC,10052768021,10,52768021,
BBS7,ENSG00000138686,0.574852837529718,0.865420168271094,0.370071721655406,-0.000096913162296556,missense|LC,4121819331,4,121819331,
SLC6A11,ENSG00000132164,0.575097246618976,0.516813189582452,0.366416903995945,0.000444474555614243,missense|LC,3010816152,3,10816152,
C5orf24,ENSG00000181904,0.575260303467756,0.3641623061627,0.705341633358085,-0.00216264956148802,missense|LC,5134854812,5,134854812,
PFN2,ENSG00000070087,0.575269570981827,0.382704195203269,0.55152478941516,-0.00257191390539255,missense|LC,3149960034,3,149960034,
DDX49,ENSG00000105671,0.575385551266338,0.721251191411875,0.382378860808687,-0.000139903940038664,missense|LC,19018919131,19,18919131,
RPL34,ENSG00000109475,0.575503212222109,0.872659479706197,0.413722623389964,-0.000276664386871377,missense|LC,4108621924,4,108621924,
WFDC2,ENSG00000101443,0.57554195888148,0.503196298476512,0.387960148851183,-0.00119161458395191,missense|LC,20045469704,20,45469704,
TCP1,ENSG00000120438,0.575574892385983,0.836045316665702,0.354590576969764,0.000187427250869237,missense|LC,6159775071,6,159775071,
AGAP6,ENSG00000204149,0.575614902850009,0.372133870259774,0.542550785133381,0.00108865456274395,missense|LC,10049987546,10,49987546,
PDGFA,ENSG00000197461,0.575639941282425,0.500735679935446,0.3796037862865,0.000449813564422446,missense|LC,7000498486,7,498486,
PGAM5,ENSG00000247077,0.575731914228606,0.35912056547553,0.812320747180549,-0.00090152518449883,missense|LC,12132710788,12,132710788,
GPT2,ENSG00000166123,0.575737050911611,0.361110541789435,0.370657353326428,0.000803251833223842,missense|LC,16046884578,16,46884578,
ZNF722P,ENSG00000241149,0.575761044253596,0.441230749229925,0.691068158791472,0.0026906605271572,missense|LC,7063998877,7,63998877,
GATM,ENSG00000171766,0.575782072490521,0.373778661244821,0.654538876013467,-0.000755589089432448,missense|LC,15045362093,15,45362093,
RPL36AL,ENSG00000165502,0.575839461191263,0.55691140760203,0.368729478058738,-0.00187573941755786,missense|LC,14049614170,14,49614170,
DRP2,ENSG00000102385,0.57590219356707,0.648955565872029,0.370919076724139,0.000202298417297609,missense|LC,23101231617,X,101231617,
ARSH,ENSG00000205667,0.576002315016666,0.38213537607589,0.656828382917817,0.000206853776000903,missense|LC,23003006577,X,3006577,
CD248,ENSG00000174807,0.576055393476276,0.766226721076124,0.383401676465712,-0.0000864685955379737,missense|LC,11066314691,11,66314691,
TXNRD2,ENSG00000184470,0.576062443826304,0.368832837686646,0.478867532698516,0.000336518848594667,missense|LC,22019876975,22,19876975,
SLC44A3,ENSG00000143036,0.576079365915541,0.382222276437516,0.692516536459385,0.000500474023908383,missense|LC,1094820317,1,94820317,
USP8,ENSG00000138592,0.576112270167503,0.366024878197661,0.985134962256592,0.000530568127946466,missense|LC,15050439042,15,50439042,
CLVS2,ENSG00000146352,0.576180219120072,0.366264384746045,0.653763431689782,0.00269501287682476,missense|LC,6122997695,6,122997695,
APPBP2,ENSG00000062725,0.576220416171816,0.459270655735848,0.38755992313455,-0.000571797619603494,missense|LC,17060447478,17,60447478,
CNBP,ENSG00000169714,0.576298653533307,0.683790825015346,0.432370731287131,0.000495536854546846,missense|LC,3129170397,3,129170397,
RHOT1,ENSG00000126858,0.576435929361287,0.371447332723284,0.523313465498895,-0.000725660255611143,missense|LC,17032142610,17,32142610,
ERGIC3,ENSG00000125991,0.576494003142946,0.892827977366673,0.363349022628602,-0.000146999578426542,missense|LC,20035542001,20,35542001,
DDX55,ENSG00000111364,0.5765086489921,0.372509500682152,0.803029546295608,0.00042093171992625,missense|LC,12123602083,12,123602083,
TOMM7,ENSG00000196683,0.576612013422176,0.484887043756335,0.404087598106059,-0.00104801239219724,missense|LC,7022813091,7,22813091,
KLHL17,ENSG00000187961,0.576659725222384,0.992448134357766,0.36221087100188,3.10299468861647e-7,missense|LC,1000955867,1,955867,
CTNNB1,ENSG00000168036,0.57668037968862,0.880642042205638,0.389946621208595,0.000115546649178063,missense|LC,3041223992,3,41223992,
PLAT,ENSG00000104368,0.576684910602579,0.384248250731132,0.610558712145045,0.000394000782087634,missense|LC,8042175919,8,42175919,
C2orf49,ENSG00000135974,0.576698678682516,0.365452470208377,0.641920147170613,-0.00105538695966348,missense|LC,2105337398,2,105337398,
CDK17,ENSG00000059758,0.576761645359926,0.979017028550824,0.371102283835836,0.0000228236528219411,missense|LC,12096280159,12,96280159,
ITGAD,ENSG00000156886,0.576778665969698,0.849038867603285,0.399007084605137,0.0000333719474524386,missense|LC,16031393271,16,31393271,
KHDRBS1,ENSG00000121774,0.576781760038995,0.84814140415706,0.353365993247313,0.000271624989539712,missense|LC,1032013892,1,32013892,
CPNE5,ENSG00000124772,0.576785039363207,0.383479148966003,0.745461461082519,-0.000478889025340019,missense|LC,6036742216,6,36742216,
METTL22,ENSG00000067365,0.576885163022931,0.413987816509917,0.389443805126775,-0.000360265522057537,missense|LC,16008625579,16,8625579,
OSR1,ENSG00000143867,0.576929084205172,0.41468698967373,0.546021491631358,0.000713952314124409,missense|LC,2019352173,2,19352173,
MYO3B,ENSG00000071909,0.577012744522763,0.381725071257748,0.947133406214192,0.000182777952828355,missense|LC,2170178190,2,170178190,
NDST1,ENSG00000070614,0.577126142564613,0.376031282294797,0.782637371226519,-0.000429003607910298,missense|LC,5150521182,5,150521182,
AMY1A,ENSG00000237763,0.577146520832147,0.66624176530298,0.45017940637233,0.000219242457260867,missense|LC,1103660374,1,103660374,
ATG16L2,ENSG00000168010,0.577162276475523,0.37593411601138,0.376087951634331,-0.000426036729486988,missense|LC,11072814387,11,72814387,
ADGRB3,ENSG00000135298,0.57724989304164,0.744553090376788,0.356874271928092,0.000217499462909637,missense|LC,6068638581,6,68638581,
SPATA2,ENSG00000158480,0.577285814053764,0.700675132467579,0.368900912727141,0.000183530851486543,missense|LC,20049905518,20,49905518,
C16orf72,ENSG00000182831,0.577315829376942,0.652530481622262,0.40310908628727,0.000312656979767258,missense|LC,16009091957,16,9091957,
ASTL,ENSG00000188886,0.577317583995856,0.531430075625104,0.394134374160247,-0.000285291364228013,missense|LC,2096123858,2,96123858,
DDX24,ENSG00000089737,0.577399638065532,0.377279541148323,0.370195641133514,-0.00033412013294426,missense|LC,14094043905,14,94043905,
NPIPB5,ENSG00000243716,0.577497074454148,0.393083408281011,0.390816314710804,-0.00138960657793332,missense|LC,16022533980,16,22533980,
PLAAT2,ENSG00000133328,0.577502188871825,0.402366993900983,0.494951007692302,0.000742082227860544,missense|LC,11063552939,11,63552939,
AHI1,ENSG00000135541,0.577667744044668,0.68256024375553,0.380183803862721,0.000117696873749924,missense|LC,6135285565,6,135285565,
BTBD16,ENSG00000138152,0.577783904722499,0.566083637389263,0.368001370727612,-0.000324012605555896,missense|LC,10122275005,10,122275005,
MCRS1,ENSG00000187778,0.577820771192891,0.990099431318058,0.382867646062049,-0.00000452821885470059,missense|LC,12049554283,12,49554283,
ARHGDIA,ENSG00000141522,0.577845594850253,0.369547268161244,0.693673947988658,-0.000820869393524489,missense|LC,17081868271,17,81868271,
YY2,ENSG00000230797,0.577849890075562,0.367415645673495,0.810658222349741,-0.000728376090306145,missense|LC,23021851502,X,21851502,
ZNF155,ENSG00000204920,0.577894425688593,0.375446775179917,0.474422115115565,0.000410514233356841,missense|LC,19043988446,19,43988446,
OR10AG1,ENSG00000174970,0.577916887736775,0.769270609193712,0.401628247054976,-0.000144753237220327,missense|LC,11055967523,11,55967523,
KIAA1958,ENSG00000165185,0.577979198286717,0.358662400673685,0.624282619595466,0.0006792442905387,missense|LC,9112574047,9,112574047,
PIAS4,ENSG00000105229,0.577993949175664,0.619305487648146,0.367232275838139,-0.000267847051083089,missense|LC,19004007665,19,4007665,
TIMM8A,ENSG00000126953,0.578065272915214,0.395055962584679,0.895043091643388,0.00270663443048298,missense|LC,23101345601,X,101345601,
CCDC3,ENSG00000151468,0.57814691056338,0.698787924173022,0.373225146937368,0.000321462591163057,missense|LC,10012898326,10,12898326,
PANK4,ENSG00000157881,0.578299322772424,0.873136897604735,0.363245000702813,0.0000918114267179622,missense|LC,1002503953,1,2503953,
TTBK1,ENSG00000146216,0.578315431008127,0.379764947707862,0.977598327220019,0.000207070269591339,missense|LC,6043246601,6,43246601,
TCF23,ENSG00000163792,0.578323875329231,0.388690323211442,0.541161461726909,0.000517882025432507,missense|LC,2027149054,2,27149054,
MYEF2,ENSG00000104177,0.578365319603826,0.385430771857922,0.914602204229159,0.000465354683138859,missense|LC,15048134204,15,48134204,
C19orf54,ENSG00000188493,0.578376242863228,0.741863373863572,0.377237792966463,0.000142931045127416,missense|LC,19040736956,19,40736956,
KIF18A,ENSG00000121621,0.578445518461072,0.393923697719788,0.975394388826006,0.00033297470319452,missense|LC,11028021090,11,28021090,
COL12A1,ENSG00000111799,0.578490834571525,0.360744474612919,0.502327682566362,0.000227012127196692,missense|LC,6075086473,6,75086473,
ELMO3,ENSG00000102890,0.578498082342245,0.727783501348635,0.375064555701106,-0.000120875023236426,missense|LC,16067194306,16,67194306,
H3C7,ENSG00000277775,0.578719005486639,0.901722612161729,0.365002545425137,-0.000284224783804513,missense|LC,6026246590,6,26246590,
CD209,ENSG00000090659,0.578747925010502,0.789752629715676,0.360128019417749,-0.000249583381335041,missense|LC,19007742999,19,7742999,
PAFAH2,ENSG00000158006,0.578900678631564,0.379885587927218,0.695389477536337,0.00041712096252363,missense|LC,1025961941,1,25961941,
ZNF691,ENSG00000164011,0.57891602886884,0.501875967827261,0.376311715927293,-0.000458932319631791,missense|LC,1042842452,1,42842452,
CTSZ,ENSG00000101160,0.578962728327684,0.430665214139306,0.456875242042434,0.000383645830519137,missense|LC,20058990847,20,58990847,
OR10J3,ENSG00000196266,0.579043372831388,0.986343824544728,0.356086583971057,0.0000112133581519428,missense|LC,1159313598,1,159313598,
SLC50A1,ENSG00000169241,0.5793606933629,0.417045355588347,0.527706120593484,0.00061300477012552,missense|LC,1155130853,1,155130853,
THBD,ENSG00000178726,0.579412262393328,0.766550657797445,0.395485949112194,-0.000113853177189407,missense|LC,20023047666,20,23047666,
CCT6A,ENSG00000146731,0.579422522593386,0.398488962147366,0.869026029397577,0.000493298243643212,missense|LC,7056051731,7,56051731,
H1-7,ENSG00000187166,0.579437263235803,0.608635349441455,0.359809156369029,-0.000430000982048243,missense|LC,12048329193,12,48329193,
AL645941.2,ENSG00000248993,0.579443321135215,0.439010701638859,0.858166744758227,-0.000781707736871912,missense|LC,6032934909,6,32934909,
LHX6,ENSG00000106852,0.579475830747025,0.930480841117908,0.376641531700996,0.000110976157736758,missense|LC,9122204654,9,122204654,
RAB13,ENSG00000143545,0.579494062609775,0.444403190430286,0.573418255892911,-0.00043388091704145,missense|LC,1153976653,1,153976653,
AL358472.6,ENSG00000285641,0.579494062609775,0.444403190430286,0.573418255892911,-0.00043388091704145,missense|LC,1153972691,1,153972691,
C1QTNF1,ENSG00000173918,0.579642840599698,0.903468110728418,0.385758815262233,0.0000723533688339544,missense|LC,17079043871,17,79043871,
LMF1,ENSG00000103227,0.579822342101815,0.370116354710736,0.773415050172732,0.00037259521710939,missense|LC,16000854454,16,854454,
LSR,ENSG00000105699,0.580192893122455,0.367319032742467,0.689214363543895,0.000417977584500392,missense|LC,19035248764,19,35248764,
SPANXD,ENSG00000196406,0.580195122583861,0.46067397587906,0.494099440067808,-0.000169947782252516,missense|LC,23141697332,X,141697332,
GLRX2,ENSG00000023572,0.580284448015924,0.621061915758551,0.38459454604095,0.000566418782798424,missense|LC,1193091599,1,193091599,
CTHRC1,ENSG00000164932,0.58033714293635,0.373116710100738,0.576317843137778,-0.00062401718470807,missense|LC,8103371568,8,103371568,
SECISBP2L,ENSG00000138593,0.580367001718135,0.613550014819615,0.394815103444508,-0.00036868103966382,missense|LC,15048992165,15,48992165,
DUS3L,ENSG00000141994,0.580387002834369,0.668282597211468,0.364320097410673,0.000201994149487789,missense|LC,19005782920,19,5782920,
POLK,ENSG00000122008,0.580452350939275,0.619411539064822,0.375263057336862,-0.000238821524321413,missense|LC,5075510987,5,75510987,
EDARADD,ENSG00000186197,0.580471719446616,0.365422544429741,0.480150903044119,0.00133458538815566,missense|LC,1236394359,1,236394359,
CD302,ENSG00000241399,0.580544049430242,0.685085986249248,0.366560970804647,0.000446670514835086,missense|LC,2159764575,2,159764575,
CENPN,ENSG00000166451,0.580575933988397,0.701892592399601,0.404770392928118,0.000164094816999008,missense|LC,16081011881,16,81011881,
AC245033.1,ENSG00000260836,0.580596724115133,0.798579123087294,0.380115974131196,0.000174923836248956,missense|LC,15082536705,15,82536705,
LEF1,ENSG00000138795,0.580659828982465,0.583510176976807,0.410869248894187,-0.000244004737717416,missense|LC,4108048632,4,108048632,
OTC,ENSG00000036473,0.580680956527941,0.37805900159072,0.991520805765536,0.000872487823061933,missense|LC,23038352673,X,38352673,
MPST,ENSG00000128309,0.580723398622985,0.709214147329752,0.409451319443734,-0.000190023902213335,missense|LC,22037018075,22,37018075,
TEX261,ENSG00000144043,0.580879027113787,0.394281974046132,0.56799171302642,-0.000826214105163559,missense|LC,2070981833,2,70981833,
WDSUB1,ENSG00000196151,0.581013495924667,0.374898061709886,0.47180586315246,0.000464252296596113,missense|LC,2159230803,2,159230803,
SDC2,ENSG00000169439,0.581117978105118,0.666550023240133,0.37295056040422,-0.000581880965340068,missense|LC,8096494190,8,96494190,
IL17REL,ENSG00000188263,0.581149753324752,0.876142376561542,0.469957915643748,0.0000358563349322831,missense|LC,22049996984,22,49996984,
TM6SF1,ENSG00000136404,0.581151672705468,0.8403973121507,0.369052164227349,-0.000195418591490046,missense|LC,15083107583,15,83107583,
RYBP,ENSG00000163602,0.581178926539016,0.370391449729979,0.651600439911336,0.002697243146034,missense|LC,3072378138,3,72378138,
IMPACT,ENSG00000154059,0.581369326871476,0.359589051324622,0.372518834412656,-0.000835947860859788,missense|LC,18024426675,18,24426675,
PPP1R12C,ENSG00000125503,0.581431744757121,0.369467917728144,0.417274854282429,0.000307415665450954,missense|LC,19055085918,19,55085918,
PPFIA1,ENSG00000131626,0.581436275365813,0.867656993545816,0.36340664553652,0.0000750731124717877,missense|LC,11070272088,11,70272088,
FAM166C,ENSG00000173557,0.58152216236656,0.587209343165462,0.375959887576669,-0.000405997763750876,missense|LC,2026558429,2,26558429,
GDF5,ENSG00000125965,0.581528213169729,0.398368522775142,0.364028200404047,-0.000664498621484341,missense|LC,20035433861,20,35433861,
TFAP2C,ENSG00000087510,0.581624469277338,0.537312366030347,0.365867486001169,-0.000545486559406625,missense|LC,20056629455,20,56629455,
CCDC40,ENSG00000141519,0.581733073131993,0.553648097642357,0.375022102182775,0.000146339084892395,missense|LC,17080036570,17,80036570,
RTN4IP1,ENSG00000130347,0.581753479586817,0.373991612034986,0.46909250621408,-0.000651459298003562,missense|LC,6106568426,6,106568426,
SLC25A38,ENSG00000144659,0.581755850370642,0.708647509654682,0.38829680370758,-0.000229738488690456,missense|LC,3039383631,3,39383631,
AFG1L,ENSG00000135537,0.581829634547731,0.616973890001755,0.390113885773247,-0.000217603081139032,missense|LC,6108294986,6,108294986,
VIPR1,ENSG00000114812,0.581846929217339,0.965612499251679,0.413281422147834,0.0000185080456111961,missense|LC,3042502653,3,42502653,
TGIF2LY,ENSG00000176679,0.581873245635731,0.399581055874224,0.519145597096238,-0.00053861351025986,missense|LC,24003579176,Y,3579176,
WNT2,ENSG00000105989,0.581911255043385,0.41907390916947,0.761244893581021,0.000383175672475882,missense|LC,7117278060,7,117278060,
HTRA2,ENSG00000115317,0.581978730109506,0.433667653746126,0.557177472427407,0.000380143286099972,missense|LC,2074524934,2,74524934,
UGT2A3,ENSG00000135220,0.582019798639254,0.398128263637322,0.867678947820306,0.000336501459633733,missense|LC,4068929741,4,68929741,
PDE11A,ENSG00000128655,0.582074933526546,0.756566570421224,0.380359508002012,-0.000137680237664746,missense|LC,2177618244,2,177618244,
KCNJ15,ENSG00000157551,0.582164762650236,0.772286441377043,0.37761926748029,0.00020738975045935,missense|LC,21038299202,21,38299202,
CHRND,ENSG00000135902,0.582238195084858,0.387260959729055,0.980998355697758,-0.000288435719737313,missense|LC,2232521265,2,232521265,
MCTP1,ENSG00000175471,0.582289993669037,0.986685965670408,0.365571780650369,0.000011380774754505,missense|LC,5094707448,5,94707448,
DHX36,ENSG00000174953,0.582549387837938,0.394509445660857,0.425846785603007,-0.000402144652509048,missense|LC,3154276086,3,154276086,
GJD3,ENSG00000183153,0.582636599153369,0.517995855841404,0.41225821800018,0.000207856560195732,missense|LC,17040355935,17,40355935,
NDUFS8,ENSG00000110717,0.582732959492893,0.424095823960633,0.604350513483616,0.000515708604406824,missense|LC,11068025955,11,68025955,
ZNF354C,ENSG00000177932,0.582764531543191,0.686992273704316,0.392529518398392,0.000211294264042531,missense|LC,5179061980,5,179061980,
TXNRD1,ENSG00000198431,0.582818583938135,0.763163827962088,0.371552848804724,0.000179001019733385,missense|LC,12104215723,12,104215723,
ALOX5AP,ENSG00000132965,0.582899292922066,0.387561871211744,0.767831504436619,-0.000877279230780586,missense|LC,13030713688,13,30713688,
AC012184.2,ENSG00000260537,0.582953576295648,0.738243781938984,0.417182305508174,0.000234632492233788,missense|LC,16070294776,16,70294776,
DCDC1,ENSG00000170959,0.583044673756104,0.608788156865613,0.387365178824195,-0.000164673012016736,missense|LC,11030878460,11,30878460,
SLC52A3,ENSG00000101276,0.58307062349406,0.670036403005143,0.374865512148976,0.000229572268060317,missense|LC,20000760944,20,760944,
COMP,ENSG00000105664,0.583081124394755,0.640861910745011,0.372197084374976,0.000296327103648714,missense|LC,19018782826,19,18782826,
SCRIB,ENSG00000180900,0.583125685006817,0.542480338674152,0.363581363700903,-0.000171204904088244,missense|LC,8143789394,8,143789394,
HNRNPA1P48,ENSG00000224578,0.583236464189285,0.375983357404647,0.547243883508588,-0.000471587993891132,missense|LC,16051645723,16,51645723,
CFAP97,ENSG00000164323,0.583265104126233,0.938449469913905,0.38536662066722,-0.0000402470088566515,missense|LC,4185162712,4,185162712,
RNASE12,ENSG00000258436,0.583356087298278,0.418236081009279,0.809467586839345,-0.000660032207776508,missense|LC,14020587499,14,20587499,
CNOT6,ENSG00000113300,0.58341037972083,0.395516760515413,0.564951415524899,-0.000702910126303104,missense|LC,5180529266,5,180529266,
PUDP,ENSG00000130021,0.583410393994974,0.759154439878512,0.408500061252985,-0.000181672178539225,missense|LC,23007050234,X,7050234,
KPNA5,ENSG00000196911,0.583495761619651,0.370518434628101,0.895556321242893,-0.000827308093711111,missense|LC,6116681218,6,116681218,
SPACA5B,ENSG00000171478,0.583505898073561,0.405943949781416,0.615273989657619,0.00358766439387525,missense|LC,23048131235,X,48131235,
PPM1F,ENSG00000100034,0.583507908464236,0.389346507943084,0.793446095814416,0.000421439260813109,missense|LC,22021922981,22,21922981,
TIMD4,ENSG00000145850,0.583512124359636,0.655048952342867,0.366079871752545,0.000337978359428362,missense|LC,5156919399,5,156919399,
MKRN2OS,ENSG00000225526,0.583538913451382,0.673721507973306,0.366751874607332,-0.000350911379638695,missense|LC,3012540062,3,12540062,
SMIM29,ENSG00000186577,0.583574550445064,0.399386134964919,0.815772382277655,0.000554837801690555,missense|LC,6034242672,6,34242672,
FNDC10,ENSG00000228594,0.58357714280153,0.369279410994716,0.80990606469926,-0.00107320477124632,missense|LC,1001599247,1,1599247,
COQ8B,ENSG00000123815,0.583668359054363,0.475394552137958,0.399582821867156,-0.000330852198511492,missense|LC,19040686885,19,40686885,
GAR1,ENSG00000109534,0.5836864623824,0.799188396942143,0.397887842567894,0.000168038410742858,missense|LC,4109816086,4,109816086,
CDK2AP1,ENSG00000111328,0.583758223511846,0.614213900184011,0.415957865268709,0.000754212113000325,missense|LC,12123256765,12,123256765,
RPS17,ENSG00000182774,0.583883172942567,0.399014305131635,0.374325586502774,-0.0033396342977216,missense|LC,15082536705,15,82536705,
SLC34A3,ENSG00000198569,0.583902340067096,0.773804632971154,0.378743643729313,-0.0000686224814971167,missense|LC,9137225751,9,137225751,
GNPTAB,ENSG00000111670,0.583906224752164,0.729745096052459,0.398349624155619,0.000129805870211887,missense|LC,12101747155,12,101747155,
SOGA1,ENSG00000149639,0.583974192561918,0.465552747898528,0.36547883632142,0.00020739378538654,missense|LC,20036773305,20,36773305,
NHSL2,ENSG00000204131,0.584003062912326,0.441938468559532,0.403987783198843,0.000861973431479248,missense|LC,23071911016,X,71911016,
SETD5,ENSG00000168137,0.584003520644302,0.371068356555698,0.519634418515261,0.000358056192800527,missense|LC,3009428897,3,9428897,
STC1,ENSG00000159167,0.584041428955668,0.37957275590234,0.475614070377262,0.000932496911696807,missense|LC,8023844666,8,23844666,
PAX4,ENSG00000106331,0.584307704961471,0.398932652169501,0.713499384568715,-0.000334539929899031,missense|LC,7127610808,7,127610808,
AC243967.1,ENSG00000267881,0.584331519386361,0.531264994206309,0.426648382816451,0.000608517762340456,missense|LC,19041708665,19,41708665,
TBKBP1,ENSG00000198933,0.58436966845409,0.381047464987781,0.569046564400745,-0.000438547578060696,missense|LC,17047696057,17,47696057,
TCF19,ENSG00000137310,0.584462228794338,0.406656928396287,0.385037943916778,0.000539792616503281,missense|LC,6031154443,6,31154443,
FBXO31,ENSG00000103264,0.58456068914948,0.542804389866696,0.409759831389672,0.000323470938661631,missense|LC,16087331204,16,87331204,
SGCG,ENSG00000102683,0.584602319576969,0.372380413573662,0.383477392293526,-0.000827064758652755,missense|LC,13023203645,13,23203645,
LSP1,ENSG00000130592,0.584647431925362,0.371916611884379,0.679088749723198,-0.000402900793118469,missense|LC,11001865165,11,1865165,
IFI6,ENSG00000126709,0.584697900657027,0.372428026123282,0.774769506186406,0.00171526519714237,missense|LC,1027666381,1,27666381,
PJA2,ENSG00000198961,0.584703051613291,0.800514959995186,0.389806744440702,-0.000102913454504911,missense|LC,5109337155,5,109337155,
MARCHF9,ENSG00000139266,0.584742742951905,0.410766837901177,0.763567259442417,-0.000417530427608595,missense|LC,12057750633,12,57750633,
C11orf45,ENSG00000174370,0.584793145881026,0.38806943795227,0.556893897426088,-0.000840413680129964,missense|LC,11128902441,11,128902441,
FAF2,ENSG00000113194,0.584953607074443,0.718816283027052,0.373744355854631,0.000420908307913096,missense|LC,5176448315,5,176448315,
NF2,ENSG00000186575,0.585076834719124,0.878486600631646,0.364597632148321,-0.000143267773926513,missense|LC,22029603944,22,29603944,
IFI27L2,ENSG00000119632,0.585104942387051,0.723423930925172,0.370458496200674,-0.000671559373237505,missense|LC,14094127751,14,94127751,
PTX3,ENSG00000163661,0.585110354706658,0.389160367118075,0.490088640293902,-0.000369289797061792,missense|LC,3157436830,3,157436830,
ADAMTS8,ENSG00000134917,0.585226836378661,0.625489468209328,0.393473884865792,0.000160094215616273,missense|LC,11130400968,11,130400968,
TMEM256-PLSCR3,ENSG00000262481,0.585365796310525,0.483854180929804,0.520437792036154,-0.000446904032998836,missense|LC,17007384734,17,7384734,
CD22,ENSG00000012124,0.585380627738485,0.69242261884142,0.377391093159992,0.000164268410168172,missense|LC,19035329138,19,35329138,
CRYZL1,ENSG00000205758,0.585412965378161,0.431550962340484,0.768195525940733,0.000329366013242739,missense|LC,21033584506,21,33584506,
GAD1,ENSG00000128683,0.585763548957905,0.53063734306502,0.3874380093236,-0.000421014080052535,missense|LC,2170818539,2,170818539,
ZNF140,ENSG00000196387,0.585799619167664,0.370449125044324,0.591685212916862,0.000668693215115106,missense|LC,12133081245,12,133081245,
SPANXN3,ENSG00000189252,0.585841601240674,0.388205535081441,0.803273774461241,-0.000921939233491312,missense|LC,23143508784,X,143508784,
TREH,ENSG00000118094,0.585857458952372,0.402991386241634,0.831373156927494,-0.000286282644034466,missense|LC,11118655577,11,118655577,
THUMPD3,ENSG00000134077,0.585904530150965,0.668951199245029,0.391468847545172,-0.000186895476340227,missense|LC,3009364948,3,9364948,
CAMSAP3,ENSG00000076826,0.585926229133137,0.395426586545974,0.538899688579516,-0.000194295539680684,missense|LC,19007595942,19,7595942,
NEU3,ENSG00000162139,0.585937294639039,0.38533907380092,0.649194511165234,-0.00156166748244284,missense|LC,11074989013,11,74989013,
LIPE,ENSG00000079435,0.586020783015239,0.488455083890134,0.378017437535605,-0.000165301560934805,missense|LC,19042401755,19,42401755,
RCN3,ENSG00000142552,0.586099567026002,0.388512469858344,0.385395197739045,0.000454122516531033,missense|LC,19049524421,19,49524421,
PTGS1,ENSG00000095303,0.586121350346915,0.411515216519831,0.446133699639527,0.00026660227802543,missense|LC,9122370940,9,122370940,
C5orf46,ENSG00000178776,0.586124743719684,0.37897049817732,0.631220847459375,0.00244407778407456,missense|LC,5147896980,5,147896980,
BRINP1,ENSG00000078725,0.586149128599638,0.50962312049411,0.384441671911147,-0.00023264085827139,missense|LC,9119166991,9,119166991,
STARD13,ENSG00000133121,0.586213617259892,0.433612473719049,0.376155385738857,0.000251330427340292,missense|LC,13033105558,13,33105558,
SPINT3,ENSG00000101446,0.58623368287862,0.406081806353371,0.420620055970544,-0.000946793780558985,missense|LC,20045512583,20,45512583,
NEGR1,ENSG00000172260,0.586261747231621,0.861322979860785,0.372464448590795,-0.000224018186557067,missense|LC,1071407369,1,71407369,
OGFR,ENSG00000060491,0.586345357734173,0.381818985558349,0.931179353655206,0.00031264902517694,missense|LC,20062804799,20,62804799,
RGS6,ENSG00000182732,0.586445167852726,0.976103570526274,0.486096491873384,-0.0000282409689863286,missense|LC,14071964732,14,71964732,
PSMA1,ENSG00000129084,0.586446821855596,0.822505511676725,0.370453517702096,0.000484462752267085,missense|LC,11014505144,11,14505144,
TRAF1,ENSG00000056558,0.5864587374546,0.450226891978974,0.400235694812072,0.000347455020448746,missense|LC,9120904940,9,120904940,
OVCH1,ENSG00000187950,0.586488446038836,0.889574186945448,0.371568032538831,-0.000056050335044889,missense|LC,12029427449,12,29427449,
YIPF4,ENSG00000119820,0.586517207377562,0.44125369210687,0.546475532200677,0.000413275560942017,missense|LC,2032278081,2,32278081,
AC004691.2,ENSG00000250424,0.586568089292023,0.385549825008237,0.487983465600513,-0.000398943383717294,missense|LC,7030850382,7,30850382,
CEACAM3,ENSG00000170956,0.58660642359905,0.762138448966452,0.392751200682805,-0.000237928163025254,missense|LC,19041796583,19,41796583,
MUTYH,ENSG00000132781,0.586686155574275,0.76155004907285,0.383804107548337,0.000108530845088893,missense|LC,1045327053,1,45327053,
APOA4,ENSG00000110244,0.586751503953522,0.521656374811579,0.38795289686403,-0.000282951101421742,missense|LC,11116820716,11,116820716,
OR51A4,ENSG00000205497,0.586872584601302,0.930685767080868,0.412834490657013,-0.0000322333859660278,missense|LC,11004946098,11,4946098,
CDC40,ENSG00000168438,0.586945322721145,0.842030700587815,0.469012586372826,0.000102606597494934,missense|LC,6110180384,6,110180384,
FBXO41,ENSG00000163013,0.586969516075375,0.589139493051311,0.372917623695537,0.000176614696265024,missense|LC,2073249796,2,73249796,
GINS3,ENSG00000181938,0.586976192595309,0.486703931954757,0.380667624339196,-0.000696124290272958,missense|LC,16058392509,16,58392509,
PTPN5,ENSG00000110786,0.586986224866904,0.374502158112956,0.720766437651282,0.000482266007327625,missense|LC,11018724077,11,18724077,
ADAM23,ENSG00000114948,0.5870458095195,0.908191279009399,0.387635763226187,0.0000371452909053656,missense|LC,2206443793,2,206443793,
AL139011.2,ENSG00000258465,0.587098736949783,0.426482567524218,0.463866428700916,-0.000833921193395487,missense|LC,1160237092,1,160237092,
ZNF263,ENSG00000006194,0.587208467468808,0.378886638974025,0.797351108175972,-0.000485465839950926,missense|LC,16003283649,16,3283649,
FAHD1,ENSG00000180185,0.587461930856144,0.390931109250281,0.764259390973414,-0.000777690547681114,missense|LC,16001822275,16,1822275,
ABCD2,ENSG00000173208,0.587486736548204,0.491291687533663,0.397866459847841,-0.000384420415773405,missense|LC,12039553870,12,39553870,
ANAPC2,ENSG00000176248,0.58753621379898,0.375416958763524,0.583998771893485,-0.000381006820619642,missense|LC,9137169787,9,137169787,
NOS3,ENSG00000164867,0.587782543689494,0.90356422252859,0.374177529906753,-0.0000651775057772103,missense|LC,7150993717,7,150993717,
CXCL6,ENSG00000124875,0.587876676659455,0.877044422835401,0.374987925212936,0.000268645975214955,missense|LC,4073836689,4,73836689,
CRYGS,ENSG00000213139,0.587879362079485,0.523015414985075,0.381264471594946,-0.000690267308596142,missense|LC,3186538595,3,186538595,
KDM8,ENSG00000155666,0.588109572045237,0.885725520851086,0.380504912796075,0.000100896124839184,missense|LC,16027204022,16,27204022,
URGCP,ENSG00000106608,0.588160997175951,0.615379982933453,0.405271808996498,-0.000174655417583382,missense|LC,7043876589,7,43876589,
SDCBP,ENSG00000137575,0.588222215918817,0.452257064615717,0.377539304885051,-0.000705939292669535,missense|LC,8058565000,8,58565000,
ZNF582,ENSG00000018869,0.58837560326309,0.366287050560344,0.565077831994863,-0.000693339263239772,missense|LC,19056383746,19,56383746,
NOTCH2,ENSG00000134250,0.588432499243152,0.819167774765939,0.382027186506766,-0.0000497123642546895,missense|LC,1119915233,1,119915233,
HK2,ENSG00000159399,0.588442598084931,0.734908931719602,0.38262324451856,0.000123769437005782,missense|LC,2074834509,2,74834509,
RAB3GAP2,ENSG00000118873,0.588469022896452,0.865465977072089,0.364549238521016,-0.0000783728718790213,missense|LC,1220143972,1,220143972,
OGA,ENSG00000198408,0.588492764890617,0.58280220384698,0.415304650725794,-0.000224850946936435,missense|LC,10101781643,10,101781643,
AC068870.4,ENSG00000288625,0.588521111976971,0.867936010681898,0.401785077776465,-0.000211868612621758,missense|LC,15081002140,15,81002140,
MAS1,ENSG00000130368,0.58853406496888,0.526178801664933,0.391397986137963,-0.000347723479863504,missense|LC,6159906866,6,159906866,
HOXC9,ENSG00000180806,0.5885463158934,0.361155527959108,0.450434824204574,-0.00114748823933037,missense|LC,12054000095,12,54000095,
IFNAR2,ENSG00000159110,0.588561815166083,0.37762778257845,0.451129625472169,-0.000499795944284104,missense|LC,21033229878,21,33229878,
FCER1G,ENSG00000158869,0.588577035529928,0.458161262030548,0.582481078879349,0.000707443747292198,missense|LC,1161210298,1,161210298,
JMJD4,ENSG00000081692,0.588634193972863,0.405640844610022,0.747823041519274,-0.000263138670410603,missense|LC,1227732296,1,227732296,
PYGO2,ENSG00000163348,0.588646479474415,0.775154073780516,0.380744262683875,0.000228902911052054,missense|LC,1154953644,1,154953644,
SUGP2,ENSG00000064607,0.588662423989626,0.392925957922911,0.874609826366193,0.00233116140431444,missense|LC,19018994251,19,18994251,
PSD4,ENSG00000125637,0.588708471051253,0.766245699396684,0.401165576774302,-0.0000839890104260639,missense|LC,2113182380,2,113182380,
ITSN1,ENSG00000205726,0.588727449853565,0.402617652579747,0.371204155647042,0.000417309488362205,missense|LC,21033640061,21,33640061,
FBXO27,ENSG00000161243,0.588760519985971,0.383634967739381,0.482496343319237,0.000589996185897888,missense|LC,19039025298,19,39025298,
EPHA7,ENSG00000135333,0.588858273746507,0.59640221969357,0.375588579397066,-0.000247662585685822,missense|LC,6093243389,6,93243389,
SGSM3,ENSG00000100359,0.588865629441268,0.365158759192556,0.911293077924172,-0.000445077766575095,missense|LC,22040366404,22,40366404,
FCER1A,ENSG00000179639,0.588915491013259,0.378383714857985,0.903079097974762,-0.000829591254362915,missense|LC,1159302337,1,159302337,
IFIT1B,ENSG00000204010,0.589067162028948,0.713025952288154,0.389167113188017,-0.000198272258423256,missense|LC,10089378052,10,89378052,
PAGE2B,ENSG00000238269,0.589113861814521,0.381893187425411,0.497419002050789,-0.00177243273210758,missense|LC,23055075988,X,55075988,
PITPNM3,ENSG00000091622,0.589164219320885,0.762259739620432,0.390797039334979,0.00012426512618634,missense|LC,17006447373,17,6447373,
SPATA31D4,ENSG00000189357,0.589270699470741,0.60406913294352,0.410158861240091,0.000387324937041984,missense|LC,9081932394,9,81932394,
DEFB135,ENSG00000205883,0.589285747937303,0.390584506825121,0.424093333790996,-0.000873229118219001,missense|LC,8011982232,8,11982232,
KCNH2,ENSG00000055118,0.589483790861474,0.935423237078754,0.366700641511871,-0.0000345570836529314,missense|LC,7150945270,7,150945270,
C10orf90,ENSG00000154493,0.589537496404601,0.391133161106734,0.591539673310951,-0.000287512608261757,missense|LC,10126425781,10,126425781,
CAMLG,ENSG00000164615,0.589556605642781,0.52942361512607,0.379110407674321,-0.000670868501218712,missense|LC,5134738548,5,134738548,
CLTC,ENSG00000141367,0.589589890715586,0.472308246491011,0.373275780322411,-0.000741358823418442,missense|LC,17059620059,17,59620059,
ERN2,ENSG00000134398,0.589628082787314,0.37125458376942,0.512395512318658,-0.000277245799900582,missense|LC,16023687395,16,23687395,
SPRN,ENSG00000203772,0.589744151834059,0.476503081636953,0.389867295747027,-0.000405200153416359,missense|LC,10133419412,10,133419412,
LRRC8A,ENSG00000136802,0.589845269580178,0.434253792799231,0.416795145992561,0.000376724813355362,missense|LC,9128907101,9,128907101,
KRTAP10-3,ENSG00000212935,0.590080265782686,0.395456015445543,0.379526289075015,0.000294250915381279,missense|LC,21044557950,21,44557950,
DIAPH2,ENSG00000147202,0.590087372237546,0.728654914544167,0.4322712979932,-0.000132535050957648,missense|LC,23096684951,X,96684951,
TRIM74,ENSG00000155428,0.590120033807933,0.54376655875494,0.437599553281614,-0.000467232657715664,missense|LC,7072959848,7,72959848,
TBC1D1,ENSG00000065882,0.590124006137228,0.397385238963941,0.960714015441224,0.00114842351294749,missense|LC,4037902012,4,37902012,
SMIM10L1,ENSG00000256537,0.590248125165232,0.392587332296778,0.793357659699754,-0.0020517165346314,missense|LC,12011171293,12,11171293,
FAM177B,ENSG00000197520,0.590261186400578,0.394324517420235,0.641156845053855,0.000970059237735962,missense|LC,1222746537,1,222746537,
CCDC102A,ENSG00000135736,0.590285569989812,0.372531403860558,0.371036713267304,0.000512640570001085,missense|LC,16057512628,16,57512628,
PHF13,ENSG00000116273,0.590323750000732,0.798488115756326,0.383580346906493,-0.00025907545579459,missense|LC,1006614007,1,6614007,
SEC31A,ENSG00000138674,0.590373680704634,0.369302476597591,0.50504307734938,0.000490129914412612,missense|LC,4082819005,4,82819005,
UCMA,ENSG00000165623,0.590412151595175,0.506227733397205,0.44754859344693,-0.000293760047324549,missense|LC,10013222019,10,13222019,
SPANXC,ENSG00000198573,0.590497490126534,0.458847640598645,0.682805975636364,0.000473287320592004,missense|LC,23141241483,X,141241483,
EIPR1,ENSG00000032389,0.59055740973909,0.658473345111678,0.410583798510011,-0.000202826521388492,missense|LC,2003189228,2,3189228,
GIPC3,ENSG00000179855,0.590567019134745,0.400035568310974,0.422986202452249,0.000514686133630064,missense|LC,19003585466,19,3585466,
CORO1B,ENSG00000172725,0.590605384200775,0.372157788445076,0.866681770114386,0.000448402875882931,missense|LC,11067431294,11,67431294,
IPPK,ENSG00000127080,0.590668088002158,0.410206268605935,0.796526723385856,0.000309453119679946,missense|LC,9092611264,9,92611264,
ARHGAP29,ENSG00000137962,0.590715643695445,0.565397359736848,0.388634005344509,0.000241704767135534,missense|LC,1094173757,1,94173757,
MFN2,ENSG00000116688,0.590844229490622,0.386330707953092,0.404260352319134,0.00110675562771466,missense|LC,1011989081,1,11989081,
VAV3,ENSG00000134215,0.590874959736499,0.716151894228193,0.388271866829185,0.000141388772512913,missense|LC,1107573235,1,107573235,
TMEM181,ENSG00000146433,0.590952633102149,0.574492296074493,0.407769932581111,-0.000178464324607686,missense|LC,6158536364,6,158536364,
CD38,ENSG00000004468,0.590957772054772,0.47132796092146,0.387526715456308,0.000509538518797179,missense|LC,4015778380,4,15778380,
SUCLA2,ENSG00000136143,0.590988536766764,0.396950636516628,0.421918672711214,-0.000478874839961907,missense|LC,13047943299,13,47943299,
UBL4B,ENSG00000186150,0.591034219374808,0.38534533160418,0.930946601195745,-0.000903529100730788,missense|LC,1110112412,1,110112412,
SLC20A1,ENSG00000144136,0.591037151892339,0.590898402171134,0.370357430738085,0.000370898038319352,missense|LC,2112646793,2,112646793,
ACSM1,ENSG00000166743,0.591058811508016,0.390199969962196,0.885319141638953,0.00037174082130073,missense|LC,16020623423,16,20623423,
RIN1,ENSG00000174791,0.591211013591026,0.511047855716851,0.390255618629507,0.000195767473491897,missense|LC,11066332207,11,66332207,
TP53TG5,ENSG00000124251,0.591245318222861,0.465734566140587,0.379240946606769,-0.000604742266084583,missense|LC,20045367553,20,45367553,
OR2H2,ENSG00000204657,0.591420267305678,0.502820169308405,0.428872382514219,0.000507667568201072,missense|LC,6029588184,6,29588184,
GHRH,ENSG00000118702,0.591509551683641,0.384045537759574,0.48714707021736,0.00170848851014937,missense|LC,20037251176,20,37251176,
IMMP1L,ENSG00000148950,0.591566234557463,0.395350635386049,0.576245004919864,0.000944256189917229,missense|LC,11031430195,11,31430195,
CTAGE1,ENSG00000212710,0.59157672514818,0.53486979844762,0.385379057317195,-0.000243520829785113,missense|LC,18022415520,18,22415520,
RANBP2,ENSG00000153201,0.591589510325863,0.522988044898013,0.384305347803515,0.000113366489997235,missense|LC,2108719454,2,108719454,
HCFC2,ENSG00000111727,0.591662874256125,0.383036699687268,0.446223006302386,0.000691371820021582,missense|LC,12104064448,12,104064448,
TMEM150B,ENSG00000180061,0.591707705907161,0.646209050708369,0.409541536828156,-0.000207751485734217,missense|LC,19055308586,19,55308586,
NEURL3,ENSG00000163121,0.591747199396406,0.768423677282586,0.383417699037751,-0.000246479963421636,missense|LC,2096498149,2,96498149,
EXT2,ENSG00000151348,0.591826368157545,0.518723006033783,0.38296100102698,-0.000224926300523287,missense|LC,11044096197,11,44096197,
NGB,ENSG00000165553,0.5918359133003,0.564553606142736,0.412010502546555,-0.000395337508373956,missense|LC,14077266424,14,77266424,
TMCO3,ENSG00000150403,0.59188591469631,0.93390459274651,0.3719767008524,0.0000406052560300124,missense|LC,13113489041,13,113489041,
ULK3,ENSG00000140474,0.591953715892603,0.519501456904524,0.367290769502284,0.000485752645550387,missense|LC,15074837100,15,74837100,
RUNDC3A,ENSG00000108309,0.591957677274271,0.685756213349904,0.390401608296679,-0.000427108874883178,missense|LC,17044308789,17,44308789,
SLC38A7,ENSG00000103042,0.592106392881599,0.96107861957489,0.392714115904749,-0.0000307275530684468,missense|LC,16058667314,16,58667314,
MED19,ENSG00000156603,0.592167749778493,0.536746934894977,0.43675484785623,-0.000379196812130243,missense|LC,11057698716,11,57698716,
FN3K,ENSG00000167363,0.592217980733305,0.639636757350338,0.388216091694067,-0.000265997407373991,missense|LC,17082735530,17,82735530,
B3GALT4,ENSG00000235863,0.592263347967062,0.982090958051069,0.373413345103407,-0.0000211355156399406,missense|LC,6033272125,6,33272125,
AMDHD2,ENSG00000162066,0.592263580499992,0.653681663963684,0.389156845875378,0.000159017249070658,missense|LC,16002519109,16,2519109,
STPG3,ENSG00000197768,0.592398031380929,0.637497558856137,0.370208902297108,0.00022895361223341,missense|LC,9137247588,9,137247588,
PNLDC1,ENSG00000146453,0.592410646324695,0.668286214198991,0.400265491512519,0.000200491722113235,missense|LC,6159797226,6,159797226,
CCDC130,ENSG00000104957,0.592460967743065,0.641947592405077,0.385101557026307,0.000261138266285119,missense|LC,19013751722,19,13751722,
KRTAP16-1,ENSG00000212657,0.592549973866854,0.969401903313452,0.375755432402855,-0.0000200667975819024,missense|LC,17041302700,17,41302700,
MAGEB16,ENSG00000189023,0.592563140985359,0.43804785216053,0.706032336504474,0.000345174000418016,missense|LC,23035802104,X,35802104,
HAS1,ENSG00000105509,0.59256594475283,0.88544973185264,0.382867428616253,-0.0000508229072424847,missense|LC,19051713332,19,51713332,
RBM5,ENSG00000003756,0.592625243819298,0.376542844771662,0.429992536219332,-0.000724819332785399,missense|LC,3050090347,3,50090347,
MAP3K8,ENSG00000107968,0.592672816043111,0.376053629001717,0.67028338079743,0.000862481593822895,missense|LC,10030434366,10,30434366,
CT47B1,ENSG00000236446,0.592712809885254,0.717228586932404,0.382539333479317,0.000106086737581756,missense|LC,23120873860,X,120873860,
KCNV1,ENSG00000164794,0.592806535039057,0.375281270776503,0.524555132457467,0.0014579747989283,missense|LC,8109968006,8,109968006,
SSH3,ENSG00000172830,0.592807251362464,0.746494294314675,0.390972972814768,0.000118085150946095,missense|LC,11067298979,11,67298979,
KRTAP10-7,ENSG00000272804,0.592835571444455,0.941353562756806,0.402208851148858,0.0000173351827566163,missense|LC,21044600515,21,44600515,
PCDHGA7,ENSG00000253537,0.59291338842128,0.397412825044343,0.678899872783739,0.000235038126561613,missense|LC,5141382829,5,141382829,
SEC14L5,ENSG00000103184,0.592958642401715,0.387018135182869,0.694097699765619,0.000559022967900709,missense|LC,16004959273,16,4959273,
POGLUT2,ENSG00000134901,0.593052042742153,0.534502432103125,0.383992840715199,-0.000415824217882311,missense|LC,13102784468,13,102784468,
NAPRT,ENSG00000147813,0.593069826127821,0.388926656547355,0.607082447967923,-0.000348356638649278,missense|LC,8143569791,8,143569791,
GEMIN8,ENSG00000046647,0.593206583011321,0.532734935149454,0.431514579456096,-0.000244814922245543,missense|LC,23014008861,X,14008861,
ANKRD31,ENSG00000145700,0.593228138280805,0.37951453307542,0.485452360377321,-0.000280226738393403,missense|LC,5075068424,5,75068424,
DCDC2C,ENSG00000214866,0.593317328448769,0.48593549975608,0.378140132824317,0.000512012144473451,missense|LC,2003701394,2,3701394,
RPL31,ENSG00000071082,0.593366490315609,0.471392988877358,0.718791290942732,-0.000691753580404279,missense|LC,2101002651,2,101002651,
MERTK,ENSG00000153208,0.593380782587583,0.372132393053426,0.610851847616633,0.000579415778911846,missense|LC,2111898633,2,111898633,
ZNF136,ENSG00000196646,0.593451706411875,0.649509548736151,0.381404621902544,-0.000324158687705504,missense|LC,19012163086,19,12163086,
CD63,ENSG00000135404,0.593494231266456,0.924150505429182,0.425094928766097,-0.0000742202820471634,missense|LC,12055721119,12,55721119,
DAND5,ENSG00000179284,0.593506733055331,0.881635164205316,0.383191282412125,0.000160812158463026,missense|LC,19012969564,19,12969564,
GRK7,ENSG00000114124,0.593550414539065,0.955859870777011,0.399025014078403,0.0000144225938341184,missense|LC,3141778175,3,141778175,
NLRP6,ENSG00000174885,0.593557701323518,0.381299681014272,0.444190568781306,0.000275082376827047,missense|LC,11000278579,11,278579,
KCNE2,ENSG00000159197,0.593560903019211,0.689422355749726,0.455016692823704,-0.000221685698344218,missense|LC,21034370379,21,34370379,
JAKMIP1,ENSG00000152969,0.593590971013091,0.55058373594085,0.372665301286075,0.000393957415906621,missense|LC,4006026145,4,6026145,
DTX3,ENSG00000178498,0.593617860645509,0.650233551924249,0.375147714465902,0.000629436704297679,missense|LC,12057600298,12,57600298,
PCDHGA11,ENSG00000253873,0.593628870063369,0.782346356249303,0.390741269289318,0.0000890361352970015,missense|LC,5141417713,5,141417713,
ZNF676,ENSG00000196109,0.593648678111472,0.385305888059718,0.722754263267335,0.000347868247734649,missense|LC,19022179863,19,22179863,
TRIM2,ENSG00000109654,0.593673607799379,0.937682844996891,0.403796944167372,-0.0000522459441197946,missense|LC,4153204433,4,153204433,
OR5J2,ENSG00000174957,0.593689155273817,0.840439355433917,0.413830170666162,-0.0000757278688684323,missense|LC,11056176580,11,56176580,
BAAT,ENSG00000136881,0.593695903807697,0.379934310499885,0.79410762919283,0.000776127109894819,missense|LC,9101362357,9,101362357,
OR3A2,ENSG00000221882,0.593705337817037,0.595506480710775,0.402329227793353,0.000228913853733762,missense|LC,17003277907,17,3277907,
IGF2BP3,ENSG00000136231,0.593771488627831,0.395092443121054,0.484169489932136,0.000575395029317645,missense|LC,7023307834,7,23307834,
GNB5,ENSG00000069966,0.593771971383086,0.810544044032327,0.428896168138938,0.000131080443973321,missense|LC,15052112058,15,52112058,
METAP1,ENSG00000164024,0.593810216201068,0.636114166348105,0.382533209456709,-0.00286645423943725,missense|LC,4098995694,4,98995694,
UBE2D1,ENSG00000072401,0.593820063870829,0.393167364211399,0.584608038391108,-0.00258179483943032,missense|LC,10058335106,10,58335106,
IRF4,ENSG00000137265,0.593824965989203,0.698066893998999,0.392572878083896,-0.00025595561203908,missense|LC,6000393072,6,393072,
FAM216B,ENSG00000179813,0.593848735695882,0.707764238805958,0.415362854584039,0.000314979996027279,missense|LC,13042784014,13,42784014,
PSMD2,ENSG00000175166,0.593879799435536,0.496013117003451,0.39095142611459,0.000434553883853248,missense|LC,3184299117,3,184299117,
DPF3,ENSG00000205683,0.593886063402781,0.663061198260973,0.390906553899026,-0.000261545684446431,missense|LC,14072661044,14,72661044,
UCHL3,ENSG00000118939,0.594041272209606,0.603794372804112,0.381803026258404,0.000679663962711076,missense|LC,13075549792,13,75549792,
AC243547.3,ENSG00000280778,0.594092633941719,0.631582540600029,0.392050390004807,-0.00133556293234059,missense|LC,1145925810,1,145925810,
ZNF814,ENSG00000204514,0.594194611339823,0.517855397232351,0.38632622420956,0.000254350600291555,missense|LC,19057872624,19,57872624,
APOBEC3C,ENSG00000244509,0.5942065748944,0.949974752887416,0.380677564125967,-0.0000499096780518139,missense|LC,22039014263,22,39014263,
MRPL41,ENSG00000182154,0.59426595417134,0.432882017203946,0.832172266930491,0.000577666050860802,missense|LC,9137546881,9,137546881,
MTNR1B,ENSG00000134640,0.594267483503737,0.399753279318972,0.399367546789284,-0.000333346123585537,missense|LC,11092969590,11,92969590,
PZP,ENSG00000126838,0.594307078994683,0.664244179546341,0.390103120746665,-0.000149307060705522,missense|LC,12009148914,12,9148914,
LGALS9C,ENSG00000171916,0.59466320638411,0.392583111700468,0.619130224351243,-0.000592971694204711,missense|LC,17018476782,17,18476782,
IL31,ENSG00000204671,0.594678551086991,0.422703570817867,0.495425833815563,0.000704545562263491,missense|LC,12122172382,12,122172382,
DBF4B,ENSG00000161692,0.594703065607613,0.596402059562081,0.415629557235455,0.00025511760372992,missense|LC,17044708709,17,44708709,
PCDHB10,ENSG00000120324,0.59475306343628,0.401827257243674,0.953645903248157,0.000187533540394663,missense|LC,5141187348,5,141187348,
VAMP3,ENSG00000049245,0.594767138428496,0.384619350948438,0.44682046817183,0.00136854267960571,missense|LC,1007766388,1,7766388,
FTHL17,ENSG00000132446,0.594835452687068,0.483408830969116,0.399636522150606,0.000325216712684287,missense|LC,23031071374,X,31071374,
DDX19A,ENSG00000168872,0.594876233617544,0.807735263254777,0.426548993001648,0.000169972112804221,missense|LC,16070346906,16,70346906,
PTGFRN,ENSG00000134247,0.594948684032911,0.425622975399584,0.406211652331216,-0.000293172428113792,missense|LC,1116910110,1,116910110,
AP002495.1,ENSG00000254469,0.595027547862049,0.533132912962452,0.726340302892755,-0.00197013244704647,missense|LC,11071884292,11,71884292,
SEMA5A,ENSG00000112902,0.595185818912693,0.367636859603751,0.600338808794457,0.000360497245431642,missense|LC,5009042794,5,9042794,
SBSPON,ENSG00000164764,0.595208394313365,0.421684752294725,0.993909162103876,-0.000442075496162771,missense|LC,8073067343,8,73067343,
FTH1,ENSG00000167996,0.595373928742128,0.472448199470584,0.511860245412688,-0.00054077399926044,missense|LC,11061959435,11,61959435,
ZC3H18,ENSG00000158545,0.595437729323458,0.387701641928395,0.483115408545861,-0.000273560537061773,missense|LC,16088571544,16,88571544,
RGMB,ENSG00000174136,0.595444883771328,0.911456953477479,0.378884888119486,-0.0000880424000191394,missense|LC,5098770560,5,98770560,
C2CD2,ENSG00000157617,0.595461311175475,0.397247641262846,0.627269650649018,0.000389552610764817,missense|LC,21041889081,21,41889081,
GNL3L,ENSG00000130119,0.595476549375535,0.671965664362606,0.395564807214901,-0.000216399914064129,missense|LC,23054532532,X,54532532,
RBPMS,ENSG00000157110,0.595486006743974,0.711973497182994,0.379109183307624,0.000739045740613473,missense|LC,8030385020,8,30385020,
TMEM233,ENSG00000224982,0.595612526004512,0.442997712002185,0.390544822499046,0.00114612082019322,missense|LC,12119593760,12,119593760,
MICA,ENSG00000204520,0.595690958496708,0.406192611238827,0.821794190435818,-0.000355502329470226,missense|LC,6031399933,6,31399933,
PDCL3,ENSG00000115539,0.595714254399604,0.556912390421192,0.42040017665088,-0.000291445639473482,missense|LC,2100562945,2,100562945,
KLF16,ENSG00000129911,0.595737740380298,0.405642648617831,0.466360672087555,0.000648475417633373,missense|LC,19001848162,19,1848162,
PAK5,ENSG00000101349,0.59576105255444,0.403982238684375,0.649861274369324,-0.000344598319160322,missense|LC,20009539387,20,9539387,
SMIM21,ENSG00000206026,0.595777074859609,0.522824032822762,0.400196925514642,0.000726726497782342,missense|LC,18075410631,18,75410631,
GPR88,ENSG00000181656,0.595817752524481,0.972409233704216,0.371674305151686,-0.0000407681411622797,missense|LC,1100538797,1,100538797,
MGME1,ENSG00000125871,0.595850856969036,0.622358203445379,0.431032827476475,0.000248117253031161,missense|LC,20017968282,20,17968282,
CATSPER2,ENSG00000166762,0.595930708900914,0.836408945106931,0.396735672426348,-0.0000655602381711528,missense|LC,15043630513,15,43630513,
ADH1B,ENSG00000196616,0.595980369259731,0.395919060723732,0.461675031880989,-0.000287354484575675,missense|LC,4099307755,4,99307755,
DYRK1B,ENSG00000105204,0.596042340117177,0.952881486833005,0.390961041908197,0.0000296138241791147,missense|LC,19039825622,19,39825622,
CDKN2B,ENSG00000147883,0.59622453202944,0.797226979995898,0.432298587724156,0.000211547225184607,missense|LC,9022005870,9,22005870,
ZNF445,ENSG00000185219,0.596255206478402,0.761471128302917,0.381938200617834,0.00014803324755687,missense|LC,3044446440,3,44446440,
BARHL2,ENSG00000143032,0.596261612926148,0.856344511346826,0.383379215286539,-0.000120530462797795,missense|LC,1090712208,1,90712208,
C2orf42,ENSG00000115998,0.596285416425516,0.385574703945534,0.68820405864264,-0.00044891165304748,missense|LC,2070150301,2,70150301,
SYNGR1,ENSG00000100321,0.596504488166733,0.374931240187397,0.426006963757442,-0.00102895311514901,missense|LC,22039349947,22,39349947,
LYPLAL1,ENSG00000143353,0.596511120659742,0.744154284451501,0.379349250174592,0.000278997223760253,missense|LC,1219173750,1,219173750,
SELENOV,ENSG00000186838,0.596572095560033,0.428840847253467,0.622386841304377,-0.000303302885994885,missense|LC,19039515182,19,39515182,
PPP1R27,ENSG00000182676,0.596596128121356,0.71234189372647,0.380253801503975,-0.000510874116262094,missense|LC,17081833624,17,81833624,
PRKCG,ENSG00000126583,0.596728568216919,0.381352803746937,0.374740744548016,-0.000740738281210085,missense|LC,19053882369,19,53882369,
ZNF319,ENSG00000166188,0.596857441001998,0.632488920145176,0.421659953008825,-0.000213376195062162,missense|LC,16057996331,16,57996331,
SPAG6,ENSG00000077327,0.596948260528187,0.379682638160687,0.581635587127893,-0.000699830272407874,missense|LC,10022345541,10,22345541,
KLK2,ENSG00000167751,0.59713429264836,0.409036938080351,0.52606487234025,0.000469280694083314,missense|LC,19050873417,19,50873417,
TRPC5,ENSG00000072315,0.597155744125263,0.591383896160704,0.376084366127608,-0.000348028927356533,missense|LC,23111776244,X,111776244,
LTBP4,ENSG00000090006,0.59718198305257,0.382921711493949,0.702028439760575,-0.000273920426974665,missense|LC,19040593092,19,40593092,
ZCRB1,ENSG00000139168,0.597243251479564,0.624470296274045,0.448205990515087,-0.000259108862202945,missense|LC,12042312973,12,42312973,
OSTN,ENSG00000188729,0.597322458094207,0.933955762353012,0.386789476555482,-0.000154562421945735,missense|LC,3191212539,3,191212539,
ANGPT4,ENSG00000101280,0.597365476562111,0.852779923945749,0.399476650987719,-0.0000869736278218495,missense|LC,20000872848,20,872848,
CLRN3,ENSG00000180745,0.597377923993427,0.406543018141966,0.415732472269307,-0.000488604267952038,missense|LC,10127878056,10,127878056,
PRR14L,ENSG00000183530,0.597487867710109,0.582265342405369,0.382665539919386,-0.000126248822773535,missense|LC,22031676660,22,31676660,
MSANTD1,ENSG00000188981,0.597495440805951,0.370070956640168,0.388041351574576,0.000739247362469753,missense|LC,4003249128,4,3249128,
SLC30A3,ENSG00000115194,0.597577834297347,0.397478846020609,0.909368993968207,-0.000596759411663216,missense|LC,2027254998,2,27254998,
DNASE2B,ENSG00000137976,0.597590261322889,0.406448404193067,0.974018943270618,-0.000543490167267016,missense|LC,1084398445,1,84398445,
TNFRSF12A,ENSG00000006327,0.597862207795261,0.486760123714842,0.403653577984362,-0.000724162669849615,missense|LC,16003015375,16,3015375,
DNAI2,ENSG00000171595,0.597885414671641,0.540031251587241,0.381270352495327,-0.000287742923086444,missense|LC,17074281729,17,74281729,
TMEM81,ENSG00000174529,0.597892662300166,0.767597953756615,0.383749816747936,-0.000273806864004783,missense|LC,1205083470,1,205083470,
CPA2,ENSG00000158516,0.597974067521932,0.577754153787555,0.373907549054735,-0.00041050892678695,missense|LC,7130266817,7,130266817,
CREBZF,ENSG00000137504,0.598056517053283,0.67228509181222,0.379812452885431,-0.000443807586547189,missense|LC,11085656253,11,85656253,
RASA1,ENSG00000145715,0.598070209994086,0.371976212924492,0.50181872530523,-0.000554088485626771,missense|LC,5087268330,5,87268330,
IL7,ENSG00000104432,0.598175361424908,0.786496447255482,0.412089337826627,-0.000281752604014669,missense|LC,8078733627,8,78733627,
TYW5,ENSG00000162971,0.598214668950827,0.602950212315497,0.376340440787603,-0.000531337326542745,missense|LC,2199925043,2,199925043,
VSIG10L2,ENSG00000283703,0.598370150891246,0.389757973717354,0.504446602296088,-0.000256742682905386,missense|LC,11125947348,11,125947348,
RORC,ENSG00000143365,0.598403006951327,0.746137733540876,0.431558871096294,0.000174292973595925,missense|LC,1151801071,1,151801071,
FRMD8,ENSG00000126391,0.598421366807212,0.602608042370729,0.386459287313851,0.000264290394435075,missense|LC,11065381813,11,65381813,
CCDC144A,ENSG00000170160,0.598427151391828,0.38906216907005,0.731132905785885,0.000383679991454722,missense|LC,17016690336,17,16690336,
CSRP2,ENSG00000175183,0.598476812941592,0.914441646281165,0.383902426427912,-0.000219294262711165,missense|LC,12076858897,12,76858897,
ITGAX,ENSG00000140678,0.598489539640836,0.377074814221677,0.513980986992982,-0.000277779302124359,missense|LC,16031355224,16,31355224,
CYLD,ENSG00000083799,0.598587916281329,0.376860667568848,0.442444368194072,0.000939746514253086,missense|LC,16050749618,16,50749618,
SLC30A4,ENSG00000104154,0.598667304853656,0.401755810013184,0.399155470090019,-0.000754810134055407,missense|LC,15045485116,15,45485116,
GLT1D1,ENSG00000151948,0.598677463296046,0.413569316473895,0.771864053186119,-0.000376185889531953,missense|LC,12128853469,12,128853469,
PCDH9,ENSG00000184226,0.598837697965182,0.90647303398184,0.428998748232122,-0.0000783026643247649,missense|LC,13066304600,13,66304600,
HBG2,ENSG00000196565,0.598899762929379,0.412906547424195,0.627995394013026,-0.0015031829772995,missense|LC,11005248251,11,5248251,
APBA2,ENSG00000034053,0.598990444225287,0.396056166260214,0.550924960439365,-0.000304050356009611,missense|LC,15029053815,15,29053815,
PPIP5K2,ENSG00000145725,0.599003348362255,0.382927838121399,0.797968806488461,0.000463885608470338,missense|LC,5103129527,5,103129527,
POLR1B,ENSG00000125630,0.599041096894617,0.379630216740555,0.902231667538303,0.00047694815858183,missense|LC,2112542024,2,112542024,
AC068946.1,ENSG00000280537,0.59906898685376,0.944657482937204,0.388168033683306,0.000173853526075296,missense|LC,2219076196,2,219076196,
GRIA3,ENSG00000125675,0.599095265631201,0.383002707004165,0.388233190974131,0.0008796576622932,missense|LC,23123184514,X,123184514,
SPX,ENSG00000134548,0.599115247889034,0.580284961542926,0.383868882389337,0.000933113962843918,missense|LC,12021526386,12,21526386,
FOXD4L5,ENSG00000204779,0.599124070417646,0.647694183617394,0.429839472554882,-0.000154888095512604,missense|LC,9065283189,9,65283189,
MRPL24,ENSG00000143314,0.599185158205776,0.503948804168336,0.395808325451205,0.000521791494400151,missense|LC,1156732304,1,156732304,
NANOS1,ENSG00000188613,0.599214044080371,0.494158434990597,0.396380678059703,-0.000274540773944257,missense|LC,10119029730,10,119029730,
IGSF10,ENSG00000152580,0.599223442021837,0.384869461447674,0.610281524312209,-0.000145296242656802,missense|LC,3151430168,3,151430168,
MAB21L2,ENSG00000181541,0.599259613588986,0.826152660571464,0.390187205209858,-0.000221428212424075,missense|LC,4150582926,4,150582926,
UQCR10,ENSG00000184076,0.599436025557129,0.960609658141861,0.39101591399642,0.000149432372763243,missense|LC,22029767320,22,29767320,
ARRDC1,ENSG00000197070,0.599461211516187,0.403918519098668,0.532760727376096,-0.000325775512795364,missense|LC,9137605657,9,137605657,
FBXO10,ENSG00000147912,0.599563989383704,0.572537204824129,0.380700993801946,-0.000248537868890271,missense|LC,9037512445,9,37512445,
TMEM47,ENSG00000147027,0.599621474437482,0.38495279379552,0.716112102204371,0.001796780068695,missense|LC,23034630248,X,34630248,
PFDN4,ENSG00000101132,0.599729763892849,0.651056941927271,0.392873316412233,-0.00100047329626387,missense|LC,20054208012,20,54208012,
KCNA2,ENSG00000177301,0.599775690305774,0.883445574457165,0.377802760118877,0.00021711990144778,missense|LC,1110593786,1,110593786,
TGM4,ENSG00000163810,0.599886548912186,0.987517869649424,0.435997042901382,0.00000234926779500642,missense|LC,3044873449,3,44873449,
CASQ1,ENSG00000143318,0.59989301490683,0.455266879407,0.390544814925779,0.000540086437525446,missense|LC,1160186242,1,160186242,
C4orf19,ENSG00000154274,0.600351931418799,0.780114209433687,0.412640358715296,-0.000133602262037957,missense|LC,4037588831,4,37588831,
CSNK1D,ENSG00000141551,0.600402081522911,0.411862309308375,0.891874167119242,-0.000527554968194488,missense|LC,17082235948,17,82235948,
GEMIN7,ENSG00000142252,0.600422849181202,0.386311384260157,0.498080179488666,0.00164680148342194,missense|LC,19045075595,19,45075595,
NEU2,ENSG00000115488,0.60042738974337,0.742292073197351,0.414702757179523,0.000160092953078691,missense|LC,2233032573,2,233032573,
ECSIT,ENSG00000130159,0.600479788899888,0.423982631583451,0.383365892904031,-0.000437228288937712,missense|LC,19011504458,19,11504458,
DUSP23,ENSG00000158716,0.600571596061185,0.438888631325901,0.478808280681276,0.000296258069682694,missense|LC,1159780974,1,159780974,
S100A16,ENSG00000188643,0.600696112847259,0.399864419446802,0.50972486172762,-0.000934004400349924,missense|LC,1153607438,1,153607438,
S100A5,ENSG00000196420,0.600784253509338,0.410694052333029,0.747477758214258,0.000940986214754005,missense|LC,1153534599,1,153534599,
CDIPT,ENSG00000103502,0.600806594295625,0.486939864767387,0.389850489467575,-0.000844049595129894,missense|LC,16029859096,16,29859096,
BSDC1,ENSG00000160058,0.60080791846044,0.923261397554628,0.393771465097991,0.000071867806744703,missense|LC,1032361388,1,32361388,
ZDHHC11,ENSG00000188818,0.600895440976525,0.398467176445176,0.908894593964144,0.000291752744713976,missense|LC,5000801002,5,801002,
DUSP4,ENSG00000120875,0.600939737585544,0.706367501936287,0.435040912501096,0.000233237435714254,missense|LC,8029336887,8,29336887,
DNLZ,ENSG00000213221,0.601003921698414,0.444824326711943,0.647019778442483,0.00028001157965814,missense|LC,9136354743,9,136354743,
MYO5C,ENSG00000128833,0.601008201982868,0.401023408820023,0.429300014337794,-0.000238985197846333,missense|LC,15052193809,15,52193809,
SLC6A18,ENSG00000164363,0.60102523209021,0.787815996111699,0.399809755417629,0.0000815684701631762,missense|LC,5001221040,5,1221040,
AUP1,ENSG00000115307,0.601200781390465,0.492431626272427,0.386910989499775,-0.000466014046519756,missense|LC,2074522473,2,74522473,
GIT2,ENSG00000139436,0.601202436570242,0.720481196641574,0.382736096979916,-0.000214831198125273,missense|LC,12109932966,12,109932966,
RWDD2B,ENSG00000156253,0.60124532963228,0.430111183480885,0.884333295454593,0.00044117550914151,missense|LC,21029006388,21,29006388,
FBXO39,ENSG00000177294,0.601295868486731,0.473677006502385,0.408012861945966,-0.000247519898124367,missense|LC,17006773055,17,6773055,
PMPCB,ENSG00000105819,0.601304649783154,0.416552508375841,0.809186541780884,-0.00034518291402562,missense|LC,7103297339,7,103297339,
OR10J1,ENSG00000196184,0.601419962670237,0.413781751857617,0.602640206809414,-0.000398289965929317,missense|LC,1159439688,1,159439688,
SOX14,ENSG00000168875,0.6014536170521,0.41150044681275,0.607752938704531,0.00100069150389798,missense|LC,3137764673,3,137764673,
LRRC1,ENSG00000137269,0.601462917328212,0.89349515945401,0.400020685542645,-0.0000984662248868722,missense|LC,6053795179,6,53795179,
CEP20,ENSG00000133393,0.601479869423856,0.858671008632494,0.418281602060463,0.000128614496721673,missense|LC,16015867378,16,15867378,
SYT5,ENSG00000129990,0.601520064159635,0.675800189400145,0.387713962515838,0.000301984053116172,missense|LC,19055166203,19,55166203,
PEG3,ENSG00000198300,0.60154668837973,0.448429479241988,0.388117350112097,-0.00015127791852078,missense|LC,19056810087,19,56810087,
UPP2,ENSG00000007001,0.601612535420159,0.913400889142559,0.427294594575822,0.00051962901797979,missense|LC,2157995118,2,157995118,
UBE2D3,ENSG00000109332,0.601649788653195,0.397338673321295,0.75032959851291,0.0076689712268579,missense|LC,4102797357,4,102797357,
SERPINA10,ENSG00000140093,0.601669700028197,0.939864070991872,0.406289403574087,0.000029593332388582,missense|LC,14094275462,14,94275462,
AC113348.2,ENSG00000285978,0.60171883036277,0.447303878069643,0.958970206028779,0.000934279685062584,missense|LC,5178711945,5,178711945,
SEC13,ENSG00000157020,0.601879055232536,0.694162305832849,0.38778498339757,-0.000316572453000426,missense|LC,3010301004,3,10301004,
STAT4,ENSG00000138378,0.601995230208172,0.419457017165916,0.603443288935189,0.000406426904635367,missense|LC,2191029776,2,191029776,
SLCO4A1,ENSG00000101187,0.60210016271133,0.898963920197245,0.394757261653906,-0.0000431842900313016,missense|LC,20062656377,20,62656377,
ZNF595,ENSG00000272602,0.602167043469027,0.413334863632634,0.471845398196503,-0.000268116693928437,missense|LC,4000053317,4,53317,
KIF3C,ENSG00000084731,0.602177904688017,0.825387725286053,0.381389830063288,-0.000149208513166817,missense|LC,2025928923,2,25928923,
EVI5,ENSG00000067208,0.602260316006141,0.402441365644949,0.782566732186939,0.000384769339800951,missense|LC,1092513622,1,92513622,
PSTPIP1,ENSG00000140368,0.602262222728307,0.91210031269601,0.428504944378169,-0.000892021357745674,missense|LC,15076994684,15,76994684,
IGF2R,ENSG00000197081,0.602287114824911,0.392987851631208,0.410508338226786,0.00124250875030478,missense|LC,6159969165,6,159969165,
C3orf70,ENSG00000187068,0.602356923282058,0.499995208887923,0.40252270405961,-0.000518079740020918,missense|LC,3185082920,3,185082920,
IST1,ENSG00000182149,0.602385750350317,0.499904490743324,0.38917162420779,-0.000441623364490769,missense|LC,16071894782,16,71894782,
TAF3,ENSG00000165632,0.602443643263043,0.431327889351994,0.951818571322912,-0.000385154988837814,missense|LC,10007818598,10,7818598,
SNAP23,ENSG00000092531,0.60249972179079,0.982661344952262,0.40155599985202,0.0000227388185723843,missense|LC,15042511809,15,42511809,
ABHD2,ENSG00000140526,0.602515377719464,0.97642807381787,0.37813106929617,0.000040304283813934,missense|LC,15089116248,15,89116248,
SLC39A6,ENSG00000141424,0.602531871201155,0.410941228616285,0.804121057115855,0.000402075359120972,missense|LC,18036109538,18,36109538,
CAV2,ENSG00000105971,0.602584566767074,0.912397895592985,0.402239607475208,-0.000147238144057593,missense|LC,7116499697,7,116499697,
KRTCAP3,ENSG00000157992,0.602603973325859,0.422565421676505,0.4354533172196,-0.000587776953158734,missense|LC,2027437370,2,27437370,
KMT5B,ENSG00000110066,0.602645946361976,0.393372570929216,0.644116372686061,-0.000368459774189187,missense|LC,11068157539,11,68157539,
RAC3,ENSG00000169750,0.602647130240664,0.61124025178489,0.455370934950626,-0.00035160330828125,missense|LC,17082026837,17,82026837,
BTLA,ENSG00000186265,0.602693879933478,0.387611372529116,0.501915054025141,0.00105651189287112,missense|LC,3112466016,3,112466016,
DNMBP,ENSG00000107554,0.602750345589249,0.386577829965329,0.549360727997285,-0.000268215967402583,missense|LC,10099877077,10,99877077,
RETNLB,ENSG00000163515,0.602908415767284,0.47015771541957,0.415529262518842,0.000749323024189138,missense|LC,3108755690,3,108755690,
PPM1D,ENSG00000170836,0.602996818738472,0.401136504485214,0.556913626647891,0.000519006734487695,missense|LC,17060600235,17,60600235,
ASCL1,ENSG00000139352,0.603014788668248,0.411083538745949,0.529866728923923,-0.00026244016951708,missense|LC,12102958174,12,102958174,
LMO3,ENSG00000048540,0.603063532023832,0.446508176433093,0.391435883520493,-0.00184043944522052,missense|LC,12016551213,12,16551213,
CHMP1B,ENSG00000255112,0.60309008375039,0.580352166928092,0.390973029198695,-0.000822077111332731,missense|LC,18011851392,18,11851392,
CDKN3,ENSG00000100526,0.60311025936031,0.417811149030916,0.899234699801969,0.000609474706113965,missense|LC,14054396953,14,54396953,
OTUD1,ENSG00000165312,0.60313231127884,0.379476008051014,0.46017844439278,0.000503091496131427,missense|LC,10023439458,10,23439458,
SSMEM1,ENSG00000165120,0.603159344534034,0.411071057949001,0.514201618683086,-0.000735838309387406,missense|LC,7130203730,7,130203730,
CNIH4,ENSG00000143771,0.603179478667133,0.427388302923198,0.606857309542654,-0.000403989145403689,missense|LC,1224356862,1,224356862,
TFPT,ENSG00000105619,0.603261197447661,0.388885692127456,0.618952986548231,0.000712542113076613,missense|LC,19054102762,19,54102762,
TNFRSF1A,ENSG00000067182,0.603284092128995,0.396082399237194,0.625152358312554,0.00067634639220107,missense|LC,12006326387,12,6326387,
KLHL29,ENSG00000119771,0.603387976447764,0.643141416467646,0.384548083560349,0.00021460662415223,missense|LC,2023562096,2,23562096,
MAPKAP1,ENSG00000119487,0.603389094495803,0.430767788923042,0.926929615399256,-0.000442018950823709,missense|LC,9125438769,9,125438769,
PSPN,ENSG00000125650,0.603441170717387,0.384151832388543,0.493463639036571,-0.000733704213821091,missense|LC,19006372714,19,6372714,
L3HYPDH,ENSG00000126790,0.603464001204083,0.410520287825816,0.55465690643028,-0.000414438323059248,missense|LC,14059472892,14,59472892,
CHRNG,ENSG00000196811,0.603487999581305,0.65112554969797,0.413499446710413,0.00015069566074724,missense|LC,2232535031,2,232535031,
RELL1,ENSG00000181826,0.60355340479662,0.455938121853419,0.406962633954281,0.000607861485423632,missense|LC,4037631297,4,37631297,
ZFP2,ENSG00000198939,0.603624025645422,0.441723089370663,0.904290857801225,0.00553421693800945,missense|LC,5178909608,5,178909608,
EGR3,ENSG00000179388,0.603628986421524,0.956199519996645,0.396051011275332,-0.0000838424454268022,missense|LC,8022690401,8,22690401,
PITX2,ENSG00000164093,0.60367352338402,0.474740827990706,0.438090492885716,-0.000459131901149218,missense|LC,4110618073,4,110618073,
MAGEC1,ENSG00000155495,0.603743001174012,0.526791576574585,0.391892776543536,-0.000113620122953396,missense|LC,23141904963,X,141904963,
PATE3,ENSG00000236027,0.603803719908982,0.462249504225925,0.694395615623353,0.000606596946139546,missense|LC,11125788077,11,125788077,
RDM1,ENSG00000278023,0.603816557769732,0.385855857320633,0.615669055386779,0.000973531902054397,missense|LC,17035918283,17,35918283,
ASCL3,ENSG00000176009,0.603857417403713,0.422459341998139,0.79762144198118,-0.000466380864349252,missense|LC,11008937530,11,8937530,
FUT4,ENSG00000196371,0.60389158893376,0.952146906070529,0.386123395375785,0.0000368879423583311,missense|LC,11094543986,11,94543986,
PPP1R1C,ENSG00000150722,0.603930459216747,0.391514487792547,0.571780512073245,-0.0038003283498525,missense|LC,2181986066,2,181986066,
KRTAP5-7,ENSG00000244411,0.603955927579453,0.434942416773172,0.679670560695378,-0.000372548491608541,missense|LC,11071527123,11,71527123,
MIER2,ENSG00000105556,0.604018983821408,0.859268452089771,0.386434401996511,-0.0000688051839865638,missense|LC,19000306580,19,306580,
ALG1,ENSG00000033011,0.604285576907416,0.397602518248393,0.955948940149533,-0.000356643866030641,missense|LC,16005071697,16,5071697,
SERPINB9,ENSG00000170542,0.604295903228526,0.398607160895066,0.751696690801378,0.000553902985033895,missense|LC,6002890083,6,2890083,
ACBD7,ENSG00000176244,0.604373226408494,0.856557949447903,0.464013332098428,0.000124899447691888,missense|LC,10015071439,10,15071439,
BMF,ENSG00000104081,0.604374883581068,0.461158079018191,0.41872572190831,0.00079149111625359,missense|LC,15040091746,15,40091746,
PLCH2,ENSG00000149527,0.604386525716002,0.80656939887337,0.396467508898474,0.0000551619511346672,missense|LC,1002476497,1,2476497,
SPINK8,ENSG00000229453,0.604446870212216,0.503488723139813,0.407011196694811,-0.00125544587486093,missense|LC,3048301842,3,48301842,
SMPX,ENSG00000091482,0.604502389066645,0.405032347541952,0.572529957995307,-0.00202693639174699,missense|LC,23021737528,X,21737528,
SCAF11,ENSG00000139218,0.604544528556199,0.551089038968654,0.388927679628625,-0.000172506857421167,missense|LC,12045921956,12,45921956,
RSBN1,ENSG00000081019,0.60456728644054,0.802855795212114,0.401977442292991,0.000141286945540927,missense|LC,1113757672,1,113757672,
AC006538.2,ENSG00000267001,0.604607201099166,0.384791387508671,0.450312388466104,0.00186626998816397,missense|LC,19002717121,19,2717121,
TMEM51,ENSG00000171729,0.60466456095611,0.925240463178426,0.40218102694856,-0.0000618032812068524,missense|LC,1015168365,1,15168365,
ISOC2,ENSG00000063241,0.604715762537288,0.499942075651673,0.400003348870966,-0.000493859040824813,missense|LC,19055453258,19,55453258,
CCDC18,ENSG00000122483,0.60472021881548,0.944705891728033,0.380258042575598,0.0000289277934819564,missense|LC,1093179957,1,93179957,
EXOSC7,ENSG00000075914,0.604843677939989,0.394187439356481,0.833553165440601,-0.00116222085991052,missense|LC,3044976186,3,44976186,
MRO,ENSG00000134042,0.604996331955386,0.488415147257021,0.414289857810326,0.000557574570209562,missense|LC,18050799283,18,50799283,
LRRC23,ENSG00000010626,0.605053608737857,0.387146145272082,0.772119092703465,-0.000681894154860999,missense|LC,12006905552,12,6905552,
E2F6,ENSG00000169016,0.60514375530822,0.860709886372761,0.387258612393969,-0.00018376338754614,missense|LC,2011446437,2,11446437,
AC104389.6,ENSG00000284931,0.605161815668821,0.86160244758873,0.401100931977051,-0.000284667419465426,missense|LC,11005248251,11,5248251,
SHOC2,ENSG00000108061,0.605253127309955,0.930095118480485,0.388484649791631,-0.000131295112650069,missense|LC,10110918059,10,110918059,
ZNF451,ENSG00000112200,0.605262385411896,0.423625637669647,0.882339949293016,0.000316200710822702,missense|LC,6057090097,6,57090097,
SCN5A,ENSG00000183873,0.605322792349576,0.754228404624019,0.38454867677259,-0.0000941498707785135,missense|LC,3038550159,3,38550159,
ANKK1,ENSG00000170209,0.605337162586767,0.389583018596446,0.514599716974639,0.000230205727700418,missense|LC,11113387773,11,113387773,
BICDL1,ENSG00000135127,0.605355797828797,0.663953876377418,0.418725298070261,-0.000415496185316731,missense|LC,12119989810,12,119989810,
AL589666.1,ENSG00000271793,0.605376806948587,0.461574831005367,0.442072556414059,-0.000877716472593993,missense|LC,6085557963,6,85557963,
AP000295.1,ENSG00000249624,0.60544509757682,0.392239378281553,0.435191704677484,-0.000489845892300853,missense|LC,21033229878,21,33229878,
IRF6,ENSG00000117595,0.605496252535568,0.382886619614784,0.854352440300727,0.00102743093298375,missense|LC,1209780618,1,209780618,
MLLT3,ENSG00000171843,0.605522477424804,0.991571811916396,0.39480044773913,0.00000329180242935713,missense|LC,9020346351,9,20346351,
RPS6KB1,ENSG00000108443,0.605547018313359,0.425819081285377,0.603631039116342,0.000947647892493216,missense|LC,17059890762,17,59890762,
DECR1,ENSG00000104325,0.605554786793045,0.514475937743808,0.439931632274776,-0.000288828093442174,missense|LC,8090001413,8,90001413,
CA7,ENSG00000168748,0.605584071196082,0.46461774998379,0.731169254325159,0.000475680877825277,missense|LC,16066844417,16,66844417,
E2F3,ENSG00000112242,0.605617633168439,0.533900772537916,0.410549281882605,-0.000323119634389471,missense|LC,6020402070,6,20402070,
TMEM151A,ENSG00000179292,0.605654098824563,0.411936392590729,0.73339103178616,0.000379848173485544,missense|LC,11066287508,11,66287508,
RTP2,ENSG00000198471,0.605861781185638,0.747106558502448,0.394843028363301,0.000241421161578545,missense|LC,3187698424,3,187698424,
CNGA3,ENSG00000144191,0.605936637179927,0.399339011248238,0.702720361695456,0.00028104135492705,missense|LC,2098369917,2,98369917,
RBMXL3,ENSG00000175718,0.606028901655413,0.571923705801634,0.387665070549042,0.0000984118125324981,missense|LC,23115184422,X,115184422,
TOP2B,ENSG00000077097,0.606029082873639,0.380317395813031,0.416160167185284,-0.00036107185216019,missense|LC,3025593439,3,25593439,
FAAH,ENSG00000117480,0.60617387672307,0.40876118745324,0.547144521669196,0.000547906744071924,missense|LC,1046394229,1,46394229,
FAM91A1,ENSG00000176853,0.606203952464231,0.386397944138471,0.749496495974698,0.000552074799589091,missense|LC,8123768628,8,123768628,
SHPRH,ENSG00000146414,0.606245564650736,0.889507200299569,0.391379801679257,-0.0000419669442061635,missense|LC,6145886539,6,145886539,
MAOB,ENSG00000069535,0.606352446052993,0.394596618839979,0.575195915366909,-0.000636475913907438,missense|LC,23043767399,X,43767399,
TM9SF3,ENSG00000077147,0.606404198769924,0.425679926909227,0.699103502254456,0.000348315450801821,missense|LC,10096513399,10,96513399,
SAMD15,ENSG00000100583,0.606408592121085,0.931276598439017,0.403904474677864,-0.0000344090837882672,missense|LC,14077376892,14,77376892,
SPC25,ENSG00000152253,0.606467612953076,0.396139966170905,0.751645660904178,0.000827404653750077,missense|LC,2168871343,2,168871343,
OR1D5,ENSG00000262628,0.60650524581538,0.432545135523819,0.773740865259929,-0.000537997858081831,missense|LC,17003062682,17,3062682,
NOVA2,ENSG00000104967,0.606509024362981,0.743636265359606,0.386976659303315,-0.000489956312592829,missense|LC,19045939750,19,45939750,
FOLR1,ENSG00000110195,0.606622231521594,0.70090436163996,0.431564704251381,-0.000288265309003909,missense|LC,11072192087,11,72192087,
FAM216A,ENSG00000204856,0.606629322850008,0.43661922613113,0.49080115726867,0.000353329807698246,missense|LC,12110465099,12,110465099,
CCAR1,ENSG00000060339,0.606666860664694,0.968632607570861,0.381852705636969,-0.0000296883183300032,missense|LC,10068722461,10,68722461,
NBAS,ENSG00000151779,0.606703067252454,0.626729184713132,0.39355764742177,-0.0000955530076359447,missense|LC,2015166929,2,15166929,
PYM1,ENSG00000170473,0.606796584088332,0.62504675446152,0.387777886851211,0.000766989582709669,missense|LC,12055901746,12,55901746,
ALKBH4,ENSG00000160993,0.606880933262876,0.867950793631725,0.391532655434681,-0.0000921581530180762,missense|LC,7102457299,7,102457299,
RALY,ENSG00000125970,0.60688461272373,0.427756230846153,0.908070119046611,0.000293977282446643,missense|LC,20034071973,20,34071973,
SLC8B1,ENSG00000089060,0.606968725821773,0.817816576472531,0.382705110594686,-0.000143298103287874,missense|LC,12113295851,12,113295851,
RGR,ENSG00000148604,0.606979468185823,0.410760570163457,0.437927852146035,0.000454251648294093,missense|LC,10084241193,10,84241193,
EXOC3L1,ENSG00000179044,0.607047346910023,0.401811343515215,0.533578253742083,0.000204373828217486,missense|LC,16067179381,16,67179381,
HLCS,ENSG00000159267,0.607047359421533,0.433876588455279,0.823644080628793,0.000219564679172377,missense|LC,21036744614,21,36744614,
GCG,ENSG00000115263,0.607051764692688,0.422976441418463,0.54476587278643,0.000577025218439438,missense|LC,2162143968,2,162143968,
ARMH1,ENSG00000198520,0.607133501905591,0.982832603244007,0.45375200312889,-0.00000636887750115853,missense|LC,1044673759,1,44673759,
ATP2A3,ENSG00000074370,0.607133821747005,0.402509292218504,0.677466976064873,0.000255193349133219,missense|LC,17003925290,17,3925290,
SPEGNB,ENSG00000286095,0.607245037978283,0.586592380594203,0.444645683202667,-0.000296864888057727,missense|LC,2219491736,2,219491736,
RFPL4B,ENSG00000251258,0.607245878518615,0.750594229559451,0.402247146620809,0.000196381030139747,missense|LC,6112349647,6,112349647,
SDHC,ENSG00000143252,0.607378098734808,0.895650936629119,0.396751858159582,-0.000181729308402434,missense|LC,1161309798,1,161309798,
TAF13,ENSG00000197780,0.607433905375979,0.425888139250558,0.434944808875384,0.00122866443533599,missense|LC,1109064430,1,109064430,
SPAG17,ENSG00000155761,0.607437773725246,0.690540092651283,0.401200268427563,0.000218012891834491,missense|LC,1117949653,1,117949653,
TPD52L2,ENSG00000101150,0.607556281701849,0.524962667640857,0.430396347951916,0.000448826941316583,missense|LC,20063861434,20,63861434,
RAB40B,ENSG00000141542,0.607705648871752,0.674157549821408,0.402955758264611,-0.000358349142382207,missense|LC,17082657776,17,82657776,
NCR1,ENSG00000189430,0.607708395123738,0.68881085669428,0.390692037225127,0.000396200235031767,missense|LC,19054906085,19,54906085,
AKAP10,ENSG00000108599,0.607756813126115,0.832663415750885,0.382866139593875,-0.000200253584676807,missense|LC,17019906145,17,19906145,
FGF8,ENSG00000107831,0.607765449896496,0.453562233133578,0.618177370695118,0.00048076436376783,missense|LC,10101770329,10,101770329,
PIP4K2C,ENSG00000166908,0.607771828852362,0.846509580443538,0.381682055657887,-0.000194153556575322,missense|LC,12057591198,12,57591198,
PAK1IP1,ENSG00000111845,0.608363213835137,0.388445844658854,0.405189901750425,-0.000883502691573188,missense|LC,6010694955,6,10694955,
KRBOX4,ENSG00000147121,0.608363419854116,0.395317215053041,0.624961283332462,-0.00120840216731463,missense|LC,23046450433,X,46450433,
DES,ENSG00000175084,0.608416431231743,0.797058624486575,0.385110843715591,0.000199886408042535,missense|LC,2219418374,2,219418374,
NPBWR2,ENSG00000125522,0.60843963261365,0.590528686527004,0.424545600567542,-0.000235811999224357,missense|LC,20064105821,20,64105821,
TUT4,ENSG00000134744,0.608461296033206,0.378357764842888,0.783746480850441,-0.000413437809212452,missense|LC,1052423748,1,52423748,
CTIF,ENSG00000134030,0.608658035092916,0.388662163476951,0.5697183131779,0.000463382322309387,missense|LC,18048619485,18,48619485,
LRRC3C,ENSG00000204913,0.608779572833668,0.498024991577856,0.399746262638621,-0.00036605031330821,missense|LC,17039939282,17,39939282,
GGT1,ENSG00000100031,0.608783326663791,0.567673658387569,0.407450470017697,-0.000188539154223419,missense|LC,22024611006,22,24611006,
FOXRED1,ENSG00000110074,0.608838177583161,0.412262101528073,0.656710789058611,-0.000370028565255828,missense|LC,11126264154,11,126264154,
RNF207,ENSG00000158286,0.608845748284918,0.516028317577054,0.4049627386562,0.000254786984413299,missense|LC,1006206476,1,6206476,
ZNF85,ENSG00000105750,0.608887817189859,0.521573100097312,0.416678728724806,-0.000232153204910749,missense|LC,19020923263,19,20923263,
KRT25,ENSG00000204897,0.608952098788562,0.955903504555041,0.401846201271301,0.0000275059238381371,missense|LC,17040748248,17,40748248,
KLF6,ENSG00000067082,0.609015636051917,0.465114820367784,0.421675097542533,0.000909521472731466,missense|LC,10003779481,10,3779481,
TTC39C,ENSG00000168234,0.60911319482954,0.405379204458785,0.534172030805411,-0.000510193360904934,missense|LC,18024014693,18,24014693,
INPP5E,ENSG00000148384,0.609245131872401,0.895260471001461,0.379606455718157,-0.0000701765580133548,missense|LC,9136429565,9,136429565,
AGGF1,ENSG00000164252,0.609346550378598,0.85604407790256,0.393220701501048,0.000101458135879256,missense|LC,5077030669,5,77030669,
MTRES1,ENSG00000130349,0.609350849332403,0.836416921781368,0.396900903861414,0.000194290499481439,missense|LC,6107028815,6,107028815,
PIP5K1C,ENSG00000186111,0.609372150882707,0.396069450654644,0.836735936514101,0.000451296663826557,missense|LC,19003636603,19,3636603,
OTUD7B,ENSG00000264522,0.609525273704728,0.793678992040453,0.380865495231665,0.000118695485376663,missense|LC,1149933288,1,149933288,
TFCP2,ENSG00000135457,0.609595962674035,0.969705255621082,0.388410867477637,0.0000501924448308455,missense|LC,12051095170,12,51095170,
TRIM63,ENSG00000158022,0.609604885106105,0.899752470995128,0.430460337824526,-0.0000544923804399759,missense|LC,1026046302,1,26046302,
NPY2R,ENSG00000185149,0.609778859378901,0.400357429608155,0.910026917396277,-0.00077727814421999,missense|LC,4155213893,4,155213893,
KCNRG,ENSG00000198553,0.60983034016703,0.402915258623155,0.785546394452977,0.000670505183226267,missense|LC,13050011837,13,50011837,
NOTO,ENSG00000214513,0.6099996159603,0.445775154504822,0.656728979672693,0.000428237499870713,missense|LC,2073202574,2,73202574,
PRAMEF4,ENSG00000243073,0.610068750011333,0.854542993914011,0.404180528817392,0.0000464250716087337,missense|LC,1012879520,1,12879520,
CDCP1,ENSG00000163814,0.610130083726582,0.40065881955315,0.910263032595895,-0.00033888395933155,missense|LC,3045085559,3,45085559,
ADGRG2,ENSG00000173698,0.610236224963921,0.704452002411442,0.464573036116744,0.000248686819750837,missense|LC,23018990839,X,18990839,
C1QTNF4,ENSG00000172247,0.610311596830096,0.411939075291407,0.619779495146344,-0.000363739234714599,missense|LC,11047586724,11,47586724,
ADAM7,ENSG00000069206,0.610334921341016,0.59930440457309,0.389048027762209,0.000264348363115492,missense|LC,8024441043,8,24441043,
MICOS10,ENSG00000173436,0.610486667908724,0.433708932751702,0.893528861503783,0.00109618362011095,missense|LC,1019596961,1,19596961,
COX5B,ENSG00000135940,0.610586701661726,0.607703395934618,0.39826700576356,-0.000578719930238468,missense|LC,2097646035,2,97646035,
PAK6,ENSG00000137843,0.610594216628388,0.850810272754636,0.398335817880125,0.0000682378249759344,missense|LC,15040252191,15,40252191,
ARL10,ENSG00000175414,0.610688326319792,0.929380763396505,0.437623075064903,-0.0000431490706595866,missense|LC,5176365475,5,176365475,
FRMPD3,ENSG00000147234,0.610806963521588,0.385511006669924,0.797951590696825,0.000236223836916094,missense|LC,23107526533,X,107526533,
TRAPPC8,ENSG00000153339,0.610833082929847,0.644551414523152,0.408537993585773,-0.000115083458091624,missense|LC,18031830690,18,31830690,
MAP3K5,ENSG00000197442,0.610843177197697,0.711439193514665,0.37916769438794,-0.000232034286149217,missense|LC,6136557718,6,136557718,
UNCX,ENSG00000164853,0.610849643450885,0.730145927724664,0.384275395132908,0.000215461201162364,missense|LC,7001232956,7,1232956,
TAF1A,ENSG00000143498,0.610881404878991,0.444227946788435,0.468049035955391,-0.000345648040285312,missense|LC,1222558644,1,222558644,
BCLAF3,ENSG00000173681,0.610944647228251,0.986368620104217,0.444406982885756,-0.00000345923878237733,missense|LC,23019917274,X,19917274,
HOXA4,ENSG00000197576,0.611231801145099,0.846985391212379,0.40894209144423,0.0000994074717662283,missense|LC,7027129217,7,27129217,
PDHB,ENSG00000168291,0.611425939816525,0.401423240729532,0.776587517006091,-0.000907261296882083,missense|LC,3058422630,3,58422630,
ZNF77,ENSG00000175691,0.611486102436506,0.413106991476849,0.592664385802497,0.000279711952114272,missense|LC,19002933380,19,2933380,
TUBA1A,ENSG00000167552,0.611493020815959,0.400548074970804,0.529730947001437,0.00640967038735535,missense|LC,12049184963,12,49184963,
UFM1,ENSG00000120686,0.611494073192883,0.413491700458102,0.454608845248587,-0.00177272283351837,missense|LC,13038349785,13,38349785,
AL031681.3,ENSG00000288000,0.611555812858777,0.397185291845111,0.564158975330232,0.000261403542935354,missense|LC,20043457971,20,43457971,
RAB37,ENSG00000172794,0.611582855231997,0.606375258224763,0.400410236141963,-0.000574928766150849,missense|LC,17074736451,17,74736451,
CTSS,ENSG00000163131,0.611649446716005,0.920597905326619,0.410258657981449,-0.000124920475760116,missense|LC,1150733010,1,150733010,
NT5C1B,ENSG00000185013,0.611654476345265,0.982074829202603,0.415559118676927,-0.00000843982380431081,missense|LC,2018560075,2,18560075,
TAF1,ENSG00000147133,0.611718457235062,0.456918977427894,0.430456036087603,0.000251807598067999,missense|LC,23071366247,X,71366247,
CRTC2,ENSG00000160741,0.611753004669785,0.394928665867577,0.571447961284587,-0.000554676223712894,missense|LC,1153942676,1,153942676,
WFDC12,ENSG00000168703,0.61176715258739,0.637093742950532,0.391086411295678,0.000820076487799131,missense|LC,20045123777,20,45123777,
VMO1,ENSG00000182853,0.611816361785108,0.403841816777193,0.573438193768747,-0.00100044233793308,missense|LC,17004780730,17,4780730,
ACSS2,ENSG00000131069,0.611997687671498,0.9674052994678,0.407859133993932,0.0000150298227411268,missense|LC,20034872586,20,34872586,
DGAT2L6,ENSG00000184210,0.612030792005202,0.392621505586514,0.499453341194789,-0.000682479755134984,missense|LC,23070177538,X,70177538,
BCL2L15,ENSG00000188761,0.6120448187471,0.563939958706657,0.390158499384504,0.000758249860660544,missense|LC,1113881009,1,113881009,
PAQR9,ENSG00000188582,0.612214917735916,0.930255381772491,0.406395166009767,0.0000765698689585347,missense|LC,3142962109,3,142962109,
CCL15-CCL14,ENSG00000275688,0.612231136876897,0.708555267143089,0.443708616534441,-0.000353638873931122,missense|LC,17035981301,17,35981301,
FBXL5,ENSG00000118564,0.612276217528199,0.392885011495277,0.913846489338969,0.000695426862782026,missense|LC,4015599483,4,15599483,
SDHAF1,ENSG00000205138,0.612295060802489,0.513350904316807,0.395473823014087,-0.00130040772206159,missense|LC,19035995226,19,35995226,
TMEM102,ENSG00000181284,0.612295792090387,0.510242898779841,0.422861625663699,-0.000334523376432893,missense|LC,17007435793,17,7435793,
CRYGD,ENSG00000118231,0.61230717872379,0.736031951093156,0.437272167958705,-0.000143952628302344,missense|LC,2208121545,2,208121545,
CCL15,ENSG00000275718,0.612371322665473,0.717577373800539,0.443131196251275,-0.000340767692709111,missense|LC,17035997746,17,35997746,
MRPL52,ENSG00000172590,0.612394723051763,0.489159348151486,0.750396544016693,0.000374871644146075,missense|LC,14022829878,14,22829878,
BAX,ENSG00000087088,0.61251361290258,0.534542895204657,0.407519346618703,-0.000521845342505361,missense|LC,19048954827,19,48954827,
CYP2A6,ENSG00000255974,0.612631246351937,0.40583683225056,0.98132357271662,0.000300085598567487,missense|LC,19040843684,19,40843684,
SULT1B1,ENSG00000173597,0.612682855996929,0.405327132545321,0.604798103254511,-0.000559751054025774,missense|LC,4069727033,4,69727033,
OR8G3P,ENSG00000255425,0.612753660973917,0.899496843775973,0.402190220339887,-0.0000616969624959954,missense|LC,11124207819,11,124207819,
REST,ENSG00000084093,0.612834482036791,0.409453024316933,0.670721108312411,0.000252233262391335,missense|LC,4056910564,4,56910564,
HPGD,ENSG00000164120,0.612907631009592,0.48436891583296,0.670406054013375,0.00035831673090429,missense|LC,4174491902,4,174491902,
AC008878.3,ENSG00000268861,0.612981225956703,0.406663312602131,0.411810907793365,-0.000224149014648446,missense|LC,19007378317,19,7378317,
MYF6,ENSG00000111046,0.613092959640377,0.830898007123093,0.424239263739825,-0.000120418719057735,missense|LC,12080707627,12,80707627,
KRT76,ENSG00000185069,0.613135222218353,0.7667826873441,0.407582159474306,-0.0000877180896418574,missense|LC,12052768612,12,52768612,
PYURF,ENSG00000145337,0.613190984029305,0.462952118948361,0.623005792636566,0.000653925688706908,missense|LC,4088521508,4,88521508,
PENK,ENSG00000181195,0.613296983580261,0.425966791270357,0.637654662623626,-0.000527204181192098,missense|LC,8056441241,8,56441241,
POLR3C,ENSG00000186141,0.61349507055557,0.58020273391399,0.433897523046836,0.000211443371610451,missense|LC,1145823719,1,145823719,
TPK1,ENSG00000196511,0.613557650380654,0.49468154202286,0.55589194069572,-0.000349670372532228,missense|LC,7144453507,7,144453507,
ZNF273,ENSG00000198039,0.613560255940291,0.586209258639721,0.426759042211254,-0.000247139035467166,missense|LC,7064903263,7,64903263,
OBSL1,ENSG00000124006,0.613610797853171,0.396445636128286,0.936630441197589,-0.000184737948491681,missense|LC,2219547429,2,219547429,
MAB21L4,ENSG00000172478,0.613658318207666,0.494374271909694,0.413458279294359,-0.000239434327505804,missense|LC,2240887026,2,240887026,
ESR2,ENSG00000140009,0.613743872116784,0.408930296200363,0.94886200879712,-0.000346942734917258,missense|LC,14064233089,14,64233089,
MRFAP1,ENSG00000179010,0.613744321857732,0.417490285809345,0.723767486132174,-0.00122336510293487,missense|LC,4006640828,4,6640828,
AGO1,ENSG00000092847,0.613831763723354,0.492091237876364,0.407639905893903,0.00069452379839486,missense|LC,1035882734,1,35882734,
OR1J1,ENSG00000136834,0.613970358257437,0.659309768817473,0.414541021044435,-0.000322738653912582,missense|LC,9122476974,9,122476974,
TRIM54,ENSG00000138100,0.614136643117543,0.984324389269718,0.407287950171652,0.00000973405069572849,missense|LC,2027277655,2,27277655,
PHLPP2,ENSG00000040199,0.614229783036953,0.409209208936044,0.619261241951214,-0.000272818794074185,missense|LC,16071640292,16,71640292,
SAPCD2,ENSG00000186193,0.614248725288713,0.893181239106091,0.398387926033095,0.0000839383904561851,missense|LC,9137064555,9,137064555,
CFDP1,ENSG00000153774,0.614266541143352,0.869208355189461,0.436715803180597,0.0000762226802951505,missense|LC,16075293904,16,75293904,
MAGED1,ENSG00000179222,0.614380887127933,0.687525695892652,0.399742008709857,0.000209263300972603,missense|LC,23051894258,X,51894258,
SLC6A4,ENSG00000108576,0.614391076007781,0.609379298062375,0.402456000974908,-0.000368351264606999,missense|LC,17030198439,17,30198439,
HEATR4,ENSG00000187105,0.614477319375624,0.638831599140972,0.396878819889745,0.000157486732845888,missense|LC,14073478578,14,73478578,
AC097625.1,ENSG00000285602,0.614478287551884,0.989909045011026,0.433316393037396,0.00000895930767421798,missense|LC,23015556047,X,15556047,
TAF7,ENSG00000178913,0.614570238480349,0.787408705501633,0.419813843582378,0.000247209073135015,missense|LC,5141318928,5,141318928,
USP51,ENSG00000247746,0.614600087334267,0.437382829045944,0.939610644722781,-0.000341557676978355,missense|LC,23055486705,X,55486705,
NUP214,ENSG00000126883,0.614820948381769,0.897543423530356,0.384602187532183,0.0000357178345655947,missense|LC,9131125462,9,131125462,
AC068533.4,ENSG00000249319,0.614834135239137,0.386722278672103,0.449640363006168,-0.000785719973148386,missense|LC,7066082782,7,66082782,
SLC22A2,ENSG00000112499,0.614883085381458,0.390748095285861,0.594279364242687,-0.000502578174964405,missense|LC,6160217405,6,160217405,
CAPSL,ENSG00000152611,0.614904373722364,0.877558102002954,0.40333043479271,-0.000125493317683498,missense|LC,5035904509,5,35904509,
MAP2K6,ENSG00000108984,0.614985805306081,0.48309513952741,0.414634692093301,-0.00079014792181382,missense|LC,17069414918,17,69414918,
DYNLT3,ENSG00000165169,0.614997783046455,0.399397427496354,0.62503841863525,-0.00123642294360178,missense|LC,23037840535,X,37840535,
ZBED8,ENSG00000221886,0.615032067587311,0.435008395749407,0.42278232305305,-0.000304463731072473,missense|LC,5160393673,5,160393673,
RAC1,ENSG00000136238,0.615051647793369,0.610765697343151,0.400524929614559,-0.00166130197563242,missense|LC,7006374640,7,6374640,
ACOT7,ENSG00000097021,0.615073056568037,0.45468293815801,0.394762452182152,-0.000789217085828296,missense|LC,1006264519,1,6264519,
ALDH1L2,ENSG00000136010,0.615104266048984,0.398106778396277,0.51764528726646,-0.000361187474113984,missense|LC,12105024325,12,105024325,
SLC26A7,ENSG00000147606,0.615138319562901,0.974450085010754,0.410280438953295,0.0000112563238173513,missense|LC,8091249578,8,91249578,
ACOT4,ENSG00000177465,0.615140608703027,0.67131796496578,0.402215560288095,0.000238095508851823,missense|LC,14073591854,14,73591854,
ELF2,ENSG00000109381,0.615203387482105,0.814100376305644,0.428067978400455,-0.00010122465883031,missense|LC,4139058855,4,139058855,
SPANXN4,ENSG00000189326,0.615238793893649,0.845188178122364,0.40577467850674,0.000221057028609234,missense|LC,23143025955,X,143025955,
AC011511.4,ENSG00000267303,0.615255442564021,0.537277197375603,0.44358454951349,0.000462524440482068,missense|LC,19010310477,19,10310477,
PRCP,ENSG00000137509,0.615276433944776,0.401356152910942,0.415903458384671,-0.000468406032992417,missense|LC,11082824828,11,82824828,
SALL1,ENSG00000103449,0.615329485963038,0.402757393750553,0.409968313772965,0.000231955182659097,missense|LC,16051137047,16,51137047,
RAX2,ENSG00000173976,0.615332581400184,0.394702514938944,0.823976735912803,0.000700586846611986,missense|LC,19003765076,19,3765076,
TSN,ENSG00000211460,0.61534479231803,0.396481074911134,0.535538136594243,0.00268705031306699,missense|LC,2121755667,2,121755667,
ZNF683,ENSG00000176083,0.615469684560193,0.429258258866335,0.738402383241911,-0.000360029950845759,missense|LC,1026361512,1,26361512,
ZFAND6,ENSG00000086666,0.615494483440662,0.937310255630404,0.39948022775383,0.0000878490844741719,missense|LC,15080120253,15,80120253,
ABCC12,ENSG00000140798,0.61555829753138,0.908174453596269,0.391040708683655,0.0000334588628266244,missense|LC,16048083634,16,48083634,
PDHX,ENSG00000110435,0.615569047008227,0.418465382555524,0.494872971710363,0.000349073060909585,missense|LC,11034916106,11,34916106,
TTC30A,ENSG00000197557,0.615575982367496,0.423282332775068,0.871342674964599,-0.000286486495300425,missense|LC,2177616630,2,177616630,
IL18,ENSG00000150782,0.615585492524581,0.425002955771475,0.76885307890757,-0.00144011152168584,missense|LC,11112143561,11,112143561,
KCNE4,ENSG00000152049,0.615616054343548,0.661053947454956,0.438928056646602,-0.000264877607745647,missense|LC,2223052070,2,223052070,
PLEKHF2,ENSG00000175895,0.615647561206639,0.396271084718024,0.61125612232679,-0.00138733675288767,missense|LC,8095153969,8,95153969,
TMEM30A,ENSG00000112697,0.615717815983925,0.670103100255543,0.386180959857799,0.000512179794971306,missense|LC,6075256063,6,75256063,
SHB,ENSG00000107338,0.615727648243972,0.395031428165698,0.908612269347247,-0.00104382545786654,missense|LC,9037919764,9,37919764,
TRIM49,ENSG00000168930,0.615737489210237,0.616864092272852,0.433341193764201,-0.000108142296830674,missense|LC,11089798098,11,89798098,
MDP1,ENSG00000213920,0.615749903959406,0.402799133017725,0.806265117216502,-0.00107335248449174,missense|LC,14024209803,14,24209803,
VIPAS39,ENSG00000151445,0.615828945207717,0.570228581208201,0.406988919387355,-0.000279433473357702,missense|LC,14077422660,14,77422660,
LIPA,ENSG00000107798,0.615863431260903,0.450139049301038,0.502480965862058,-0.000518629225023954,missense|LC,10089214819,10,89214819,
ACVR1C,ENSG00000123612,0.615874828945568,0.763695291679394,0.432809352274892,0.000210826313915112,missense|LC,2157533818,2,157533818,
RPP40,ENSG00000124787,0.615931195882988,0.419972793083285,0.676006039650711,-0.000568911161838407,missense|LC,6004995019,6,4995019,
MYO15A,ENSG00000091536,0.615973105543222,0.880540098139942,0.393932330014803,0.0000210043164846108,missense|LC,17018103762,17,18103762,
REG1B,ENSG00000172023,0.616001276009752,0.595177068075076,0.414868616352228,-0.000481659715033169,missense|LC,2079085185,2,79085185,
TTLL8,ENSG00000138892,0.616117668914538,0.541707610478894,0.407603846887516,0.000195315248336536,missense|LC,22050027544,22,50027544,
CLEC7A,ENSG00000172243,0.61612792375654,0.42896139070986,0.535009760357037,0.00072602742636398,missense|LC,12010112058,12,10112058,
MED21,ENSG00000152944,0.616133759279173,0.419750228470267,0.786697690189181,0.0011484175720459,missense|LC,12027022481,12,27022481,
ID3,ENSG00000117318,0.616194549859957,0.668030684199447,0.42015041822691,-0.000311160615616158,missense|LC,1023558898,1,23558898,
FRMPD2,ENSG00000170324,0.61626799910841,0.405518045093003,0.766214922901811,-0.000191906073173368,missense|LC,10048163635,10,48163635,
CISD3,ENSG00000277972,0.616281109266561,0.395685930140204,0.634143947037878,-0.00172455500724006,missense|LC,17038725489,17,38725489,
INTS4,ENSG00000149262,0.616349789701894,0.436235493497569,0.401865209325362,-0.000350120149654324,missense|LC,11077878901,11,77878901,
TMEM192,ENSG00000170088,0.616352176075651,0.414969001596062,0.585775253641103,-0.000685661944158502,missense|LC,4165079547,4,165079547,
PCDHB1,ENSG00000171815,0.616420271509785,0.883065552392252,0.402471253024011,-0.0000859960735663643,missense|LC,5141051379,5,141051379,
TMEM109,ENSG00000110108,0.616421368413502,0.40754652224686,0.601110986351232,0.000718065407086657,missense|LC,11060919640,11,60919640,
NCAPD2,ENSG00000010292,0.616571567463351,0.401535483872262,0.400167442499306,-0.000262770612058554,missense|LC,12006492188,12,6492188,
IGFBP4,ENSG00000141753,0.616573430450001,0.397524221018546,0.706733178321638,0.000873628626381278,missense|LC,17040443674,17,40443674,
ARNTL2,ENSG00000029153,0.616756142034393,0.776900363334679,0.412670324750494,-0.000122446353105738,missense|LC,12027333052,12,27333052,
GLB1,ENSG00000170266,0.616768622860469,0.673332843951426,0.394168040806284,0.000728178093960057,missense|LC,3032996899,3,32996899,
NXT2,ENSG00000101888,0.616783195583355,0.419553377684076,0.4870005411533,-0.000787332730521695,missense|LC,23109535866,X,109535866,
AC078927.1,ENSG00000228144,0.616790663540012,0.452573510822084,0.427769158310071,-0.000851367572631313,missense|LC,12066123750,12,66123750,
EPYC,ENSG00000083782,0.616796384185582,0.418406443614848,0.46455372769025,-0.000400432562940318,missense|LC,12090964091,12,90964091,
RTCB,ENSG00000100220,0.617057893191559,0.413001304233083,0.796256815256587,0.000625690283740497,missense|LC,22032387971,22,32387971,
CCDC14,ENSG00000175455,0.617172312375967,0.897225771157335,0.393181212280039,-0.0000754107732828279,missense|LC,3123913302,3,123913302,
GDE1,ENSG00000006007,0.617255254066347,0.417862769856306,0.861021729757544,-0.000569042545522281,missense|LC,16019497039,16,19497039,
FXYD4,ENSG00000150201,0.617315847324488,0.414424733392604,0.507841619521444,-0.00122187581885161,missense|LC,10043373716,10,43373716,
HES5,ENSG00000197921,0.617608690487231,0.405241157126243,0.466118485339908,-0.000706255252536949,missense|LC,1002526382,1,2526382,
AGR3,ENSG00000173467,0.617667465068708,0.68798236322054,0.451937206172671,0.000381354040133654,missense|LC,7016859544,7,16859544,
NHLRC4,ENSG00000257108,0.617684342767138,0.770391625108617,0.459456142178899,-0.000292551875726483,missense|LC,16000563164,16,563164,
SERGEF,ENSG00000129158,0.617740960452473,0.480978096905776,0.401839944610677,-0.000729736379882708,missense|LC,11017788025,11,17788025,
GTSF1,ENSG00000170627,0.617754791926879,0.723210763181678,0.444399717246113,-0.000346231290794486,missense|LC,12054459054,12,54459054,
ARHGAP22,ENSG00000128805,0.617787778086453,0.757406449269944,0.390731119016307,0.000141196707606337,missense|LC,10048446340,10,48446340,
KPNA4,ENSG00000186432,0.617857589331988,0.386039863151145,0.619685937870237,-0.00124608162154103,missense|LC,3160502090,3,160502090,
PRAMEF10,ENSG00000187545,0.617899570735263,0.436662551029155,0.623402372147707,0.00013189165554402,missense|LC,1012892856,1,12892856,
CATSPER4,ENSG00000188782,0.617913694184602,0.692727585613425,0.425417866337595,0.000160665503267513,missense|LC,1026187118,1,26187118,
TMEM239,ENSG00000198326,0.61810957316608,0.402145692724065,0.937958686225604,0.00090954573972419,missense|LC,20002815076,20,2815076,
OPA3,ENSG00000125741,0.618380552379599,0.423297920413916,0.422932668492558,-0.000950311518536362,missense|LC,19045522427,19,45522427,
GAPDHS,ENSG00000105679,0.618449698569957,0.670305039020867,0.432068310913718,-0.00022466894768076,missense|LC,19035533469,19,35533469,
DYTN,ENSG00000232125,0.618754857635989,0.449250075129634,0.672386121111998,0.000216485305360832,missense|LC,2206648569,2,206648569,
FAM114A2,ENSG00000055147,0.618793920361747,0.870071158689491,0.447265687066202,-0.000308291644295642,missense|LC,5153992910,5,153992910,
NFE2L3,ENSG00000050344,0.618799126569267,0.490922738063685,0.418078651629645,-0.000180287985979796,missense|LC,7026152422,7,26152422,
OR13H1,ENSG00000171054,0.618832391159217,0.490738692235943,0.492832559367941,0.000144626905993757,missense|LC,23131544056,X,131544056,
MAP1S,ENSG00000130479,0.618857737841294,0.787152089570595,0.407771394679988,0.000069464523524466,missense|LC,19017719441,19,17719441,
C2orf73,ENSG00000177994,0.618898774698202,0.405020343679638,0.733213638802168,0.00069066512719702,missense|LC,2054330901,2,54330901,
SH3D19,ENSG00000109686,0.618905008126223,0.497308113585447,0.426937512081826,0.000286745425303232,missense|LC,4151122100,4,151122100,
PLIN4,ENSG00000167676,0.618957830602544,0.388959111715662,0.565013528811083,-0.000212007708781275,missense|LC,19004497887,19,4497887,
ZDHHC23,ENSG00000184307,0.619068592346808,0.395580314255228,0.418746451459325,0.000906965705572844,missense|LC,3113945378,3,113945378,
RPS6KA2,ENSG00000071242,0.619114223597599,0.95211044934651,0.411607537677398,-0.0000304953977997134,missense|LC,6166412668,6,166412668,
SLC7A4,ENSG00000099960,0.619155016481487,0.589584986427465,0.412285230213763,-0.0001630852390028,missense|LC,22021025753,22,21025753,
STARD10,ENSG00000214530,0.619232680542891,0.472120621242577,0.412275172982406,-0.000664731165489859,missense|LC,11072754765,11,72754765,
ZNF287,ENSG00000141040,0.619260217713637,0.394131305438944,0.399294040003434,-0.000747300750876434,missense|LC,17016551761,17,16551761,
PSAT1,ENSG00000135069,0.619291852982573,0.394660244946262,0.70075440239361,-0.000819135214989927,missense|LC,9078297121,9,78297121,
NAIP,ENSG00000249437,0.619367620353847,0.473757954140903,0.594078788480698,-0.00035764441691652,missense|LC,5071011221,5,71011221,
C3orf84,ENSG00000236980,0.619767366928859,0.914131703509632,0.413976696834736,0.000104190568622061,missense|LC,3049172683,3,49172683,
CFAP52,ENSG00000166596,0.61978864304174,0.427213198725134,0.978724312856984,-0.00029937560855897,missense|LC,17009575688,17,9575688,
SLC24A5,ENSG00000188467,0.61985866492119,0.722083587491567,0.402270085221162,0.000306765632263139,missense|LC,15048120920,15,48120920,
NOP53,ENSG00000105373,0.619881400654029,0.70409758146684,0.401716442609019,0.000140206564498334,missense|LC,19047740786,19,47740786,
TMEM215,ENSG00000188133,0.619934100134556,0.454435887343577,0.542481496622628,0.000455985827517735,missense|LC,9032784107,9,32784107,
FAM83D,ENSG00000101447,0.619952101171794,0.389448833887276,0.639689827867507,-0.000500972301656783,missense|LC,20038926219,20,38926219,
OR8H2,ENSG00000181767,0.620082524088933,0.828340547959835,0.41965727142295,0.000116927891602807,missense|LC,11056104982,11,56104982,
DMRTC1,ENSG00000269502,0.620239352370472,0.875446740893794,0.480343247243412,-0.000910231941236501,missense|LC,23072872448,X,72872448,
PGPEP1L,ENSG00000183571,0.620250387940742,0.425924424920258,0.921553868838743,0.000478061766026955,missense|LC,15098968393,15,98968393,
HAND1,ENSG00000113196,0.620357526185889,0.506249477574208,0.445611945487398,-0.00058032972140596,missense|LC,5154475783,5,154475783,
MED30,ENSG00000164758,0.62038493404622,0.448525983479017,0.56797553174349,0.000492598256287732,missense|LC,8117520775,8,117520775,
DERL1,ENSG00000136986,0.620609285173163,0.729821979145067,0.408700882356768,-0.000351691073058096,missense|LC,8123015332,8,123015332,
SLC35D1,ENSG00000116704,0.620673397856467,0.806051986860113,0.426046341043482,0.000142580997865033,missense|LC,1067004294,1,67004294,
TREM1,ENSG00000124731,0.620714615508992,0.399529239587763,0.523655626335539,-0.000895011889603897,missense|LC,6041276081,6,41276081,
DIP2C,ENSG00000151240,0.620736526419199,0.3822434898339,0.503823197269458,0.000432985888563541,missense|LC,10000277191,10,277191,
DIO1,ENSG00000211452,0.620828473135392,0.610451791909873,0.40873566047851,0.000557397167963173,missense|LC,1053894130,1,53894130,
SDAD1,ENSG00000198301,0.620832283742146,0.409780479887941,0.594963919514717,0.000364806036470917,missense|LC,4075950709,4,75950709,
MRPS30,ENSG00000112996,0.620893403895645,0.426991258170598,0.868122082326173,0.000259442403562711,missense|LC,5044808800,5,44808800,
PRAMEF12,ENSG00000116726,0.620915294959502,0.463234674773436,0.449751955593804,0.000281565069047684,missense|LC,1012774783,1,12774783,
RP2,ENSG00000102218,0.620952945132747,0.796742482962996,0.404170617792067,-0.000252836299096247,missense|LC,23046837038,X,46837038,
ECPAS,ENSG00000136813,0.621013872690602,0.400023235239085,0.442401858020719,0.000228429753147589,missense|LC,9111361928,9,111361928,
RET,ENSG00000165731,0.621028303090564,0.800600401723907,0.417193760220373,0.0000980898136624288,missense|LC,10043077103,10,43077103,
FAM118B,ENSG00000197798,0.621048420326963,0.455424948223976,0.40424698631685,-0.000689913360351631,missense|LC,11126209463,11,126209463,
ZBTB48,ENSG00000204859,0.621237088692131,0.760943766500471,0.456724393059678,-0.000137608116393666,missense|LC,1006574995,1,6574995,
OR2AG1,ENSG00000279486,0.621246097574009,0.76810552165394,0.415390202268058,-0.000152819315437732,missense|LC,11006785014,11,6785014,
ZNF100,ENSG00000197020,0.621251657675237,0.763759281130127,0.41887099090726,-0.0000914498473006908,missense|LC,19021726616,19,21726616,
TSSK6,ENSG00000178093,0.62129113236405,0.49411476933281,0.405054125675634,-0.000757702073213484,missense|LC,19019514524,19,19514524,
KDM4A,ENSG00000066135,0.621294565236694,0.492089534062371,0.43375133962412,-0.000211705899080041,missense|LC,1043653123,1,43653123,
KCNS1,ENSG00000124134,0.621375005756462,0.943010855680245,0.414972771238844,-0.0000330018917017738,missense|LC,20045094817,20,45094817,
NCOA1,ENSG00000084676,0.621402259339341,0.930652347365225,0.399766789476155,-0.000041799255193286,missense|LC,2024658619,2,24658619,
EXOC4,ENSG00000131558,0.621466010061119,0.433208473288737,0.446486832068312,-0.000363582513121478,missense|LC,7133253036,7,133253036,
SLCO2B1,ENSG00000137491,0.621467060597084,0.421878869347517,0.402671548670161,-0.000348697223964872,missense|LC,11075151311,11,75151311,
EXOC2,ENSG00000112685,0.621468382326907,0.39951986796307,0.687101243593174,0.000435032776330775,missense|LC,6000486618,6,486618,
DCLK1,ENSG00000133083,0.621646292679953,0.499705466423091,0.396369082206725,0.000907453355188188,missense|LC,13035774427,13,35774427,
HNRNPA3,ENSG00000170144,0.621819788209333,0.664727015153442,0.398411086479456,0.000772299265406597,missense|LC,2177212671,2,177212671,
MT1E,ENSG00000169715,0.621836350757149,0.462533551048989,0.918631074612392,0.000490193065151993,missense|LC,16056625753,16,56625753,
TCFL5,ENSG00000101190,0.621890606528358,0.431418974751002,0.681081880875131,0.000336652146333561,missense|LC,20062836008,20,62836008,
FAM167A,ENSG00000154319,0.622046469677818,0.809206296789751,0.395127495062773,-0.000237113573868689,missense|LC,8011424252,8,11424252,
DNAJC19,ENSG00000205981,0.622061697672368,0.482511943208775,0.409242101435418,0.0015060758648187,missense|LC,3180984598,3,180984598,
GPR85,ENSG00000164604,0.622065278481067,0.666868355864824,0.391089414858368,0.000663144158985731,missense|LC,7113083549,7,113083549,
CES1,ENSG00000198848,0.622109582026324,0.417556084313159,0.768702996753317,-0.000298964656273717,missense|LC,16055810411,16,55810411,
OXTR,ENSG00000180914,0.622114846021062,0.931307979296137,0.416678467271063,-0.0000492543237089839,missense|LC,3008745476,3,8745476,
AL163636.2,ENSG00000259171,0.622131039282343,0.46515500031126,0.926930905760291,0.00221821063285268,missense|LC,14020688604,14,20688604,
RPGRIP1L,ENSG00000103494,0.622189266090415,0.505871121033503,0.398582767913837,-0.000203434780576781,missense|LC,16053602059,16,53602059,
AGAP4,ENSG00000188234,0.622199323898732,0.430823793850882,0.396930786715346,0.000334878275234337,missense|LC,10045825858,10,45825858,
ITGA11,ENSG00000137809,0.622212638607326,0.582735699969531,0.40105678862512,-0.000157921193006419,missense|LC,15068302998,15,68302998,
ACVR2A,ENSG00000121989,0.622469088322766,0.97664571880941,0.436928130315853,-0.0000256205372051187,missense|LC,2147845087,2,147845087,
PSMD14,ENSG00000115233,0.622540481462133,0.610038306242231,0.40884029468081,0.00124619070736774,missense|LC,2161318772,2,161318772,
THUMPD2,ENSG00000138050,0.622541788327674,0.725207016990646,0.394687027331792,0.00021540403496202,missense|LC,2039736656,2,39736656,
PIP4P2,ENSG00000155099,0.622601205264402,0.513904605471186,0.411967109092012,-0.00183348097116552,missense|LC,8090995556,8,90995556,
EEF2KMT,ENSG00000118894,0.622668023179288,0.858727082814312,0.418633410811984,0.00007275700420257,missense|LC,16005079654,16,5079654,
CNTN6,ENSG00000134115,0.622676024306633,0.4109744856741,0.40458364171406,-0.000248570893587737,missense|LC,3001147965,3,1147965,
PRAMEF33,ENSG00000237700,0.622689902600782,0.795725492121914,0.415825342057667,0.000116870003962052,missense|LC,1013305880,1,13305880,
RAB40A,ENSG00000172476,0.622701812342141,0.427548281035578,0.417842116827621,-0.000447072383787549,missense|LC,23103499847,X,103499847,
SNTG2,ENSG00000172554,0.622706877542786,0.437316133587184,0.567802476513289,-0.00339813227481172,missense|LC,2000950950,2,950950,
UCKL1,ENSG00000198276,0.622712229009519,0.543274758207276,0.399018359711033,0.000422870099751976,missense|LC,20063939925,20,63939925,
SPHK2,ENSG00000063176,0.622781870562704,0.580791335233644,0.407058533108655,-0.000222221471946443,missense|LC,19048614534,19,48614534,
MYO16,ENSG00000041515,0.62292334368119,0.902378471151141,0.390340907585905,-0.0000757777526795498,missense|LC,13108629771,13,108629771,
CYP2B6,ENSG00000197408,0.622959734443763,0.786464396880181,0.481035735587675,-0.000125079414115413,missense|LC,19040991216,19,40991216,
TATDN3,ENSG00000203705,0.623038490710719,0.925407782227129,0.43270443369638,-0.0000746540779363755,missense|LC,1212787524,1,212787524,
YES1,ENSG00000176105,0.623091656381759,0.454084535930694,0.745241453648385,0.000378993059951242,missense|LC,18000724358,18,724358,
ZNF534,ENSG00000198633,0.623146716951205,0.413082507922672,0.6802039882309,-0.000243330537414732,missense|LC,19052431420,19,52431420,
SNX7,ENSG00000162627,0.623149084193477,0.758091840126517,0.45616882845628,-0.000120956211154132,missense|LC,1098661629,1,98661629,
AGO2,ENSG00000123908,0.623218276979433,0.939139618427928,0.39748263260604,0.0000905976574646703,missense|LC,8140515158,8,140515158,
LDAH,ENSG00000118961,0.623259199217903,0.902277252704219,0.448488587157311,0.0000653927925665049,missense|LC,2020684786,2,20684786,
PXK,ENSG00000168297,0.62327811925639,0.709956305537917,0.419993951959399,-0.000182432378206652,missense|LC,3058332924,3,58332924,
TMCC3,ENSG00000057704,0.623387864190168,0.519612773471458,0.430326852714809,-0.00022196109431928,missense|LC,12094571352,12,94571352,
XRCC2,ENSG00000196584,0.623416220265135,0.403305030053986,0.420094627435552,-0.000819391459732052,missense|LC,7152648548,7,152648548,
OR2T3,ENSG00000196539,0.623417639706593,0.419872034211371,0.439430568746607,0.000208994168108531,missense|LC,1248473368,1,248473368,
VOPP1,ENSG00000154978,0.623471680354582,0.417461208130855,0.845577144798442,-0.000656351821984362,missense|LC,7055472855,7,55472855,
SYNJ1,ENSG00000159082,0.623473779665045,0.435527059625694,0.403800328405088,-0.000304953364764036,missense|LC,21032630917,21,32630917,
GOLGA8H,ENSG00000261794,0.623539200279659,0.965882804616017,0.412879294681538,0.0000148230285070913,missense|LC,15030604127,15,30604127,
BCL11B,ENSG00000127152,0.623586971140641,0.420413094927009,0.547800319171707,-0.000353231230920484,missense|LC,14099174064,14,99174064,
EIF2B4,ENSG00000115211,0.623624938904239,0.397536464532068,0.717690759273161,0.00066719625476414,missense|LC,2027364321,2,27364321,
ZNF587B,ENSG00000269343,0.623710546329743,0.423507504518365,0.720414208951151,-0.000433050075207847,missense|LC,19057826629,19,57826629,
ASB12,ENSG00000198881,0.623747761778042,0.776479354336583,0.416372256735054,0.000124171609214775,missense|LC,23064224267,X,64224267,
GNGT1,ENSG00000127928,0.623921593308415,0.419781086309381,0.61831768771244,0.00176339193804021,missense|LC,7093906725,7,93906725,
ZNF790,ENSG00000197863,0.62397360440276,0.435670935696075,0.901019603412514,0.000298206145689666,missense|LC,19036818342,19,36818342,
H3C3,ENSG00000287080,0.623990480998928,0.953799563204755,0.394469603345369,-0.000131525615552631,missense|LC,6026043204,6,26043204,
CLDN34,ENSG00000234469,0.62402644120055,0.850023541871555,0.435882817125294,0.000080587398201473,missense|LC,23009967300,X,9967300,
ZNF549,ENSG00000121406,0.624089690957181,0.770495870505074,0.434961642882089,-0.0000957457379823918,missense|LC,19057527454,19,57527454,
MGAT4C,ENSG00000182050,0.624135636254189,0.818585266775878,0.421011136827721,0.000136650484664406,missense|LC,12085979229,12,85979229,
KRT38,ENSG00000171360,0.624164410688707,0.422844131878822,0.43043979885117,0.000304144958776397,missense|LC,17041437313,17,41437313,
PPP2CA,ENSG00000113575,0.624166209795819,0.399444510816645,0.743713251027621,0.00368444731043238,missense|LC,5134197730,5,134197730,
OR5AP2,ENSG00000172464,0.624262107613456,0.486697354080537,0.466604824144066,-0.000341330239091921,missense|LC,11056641478,11,56641478,
CFAP70,ENSG00000156042,0.624308101860449,0.719704357671075,0.431306390981916,-0.000134075819017408,missense|LC,10073249207,10,73249207,
NELFA,ENSG00000185049,0.624308710832931,0.586413203252122,0.442530975841394,0.000368893643511039,missense|LC,4001978505,4,1978505,
AEN,ENSG00000181026,0.624352268346748,0.474116367850234,0.78705184498838,0.000184429913561916,missense|LC,15088626100,15,88626100,
NOL10,ENSG00000115761,0.624434665826674,0.80740095444467,0.42174882458767,0.000109541833130058,missense|LC,2010571972,2,10571972,
PDRG1,ENSG00000088356,0.62450056051303,0.440762809711826,0.893824754083902,-0.00101871941446288,missense|LC,20031939348,20,31939348,
ECD,ENSG00000122882,0.624515583820716,0.602262220352105,0.413963645579799,0.000217236501733792,missense|LC,10073130651,10,73130651,
OLIG2,ENSG00000205927,0.624537029417233,0.39707052521824,0.637973518427756,0.000959895942427687,missense|LC,21033026749,21,33026749,
TMEM200C,ENSG00000206432,0.624559031094538,0.428713813927916,0.892213349015716,-0.000266941745916856,missense|LC,18005890110,18,5890110,
KRTAP4-6,ENSG00000198090,0.624617914057005,0.490406816831831,0.414712205210181,0.00035290116711077,missense|LC,17041139739,17,41139739,
PTH2,ENSG00000142538,0.624680469082018,0.433844854063548,0.943126757947471,-0.000366497234397492,missense|LC,19049417419,19,49417419,
RGL2,ENSG00000237441,0.624696838562248,0.39752903538316,0.502930455323012,-0.000464227117122447,missense|LC,6033286728,6,33286728,
SLPI,ENSG00000124107,0.624777679839529,0.415185522350332,0.908794424272686,0.00122104452971073,missense|LC,20045252337,20,45252337,
DPH2,ENSG00000132768,0.624790317820617,0.873792645365801,0.403284342145992,-0.000106284038799936,missense|LC,1043966496,1,43966496,
GSDMA,ENSG00000167914,0.624882265369122,0.398394585124577,0.87512250700527,-0.000593787614137067,missense|LC,17039965630,17,39965630,
SCRN3,ENSG00000144306,0.624899697428014,0.83110065655051,0.409227596702511,0.000180045665629931,missense|LC,2174395484,2,174395484,
HTRA3,ENSG00000170801,0.624932618689628,0.97815429479916,0.453051879367204,-0.00000866925386743115,missense|LC,4008269908,4,8269908,
BBS1,ENSG00000174483,0.624954192179747,0.421042502758347,0.607747557414429,-0.000342944252655185,missense|LC,11066508965,11,66508965,
MLEC,ENSG00000110917,0.625009421388786,0.700850646058978,0.412281864434492,0.000417273943626619,missense|LC,12120687174,12,120687174,
UBP1,ENSG00000153560,0.62504525681457,0.42967855545841,0.951522293910532,0.000535994430687157,missense|LC,3033383913,3,33383913,
HJV,ENSG00000168509,0.625088696547355,0.628643839280718,0.413517391840881,0.00032108007202432,missense|LC,1146017997,1,146017997,
NR6A1,ENSG00000148200,0.625109328325152,0.526197204840697,0.410961433478002,-0.000420290776236409,missense|LC,9124522641,9,124522641,
ZNF48,ENSG00000180035,0.625131708541152,0.791411595005888,0.407984663804078,0.000129021274298208,missense|LC,16030395679,16,30395679,
YTHDF1,ENSG00000149658,0.625190920611223,0.840299739731559,0.443125536168959,-0.0000916498752265265,missense|LC,20063196606,20,63196606,
SPRY3,ENSG00000168939,0.625202460392156,0.403801566624959,0.432661608432652,-0.000829079407569986,missense|LC,23155773772,X,155773772,
POLR2B,ENSG00000047315,0.625335414826731,0.429677397485424,0.863605982982021,-0.00125353205681743,missense|LC,4056973089,4,56973089,
RNGTT,ENSG00000111880,0.625342950274489,0.851470234004028,0.469002567362516,-0.0000870302586542227,missense|LC,6088612631,6,88612631,
TMEM11,ENSG00000178307,0.625347794611476,0.446291749046689,0.420027167185367,0.00100333939422266,missense|LC,17021198210,17,21198210,
CCDC34,ENSG00000109881,0.625440390021713,0.419767132167104,0.609285016112466,0.00035312801305365,missense|LC,11027338762,11,27338762,
SLC44A1,ENSG00000070214,0.625584347730732,0.428181642763578,0.548442451040378,-0.000367535717021286,missense|LC,9105244793,9,105244793,
FGF1,ENSG00000113578,0.625623014847234,0.45256603482393,0.646527041476836,0.000490853351162538,missense|LC,5142595224,5,142595224,
MYOCOS,ENSG00000283683,0.625766694070938,0.551133985933989,0.472537448157582,-0.000745825565535616,missense|LC,1171635836,1,171635836,
PAK3,ENSG00000077264,0.625772324335943,0.415469418027693,0.66967223312613,-0.000719762229756355,missense|LC,23111123105,X,111123105,
CELSR1,ENSG00000075275,0.625842377621274,0.401703656044956,0.497085665000228,0.000129497290998404,missense|LC,22046355894,22,46355894,
NPY,ENSG00000122585,0.625884605599879,0.524851979599123,0.434952875157967,-0.000936144471711965,missense|LC,7024285159,7,24285159,
S100A4,ENSG00000196154,0.625903670545908,0.88621868616195,0.420146489137557,-0.000205008470255751,missense|LC,1153539949,1,153539949,
KCNC1,ENSG00000129159,0.625915964517584,0.516940947626339,0.410187529855061,-0.000583933532529197,missense|LC,11017735885,11,17735885,
ZFYVE26,ENSG00000072121,0.625940491674537,0.594842506161313,0.410439951016416,-0.000119371503888002,missense|LC,14067748341,14,67748341,
EXOC8,ENSG00000116903,0.625969141643929,0.978441685516142,0.449824603880558,0.0000117092243813907,missense|LC,1231335470,1,231335470,
UCP3,ENSG00000175564,0.626043622949604,0.426839398232481,0.463478596523758,0.000372545617026603,missense|LC,11074001346,11,74001346,
MYO3A,ENSG00000095777,0.626049294023366,0.439343531102558,0.698921565284416,-0.000688120026463119,missense|LC,10025952047,10,25952047,
ATXN7L3,ENSG00000087152,0.626216842293973,0.857212988712458,0.403056469827376,-0.000240397090920635,missense|LC,17044188856,17,44188856,
MTCL1,ENSG00000168502,0.626238927126961,0.409524841719546,0.459856075679108,-0.000166497361518921,missense|LC,18008717825,18,8717825,
ZBTB4,ENSG00000174282,0.626284575765235,0.402840769791885,0.923485202593585,0.000340457619887623,missense|LC,17007454372,17,7454372,
PPDPFL,ENSG00000168333,0.626368941003304,0.505256998599904,0.503505706112408,-0.000511183065141898,missense|LC,8049072780,8,49072780,
ANXA9,ENSG00000143412,0.626405080830459,0.593087030521187,0.453355547518898,0.000248083238997139,missense|LC,1150983039,1,150983039,
MRPS15,ENSG00000116898,0.626420839588004,0.401432215470755,0.798064351894553,-0.000727592261013281,missense|LC,1036455680,1,36455680,
GPT,ENSG00000167701,0.626429421212916,0.427255787061439,0.737417034594269,0.000253231420527257,missense|LC,8144499144,8,144499144,
VGLL1,ENSG00000102243,0.626530987638487,0.693588664327529,0.467031232650146,0.000204527461299071,missense|LC,23136535973,X,136535973,
TMEM229B,ENSG00000198133,0.626538528410361,0.505204172398593,0.402644347082692,0.0014552394284197,missense|LC,14067473300,14,67473300,
ASS1,ENSG00000130707,0.626607892017669,0.660817495466833,0.399714649297868,0.000272282528914133,missense|LC,9130445078,9,130445078,
MCEMP1,ENSG00000183019,0.626608055832641,0.412783303930064,0.706233542114791,0.00118079253368426,missense|LC,19007677019,19,7677019,
ATP6V1G2,ENSG00000213760,0.626781450848438,0.828141603093659,0.415805043403395,-0.000452186262540193,missense|LC,6031540235,6,31540235,
KRT71,ENSG00000139648,0.62680317013235,0.90530751300807,0.430473698155066,0.0000342095533994705,missense|LC,12052544473,12,52544473,
KATNA1,ENSG00000186625,0.626904598363865,0.416979829381652,0.705857670333373,0.000515287828438774,missense|LC,6149590729,6,149590729,
CNTNAP3,ENSG00000106714,0.626927041599957,0.495130552536559,0.406434301947801,-0.00031272529010437,missense|LC,9039073697,9,39073697,
JCAD,ENSG00000165757,0.626951721177187,0.400468725877289,0.787218348490316,0.000258886283556151,missense|LC,10030017818,10,30017818,
LPIN2,ENSG00000101577,0.627025432642196,0.620893715011984,0.421530892143065,0.00014645038561208,missense|LC,18002912979,18,2912979,
TAB1,ENSG00000100324,0.627059076608075,0.617363702166941,0.405600493807403,0.000287113711122636,missense|LC,22039399708,22,39399708,
CRKL,ENSG00000099942,0.627136237380657,0.426574614441638,0.77242472389188,0.000991481559649427,missense|LC,22020917848,22,20917848,
MIEF1,ENSG00000100335,0.627167336806411,0.445998564158919,0.63761227244482,-0.000269688355386635,missense|LC,22039511181,22,39511181,
IGHV4-34,ENSG00000211956,0.627285702201372,0.428041309075791,0.879693421985235,0.00135190140413685,missense|LC,14106373609,14,106373609,
MASTL,ENSG00000120539,0.627295472920598,0.409509773839575,0.424201678849555,0.000310469764807954,missense|LC,10027154072,10,27154072,
LINS1,ENSG00000140471,0.627315537473974,0.957105310022277,0.414276470071976,0.0000233518460333217,missense|LC,15100569208,15,100569208,
C4orf36,ENSG00000163633,0.627343544681047,0.413869121187538,0.697748649006313,-0.00113125077269663,missense|LC,4086876300,4,86876300,
EVX2,ENSG00000174279,0.627357377361488,0.533028243764774,0.417012317545638,-0.000246071842099844,missense|LC,2176079982,2,176079982,
GGA1,ENSG00000100083,0.627388610746162,0.638251371618844,0.401409390885762,0.000291165932453449,missense|LC,22037608773,22,37608773,
GLCE,ENSG00000138604,0.627534159611679,0.40617853523429,0.781166206747006,-0.000656681150736014,missense|LC,15069255771,15,69255771,
SLC2A9,ENSG00000109667,0.627639174694325,0.438178746409843,0.635648629105964,-0.000371493234443127,missense|LC,4009826319,4,9826319,
NR3C1,ENSG00000113580,0.627669288607488,0.425816928957651,0.788356261785195,-0.000618286387505704,missense|LC,5143281822,5,143281822,
LYRM4,ENSG00000214113,0.627680128097659,0.77769648920197,0.42729023332613,-0.000632287352617151,missense|LC,6005186606,6,5186606,
DEFB134,ENSG00000205882,0.62770256331972,0.643414813035298,0.425087021213117,-0.000838688669403607,missense|LC,8011993852,8,11993852,
HSPB7,ENSG00000173641,0.627760112166142,0.401327921032243,0.681933441773788,0.00105534536500436,missense|LC,1016015506,1,16015506,
SKA2,ENSG00000182628,0.627773391499655,0.837223343942525,0.405248348755297,0.00035804585499362,missense|LC,17059106340,17,59106340,
FBXO21,ENSG00000135108,0.627844060573614,0.582572270150181,0.403809522816707,0.000512324301471337,missense|LC,12117146017,12,117146017,
EFCAB5,ENSG00000176927,0.6279411957891,0.436041536040409,0.914694560005626,-0.000628174443037849,missense|LC,17029941725,17,29941725,
BMP8B,ENSG00000116985,0.627956224471807,0.407003519401909,0.629703088405582,-0.0005374728523571,missense|LC,1039752803,1,39752803,
AC099850.2,ENSG00000265303,0.627969523738294,0.445902033541598,0.720148584971861,0.00209728300708326,missense|LC,17059193396,17,59193396,
CCT5,ENSG00000150753,0.628107196602199,0.447258741665261,0.864937825792609,0.000356669242297372,missense|LC,5010249709,5,10249709,
RGPD3,ENSG00000153165,0.628129451172975,0.563367875366546,0.414945424922856,0.000124277446629858,missense|LC,2106405101,2,106405101,
ARHGAP33,ENSG00000004777,0.628186656346365,0.841677832363551,0.406546257582226,-0.0000761302151565905,missense|LC,19035775528,19,35775528,
CTC1,ENSG00000178971,0.628246881326074,0.735545106162384,0.4143688013327,0.000116841752648461,missense|LC,17008228108,17,8228108,
PODN,ENSG00000174348,0.628304309710942,0.907565518463597,0.424284994202462,-0.0000479180220701381,missense|LC,1053062140,1,53062140,
OXNAD1,ENSG00000154814,0.628335279026036,0.922961280080491,0.448036583306418,-0.0000606065555447516,missense|LC,3016260706,3,16260706,
YWHAZ,ENSG00000164924,0.628413287354675,0.593675082368644,0.410400458057618,-0.00171553010989527,missense|LC,8100920650,8,100920650,
SLC16A11,ENSG00000174326,0.628523277810293,0.500352234869228,0.592437445993995,0.000133332780915695,missense|LC,17007036630,17,7036630,
MC2R,ENSG00000185231,0.628553595996598,0.977329835203887,0.434146827960479,0.0000116478908863337,missense|LC,18013884542,18,13884542,
ACTR10,ENSG00000131966,0.628597105875206,0.424708248707166,0.600649469504257,0.00055303063417898,missense|LC,14058200127,14,58200127,
ANXA5,ENSG00000164111,0.628639986984806,0.427482358658381,0.602328284329061,-0.000408107285643714,missense|LC,4121668414,4,121668414,
CTNNAL1,ENSG00000119326,0.628663068601726,0.660605654488128,0.398365747955615,0.000284624642645416,missense|LC,9108939141,9,108939141,
PRAP1,ENSG00000165828,0.628724647665237,0.941864212057548,0.414099920942102,-0.000074116863043762,missense|LC,10133347316,10,133347316,
HS2ST1,ENSG00000153936,0.628753920035202,0.428432283019204,0.784085764513445,0.00313841456962127,missense|LC,1086913967,1,86913967,
SH2D2A,ENSG00000027869,0.628790911059061,0.447642230521242,0.805432011618573,-0.000369531278112676,missense|LC,1156807127,1,156807127,
ZNF28,ENSG00000198538,0.628887596797687,0.429022412128527,0.474493495810825,0.000258257667427665,missense|LC,19052798860,19,52798860,
CTNND1,ENSG00000198561,0.628955226889991,0.73025142482211,0.405332879762554,0.000121268519512533,missense|LC,11057761700,11,57761700,
NRP1,ENSG00000099250,0.628959588340817,0.804415063452638,0.399747755315327,0.000127008271570673,missense|LC,10033179992,10,33179992,
TM4SF5,ENSG00000142484,0.629157796687985,0.644949015504822,0.408605862112367,0.00056371621579399,missense|LC,17004771827,17,4771827,
AGPAT1,ENSG00000204310,0.629277397267709,0.643461314638644,0.398941024108447,0.000829812362058459,missense|LC,6032166087,6,32166087,
RFTN1,ENSG00000131378,0.629349803308811,0.395747734533246,0.629917588417807,-0.000632801091878063,missense|LC,3016316729,3,16316729,
CPOX,ENSG00000080819,0.629407818794888,0.401544141213282,0.613765554888305,-0.000608169144764696,missense|LC,3098578197,3,98578197,
FOXL1,ENSG00000176678,0.629478369353985,0.915586724749405,0.426969328962319,-0.0000422435167361727,missense|LC,16086578646,16,86578646,
IGSF1,ENSG00000147255,0.629534717877465,0.43279390541391,0.785455828203634,-0.000200344806663797,missense|LC,23131273739,X,131273739,
STPG1,ENSG00000001460,0.629593296633405,0.472020879132358,0.549045220475745,-0.000338754590434438,missense|LC,1024354338,1,24354338,
SEC24B,ENSG00000138802,0.629603031904968,0.394817775776417,0.914847308485119,-0.00039619937757039,missense|LC,4109433759,4,109433759,
SLC25A26,ENSG00000144741,0.6296169316865,0.74278051799515,0.408426590187009,0.000262183573829686,missense|LC,3066221004,3,66221004,
ACIN1,ENSG00000100813,0.629723547380056,0.429654224226947,0.4069245078049,-0.000284068789539979,missense|LC,14023053574,14,23053574,
EFNA1,ENSG00000169242,0.629729107728068,0.450935231953886,0.908917603499377,-0.000573897986510508,missense|LC,1155127929,1,155127929,
TRPC5OS,ENSG00000204025,0.630086581260276,0.617783096345079,0.449697862717789,0.00100382109929375,missense|LC,23111901815,X,111901815,
PLEKHN1,ENSG00000187583,0.630091334203161,0.991255115218026,0.416090017739643,-0.00000172439048721819,missense|LC,1000961483,1,961483,
CCDC24,ENSG00000159214,0.630136245376105,0.418957464902835,0.729770052255494,0.0005641285616367,missense|LC,1043990188,1,43990188,
SNX2,ENSG00000205302,0.630199451181077,0.79896810415842,0.408112425409754,-0.000171797510962272,missense|LC,5122774996,5,122774996,
ACP1,ENSG00000143727,0.63020656099617,0.449417753466722,0.415569065143341,0.00122931081265745,missense|LC,2000262511,2,262511,
DMC1,ENSG00000100206,0.630290462645564,0.656193890873545,0.411629097149401,-0.000496402229587099,missense|LC,22038519967,22,38519967,
POLDIP3,ENSG00000100227,0.630353253171654,0.430629899472368,0.470433138306321,-0.000505384877454884,missense|LC,22042580188,22,42580188,
STIMATE-MUSTN1,ENSG00000248592,0.630401349266471,0.65749795340778,0.435082282766776,0.000237843914985841,missense|LC,3052829033,3,52829033,
CTXN2,ENSG00000233932,0.630424258580277,0.94456727829443,0.483835703179284,-0.0000624328218571908,missense|LC,15048177954,15,48177954,
HTR1F,ENSG00000179097,0.630581832639477,0.444767196149597,0.547763014197142,0.000498907464918307,missense|LC,3087990698,3,87990698,
CENPK,ENSG00000123219,0.630611654483755,0.94359107657217,0.476974030274235,-0.0000628089754227866,missense|LC,5065518394,5,65518394,
SEMG1,ENSG00000124233,0.630611678877705,0.825699822414933,0.436412707210535,-0.0000714995491421459,missense|LC,20045206889,20,45206889,
KNCN,ENSG00000162456,0.630698402821062,0.481309656135727,0.743645682348547,-0.000420514635321794,missense|LC,1046547680,1,46547680,
CLBA1,ENSG00000140104,0.630747394113484,0.719355881323376,0.424580985427342,0.000203869632961437,missense|LC,14104986343,14,104986343,
SLC22A11,ENSG00000168065,0.630834336785225,0.544806446502635,0.433050871585388,0.000228410727573307,missense|LC,11064555897,11,64555897,
ZNF618,ENSG00000157657,0.630911922040136,0.428807806532241,0.615423536650174,-0.000922642662936534,missense|LC,9113876274,9,113876274,
OR13C8,ENSG00000186943,0.630919126507517,0.75939157599451,0.413257318384643,-0.000289707330054942,missense|LC,9104569101,9,104569101,
DNAJB2,ENSG00000135924,0.630956625412042,0.404431438122211,0.853397624343307,0.000925611603948144,missense|LC,2219279742,2,219279742,
ENPP7,ENSG00000182156,0.631045160280416,0.423744941191092,0.571767783024501,-0.000266910648938763,missense|LC,17079731035,17,79731035,
CNNM3,ENSG00000168763,0.631070257299974,0.423843403573533,0.542965919052194,-0.000289214323459353,missense|LC,2096816098,2,96816098,
CYP19A1,ENSG00000137869,0.631156669773541,0.905962138288509,0.40846474646605,-0.000093073110477609,missense|LC,15051210796,15,51210796,
GLIPR1L2,ENSG00000180481,0.631191116587703,0.947704684092815,0.424335681527805,-0.0000344620212908005,missense|LC,12075391080,12,75391080,
SULT1C3,ENSG00000196228,0.63122967481067,0.896101151578183,0.434005060796152,0.0000660633588908146,missense|LC,2108247195,2,108247195,
NET1,ENSG00000173848,0.631260408824923,0.421333566100338,0.90697362626881,0.00039426936184774,missense|LC,10005412591,10,5412591,
MROH7,ENSG00000184313,0.63130766517071,0.399827410737878,0.67585833235558,0.00024628750406287,missense|LC,1054652805,1,54652805,
QKI,ENSG00000112531,0.631375253698832,0.434380276978,0.547870028086754,0.000947337779449008,missense|LC,6163415044,6,163415044,
PLAAT3,ENSG00000176485,0.631411694124374,0.455862147577378,0.413723848362339,-0.000874548761287942,missense|LC,11063574929,11,63574929,
NPHS1,ENSG00000161270,0.631452635030752,0.548409850028232,0.422938275494472,-0.000158102273019797,missense|LC,19035826420,19,35826420,
DPPA5,ENSG00000203909,0.631486329177143,0.450188726585582,0.586450783814259,0.000923365485360577,missense|LC,6073353216,6,73353216,
TMEM114,ENSG00000232258,0.631539005038439,0.855455771897819,0.442099688995857,-0.0000894011623563556,missense|LC,16008569501,16,8569501,
COL4A2,ENSG00000134871,0.631565257865918,0.41144986945616,0.540025290560999,0.000222835263283048,missense|LC,13110306848,13,110306848,
NEURL2,ENSG00000124257,0.631605022059016,0.737811827405177,0.404385567257081,0.000398786944132888,missense|LC,20045883637,20,45883637,
TEDC1,ENSG00000185347,0.631657747285728,0.41852826926752,0.675601441365343,0.000264747801032427,missense|LC,14105486489,14,105486489,
CHL1,ENSG00000134121,0.631667405130795,0.851278910962175,0.415576109459779,-0.000061111147817068,missense|LC,3000319747,3,319747,
OR6C68,ENSG00000205327,0.63169622625608,0.885159113364699,0.438218861662052,-0.0000704348513142198,missense|LC,12055492337,12,55492337,
MAZ,ENSG00000103495,0.631776704138962,0.790337404018141,0.431974533857603,0.000127841831153727,missense|LC,16029802696,16,29802696,
ARPIN,ENSG00000242498,0.631913846298949,0.414280317889954,0.655906808627804,-0.000690322870374167,missense|LC,15089893799,15,89893799,
LAIR2,ENSG00000167618,0.632046785827191,0.495807599649368,0.423515831738832,-0.000690645410696849,missense|LC,19054498168,19,54498168,
H2BW1,ENSG00000123569,0.632058840475993,0.567960252876269,0.44196274148222,-0.000348003089533808,missense|LC,23104012571,X,104012571,
S100A1,ENSG00000160678,0.632144707853501,0.415557508507686,0.678986641127457,-0.00140037344974322,missense|LC,1153626252,1,153626252,
PPP1R17,ENSG00000106341,0.632159745347829,0.417728612188898,0.830054450779746,-0.00117569630447148,missense|LC,7031692393,7,31692393,
GEN1,ENSG00000178295,0.632181228971042,0.983579561147413,0.440918129507112,-0.00000460257827962986,missense|LC,2017752943,2,17752943,
KLRC4-KLRK1,ENSG00000255819,0.632211824721663,0.442972285740018,0.668186476517222,-0.00132523958264536,missense|LC,12010373053,12,10373053,
HIGD1A,ENSG00000181061,0.632266506150415,0.651514812555167,0.420733365034681,0.000928168909113383,missense|LC,3042785254,3,42785254,
IFNB1,ENSG00000171855,0.632332398027935,0.83586403050778,0.407674853329421,0.000236139322207111,missense|LC,9021077271,9,21077271,
TPSAB1,ENSG00000172236,0.632335705327213,0.415633015022776,0.440432224779526,0.000523618494005587,missense|LC,16001240815,16,1240815,
KRT6C,ENSG00000170465,0.632371171550275,0.702577758887035,0.408887909094177,-0.000216873347118317,missense|LC,12052468953,12,52468953,
PSMA8,ENSG00000154611,0.632417872023631,0.506447536622313,0.692020410678331,-0.000369919255402903,missense|LC,18026133905,18,26133905,
APOL4,ENSG00000100336,0.632502881628585,0.781749254243152,0.428447789357384,0.000127665189196351,missense|LC,22036191008,22,36191008,
SCAMP3,ENSG00000116521,0.63251970372936,0.421327805537757,0.414963250615531,-0.000689495290183423,missense|LC,1155251020,1,155251020,
SLC25A53,ENSG00000269743,0.632532722029317,0.431704556507291,0.880474424390705,0.000430990223537404,missense|LC,23104104276,X,104104276,
ZYX,ENSG00000159840,0.632614908377272,0.482195901838678,0.410546108898457,0.000391010151385933,missense|LC,7143379983,7,143379983,
PCSK1N,ENSG00000102109,0.632620723526404,0.658981660233895,0.418465416444289,0.000355327275526357,missense|LC,23048829072,X,48829072,
TMEM147,ENSG00000105677,0.632655328017558,0.525134505151396,0.409967566625585,0.000870935706712762,missense|LC,19035542306,19,35542306,
C3orf36,ENSG00000288547,0.632677580400927,0.443801181757534,0.89634106877583,0.000551419161182017,missense|LC,3133928164,3,133928164,
SEC24D,ENSG00000150961,0.632741583160064,0.624310401032298,0.427628125276716,0.000176495083607847,missense|LC,4118723435,4,118723435,
FIBIN,ENSG00000176971,0.632755761014897,0.563948490724019,0.464541602398792,0.00034336006516434,missense|LC,11026994451,11,26994451,
GCK,ENSG00000106633,0.632829669639058,0.420906704167673,0.456724564581626,0.00124215864289513,missense|LC,7044139451,7,44139451,
GABRG3,ENSG00000182256,0.63285360308405,0.516311104241314,0.675659202150833,0.00063393997428042,missense|LC,15026971460,15,26971460,
GCNT7,ENSG00000124091,0.632896336651654,0.867437379917891,0.420831555674232,0.0000979074426269533,missense|LC,20056491535,20,56491535,
H3-5,ENSG00000188375,0.632991745731063,0.788583398121694,0.421748907594377,-0.000279517429233912,missense|LC,12031791652,12,31791652,
NT5C1B-RDH14,ENSG00000250741,0.6330427137359,0.740834826521659,0.450038617646641,0.000115240472698618,missense|LC,2018555797,2,18555797,
ZHX1,ENSG00000165156,0.633120746003587,0.421194025107492,0.57214945874576,0.000388700197917499,missense|LC,8123253263,8,123253263,
NIPAL1,ENSG00000163293,0.6332056239723,0.932887082453844,0.4527354281061,-0.0000436151134646108,missense|LC,4048016753,4,48016753,
DGKH,ENSG00000102780,0.633215938246804,0.939466056019174,0.423967451886932,0.0000282864027488442,missense|LC,13042048626,13,42048626,
CRTAM,ENSG00000109943,0.633237164327897,0.444668900020809,0.406375392621666,-0.000638949688800213,missense|LC,11122838467,11,122838467,
LCN2,ENSG00000148346,0.633314522629057,0.446277701981584,0.761370626652396,-0.000458681049364933,missense|LC,9128149421,9,128149421,
STON1-GTF2A1L,ENSG00000068781,0.633336565851093,0.975192466650142,0.421997184594681,-0.00000932100316062777,missense|LC,2048580471,2,48580471,
BMI1,ENSG00000168283,0.633392677486145,0.408598760446881,0.468591083778484,-0.00167017342130848,missense|LC,10022316279,10,22316279,
UBL3,ENSG00000122042,0.633623388186519,0.419900291384404,0.622940103209245,0.00202419187849381,missense|LC,13029767166,13,29767166,
KRT28,ENSG00000173908,0.633634650585579,0.915072828684099,0.427217501931233,0.0000419148368524406,missense|LC,17040792361,17,40792361,
TRIB2,ENSG00000071575,0.633689379867496,0.939661386943455,0.423102807771836,0.0000719990335856352,missense|LC,2012718187,2,12718187,
TSPAN33,ENSG00000158457,0.633702550420979,0.909937323925204,0.414411206216879,0.000124108752398671,missense|LC,7129161605,7,129161605,
SPIN2B,ENSG00000186787,0.633735820730888,0.412679200995744,0.563351430789537,-0.00254140172996112,missense|LC,23057119684,X,57119684,
HLA-DMA,ENSG00000204257,0.633918442003019,0.411250773136341,0.496937167206468,0.00108129458833873,missense|LC,6032948765,6,32948765,
COQ2,ENSG00000173085,0.633923342797872,0.452446539438057,0.417553739998244,0.000493696352557082,missense|LC,4083264209,4,83264209,
TRAPPC10,ENSG00000160218,0.633972227724458,0.552573918437854,0.415765739574147,0.000244082823532051,missense|LC,21044012408,21,44012408,
RHNO1,ENSG00000171792,0.634000778607056,0.840065841873803,0.446938522240944,0.0000720724684324282,missense|LC,12002872202,12,2872202,
COQ4,ENSG00000167113,0.634136039997825,0.818223655708287,0.458499119663497,0.0000873176772249603,missense|LC,9128321469,9,128321469,
LMO4,ENSG00000143013,0.634195760798132,0.844527135965792,0.479283103731759,0.000217968590055056,missense|LC,1087331957,1,87331957,
KNDC1,ENSG00000171798,0.634279238916685,0.685886451047338,0.413333645397201,-0.0000916917154246058,missense|LC,10133160412,10,133160412,
CIBAR2,ENSG00000153789,0.634312265922453,0.800256569275231,0.454149895920956,-0.00010361172421788,missense|LC,16085098448,16,85098448,
SKA1,ENSG00000154839,0.634361742328428,0.420004122230668,0.904000360028771,-0.000980662026836721,missense|LC,18050375792,18,50375792,
NMI,ENSG00000123609,0.634473149210058,0.454819003862979,0.560886276169421,-0.00065658378134027,missense|LC,2151270647,2,151270647,
ZNF41,ENSG00000147124,0.634509097433758,0.444471900179826,0.666569600392791,0.000233225719750626,missense|LC,23047447337,X,47447337,
CDH23,ENSG00000107736,0.634580479904314,0.410159958093321,0.583435771171181,0.000137213243811419,missense|LC,10071439776,10,71439776,
FOXJ1,ENSG00000129654,0.634655671202317,0.406521768481447,0.682265539945502,-0.000693713453574302,missense|LC,17076137266,17,76137266,
CLEC1B,ENSG00000165682,0.634719826851371,0.452167381411115,0.423360048324638,0.000589931035453555,missense|LC,12009993069,12,9993069,
CAPZA2,ENSG00000198898,0.634734808570298,0.429134335323745,0.81640439871338,0.000973176842886694,missense|LC,7116862497,7,116862497,
BBS4,ENSG00000140463,0.634775925773917,0.860050537607945,0.419082976160939,0.000109863777518845,missense|LC,15072686146,15,72686146,
TIAF1,ENSG00000221995,0.634823952260819,0.479187321002175,0.979016151230981,0.00044379094691677,missense|LC,17029073765,17,29073765,
ZBP1,ENSG00000124256,0.634914502233126,0.472283464999637,0.810174778622672,0.000254071692061685,missense|LC,20057604475,20,57604475,
GJC1,ENSG00000182963,0.63496838890645,0.459185509247281,0.62695619603668,0.000506782629086845,missense|LC,17044804586,17,44804586,
PCGF5,ENSG00000180628,0.635018171431149,0.459679294402089,0.456744682095865,0.00105811188981318,missense|LC,10091222856,10,91222856,
RAP1B,ENSG00000127314,0.635090643606285,0.414048648511699,0.919696276549583,-0.00267718533442521,missense|LC,12068626799,12,68626799,
SH2D3A,ENSG00000125731,0.635194667208799,0.687728618699545,0.425247934868464,0.000121539459654883,missense|LC,19006749806,19,6749806,
NOXRED1,ENSG00000165555,0.635211029747812,0.487218973566033,0.56744981313992,0.000334703128378177,missense|LC,14077390995,14,77390995,
MTFP1,ENSG00000242114,0.635313787846331,0.417405711199166,0.589690155752043,0.00132056929841557,missense|LC,22030422170,22,30422170,
AC114490.2,ENSG00000271741,0.635427403284535,0.917497677893289,0.465108794428224,0.000151702887595009,missense|LC,1034981837,1,34981837,
MUC5AC,ENSG00000215182,0.635436677308462,0.417300154294507,0.734496501432877,0.000318796811050248,missense|LC,11001154281,11,1154281,
RNASE1,ENSG00000129538,0.635501332820151,0.434708938960691,0.911514012308304,0.000733597660183354,missense|LC,14020801543,14,20801543,
ZNF649,ENSG00000198093,0.63557878357554,0.441478333707056,0.589862476522526,-0.000426018277327732,missense|LC,19051890582,19,51890582,
MEI1,ENSG00000167077,0.635648488748169,0.584800518740847,0.465415703672965,0.000133376172421212,missense|LC,22041699418,22,41699418,
PLXNB2,ENSG00000196576,0.63564999289399,0.717856554948489,0.418133468474054,-0.0000884200513276984,missense|LC,22050270143,22,50270143,
ALDH3B1,ENSG00000006534,0.635731072040576,0.413600822141651,0.445897767129205,-0.000368317083969692,missense|LC,11068015198,11,68015198,
ZNF280A,ENSG00000169548,0.635754210624333,0.419256305262901,0.76843380251337,-0.000411044928320405,missense|LC,22022513985,22,22513985,
DSC2,ENSG00000134755,0.635825927306936,0.618627378990179,0.417021971962819,0.000195481203147611,missense|LC,18031067948,18,31067948,
RIPPLY2,ENSG00000203877,0.635877845177799,0.444606407771618,0.847895165504542,0.00119022282475912,missense|LC,6083853355,6,83853355,
LHX1,ENSG00000273706,0.635879496671254,0.472360787104567,0.739115975688962,-0.000333511960633235,missense|LC,17036938122,17,36938122,
C12orf57,ENSG00000111678,0.635954219151632,0.448508144194401,0.521801149970079,0.000651163762172869,missense|LC,12006939022,12,6939022,
OR2G3,ENSG00000177476,0.636163297281331,0.650642023339387,0.451810355629671,0.000230952833725072,missense|LC,1247605576,1,247605576,
NUDT2,ENSG00000164978,0.636181044016962,0.449655554745171,0.780927115713951,0.00116866229978152,missense|LC,9034338960,9,34338960,
PCP2,ENSG00000174788,0.636296119906317,0.464675813775017,0.682775060404611,-0.000476335478889849,missense|LC,19007627151,19,7627151,
DTX1,ENSG00000135144,0.636309611474701,0.886804407678801,0.429038160680085,0.0000834531867822716,missense|LC,12113058041,12,113058041,
NACA2,ENSG00000253506,0.636364318582995,0.431765175065101,0.482685235608148,0.000737004141532345,missense|LC,17061590471,17,61590471,
IL27,ENSG00000197272,0.636393653008858,0.416355876079507,0.765636793540437,-0.000621876497676125,missense|LC,16028494607,16,28494607,
AC092143.1,ENSG00000198211,0.636461707690743,0.422082419743435,0.438400836914105,-0.000285978619486758,missense|LC,16089919212,16,89919212,
PLK3,ENSG00000173846,0.636479221342448,0.51500528686796,0.422554717830213,0.000336053256874048,missense|LC,1044800347,1,44800347,
HDAC5,ENSG00000108840,0.636509879751218,0.933848693143525,0.406943574705721,0.0000363628367445143,missense|LC,17044074126,17,44074126,
PAWR,ENSG00000177425,0.636535413201276,0.527760493564987,0.422642255414843,0.000510146439861014,missense|LC,12079594352,12,79594352,
NIPSNAP2,ENSG00000146729,0.636597549002909,0.691698292224541,0.421143246030941,0.000283237519483537,missense|LC,7055964561,7,55964561,
GPAM,ENSG00000119927,0.636613272558937,0.718369331962921,0.409612155083262,0.000245508997953233,missense|LC,10112148235,10,112148235,
TRIM16,ENSG00000221926,0.636714635453799,0.711500511595393,0.414217018971425,-0.0002301010765609,missense|LC,17015628523,17,15628523,
RPL13A,ENSG00000142541,0.636718150757451,0.529420043081245,0.418751139304161,-0.000588426419310175,missense|LC,19049487510,19,49487510,
ZNF662,ENSG00000182983,0.636760695196424,0.433695710080931,0.561801815105561,0.00020095636234477,missense|LC,3042906276,3,42906276,
BCAS1,ENSG00000064787,0.636770987952222,0.605135848586975,0.422970691317869,0.000417312010312149,missense|LC,20053941287,20,53941287,
RNASE8,ENSG00000173431,0.636854835418762,0.948541153686828,0.425580072153379,-0.0000767351605816576,missense|LC,14021057830,14,21057830,
SOS1,ENSG00000115904,0.637016639531681,0.579625839995615,0.435775413807741,-0.000321044312005588,missense|LC,2038985733,2,38985733,
THRA,ENSG00000126351,0.637016760486547,0.407651488359999,0.572148212909484,-0.0011455310795,missense|LC,17040074400,17,40074400,
TEAD1,ENSG00000187079,0.637115076893562,0.417940639006523,0.955835310292719,0.000839771506956122,missense|LC,11012764153,11,12764153,
SHISA5,ENSG00000164054,0.63717405204761,0.469895870643103,0.431654177832232,-0.000543639109368215,missense|LC,3048463616,3,48463616,
RNF130,ENSG00000113269,0.637185625117062,0.500208272262616,0.969156243091435,-0.000321849635889541,missense|LC,5179955591,5,179955591,
TDRKH,ENSG00000182134,0.637198786345872,0.481804776162081,0.643266639289794,-0.000169140649443339,missense|LC,1151770028,1,151770028,
CBLN4,ENSG00000054803,0.637225371648269,0.428722615784513,0.502879979763031,0.00499683091145841,missense|LC,20055998467,20,55998467,
ATP2B1,ENSG00000070961,0.637299470318737,0.929864321278972,0.42827750931647,-0.0000579828098412946,missense|LC,12089590911,12,89590911,
COP1,ENSG00000143207,0.63734642388005,0.412540712811488,0.975084431316606,0.00228394717868619,missense|LC,1175945114,1,175945114,
SLC22A10,ENSG00000184999,0.637355582742957,0.777776034924339,0.429587201184847,0.000104155535053072,missense|LC,11063290061,11,63290061,
P2RY11,ENSG00000244165,0.637483545963195,0.876209747354342,0.424008216954145,0.0000620627484148528,missense|LC,19010106693,19,10106693,
RANBP10,ENSG00000141084,0.637504949136889,0.412501478018805,0.693320424567066,-0.00057383313915079,missense|LC,16067726297,16,67726297,
SPIN4,ENSG00000186767,0.63757116570805,0.736843314977097,0.409918165268607,-0.000671188381817033,missense|LC,23063350007,X,63350007,
SPATA31D3,ENSG00000186788,0.637576348278287,0.413877031705482,0.778127796542585,-0.000722163486300536,missense|LC,9081945292,9,81945292,
ZNFX1,ENSG00000124201,0.637656810251571,0.416478070494953,0.761183253055229,-0.000223176170887861,missense|LC,20049241812,20,49241812,
ENTPD1,ENSG00000138185,0.637876762946476,0.44266961709908,0.575134089360982,0.00031994568500005,missense|LC,10095755615,10,95755615,
SYTL2,ENSG00000137501,0.637878882801032,0.430406707441871,0.833167210024751,0.000227251272229207,missense|LC,11085695106,11,85695106,
GPR65,ENSG00000140030,0.637897367955677,0.51620646730419,0.418620226167259,-0.000718438618193704,missense|LC,14088010815,14,88010815,
PXN,ENSG00000089159,0.637912021429735,0.426306552986712,0.755384662477983,-0.000297207733551227,missense|LC,12120212184,12,120212184,
ATPSCKMT,ENSG00000150756,0.637929635635718,0.457474378423549,0.665349425700653,0.000373207548693741,missense|LC,5010227359,5,10227359,
RNASEL,ENSG00000135828,0.637942316578972,0.421991503066923,0.649168311544421,-0.000367236055566512,missense|LC,1182575318,1,182575318,
SLC38A8,ENSG00000166558,0.637966331218896,0.412208409186378,0.97113076292536,-0.000407561825580714,missense|LC,16084009720,16,84009720,
BGLAP,ENSG00000242252,0.638018105502115,0.534454802116067,0.416962489097549,-0.00108668245584565,missense|LC,1156239503,1,156239503,
DDOST,ENSG00000244038,0.638047593345762,0.935096626082441,0.430799599536846,-0.0000407108178396494,missense|LC,1020648375,1,20648375,
USP6NL,ENSG00000148429,0.638063124228529,0.946507630011717,0.412151834674979,-0.000028743000871086,missense|LC,10011462338,10,11462338,
FIGLA,ENSG00000183733,0.638070268101227,0.735708924789526,0.431093142380372,-0.000207969363180695,missense|LC,2070777324,2,70777324,
APOBEC3F,ENSG00000128394,0.6380922300264,0.446584652777117,0.647651376536542,0.000249399829968364,missense|LC,22039040814,22,39040814,
TEP1,ENSG00000129566,0.638219355188158,0.413458003992091,0.413898938007279,-0.000138131889797933,missense|LC,14020368322,14,20368322,
TMEM175,ENSG00000127419,0.638252775617642,0.671223266129194,0.427969503553003,-0.000120104976660162,missense|LC,4000932002,4,932002,
WTIP,ENSG00000142279,0.638287297721271,0.418592394757465,0.886137062382758,-0.000606879033409851,missense|LC,19034481884,19,34481884,
GAGE13,ENSG00000274274,0.638331746477383,0.458861839821727,0.889714362646852,-0.00514194052907127,missense|LC,23049332633,X,49332633,
SLC8A2,ENSG00000118160,0.638469022297291,0.450286470059952,0.629887160390212,-0.000498126310375124,missense|LC,19047429992,19,47429992,
ELF1,ENSG00000120690,0.638499290773438,0.436621216627651,0.712459700087542,0.000320740467456869,missense|LC,13040933309,13,40933309,
Z84488.1,ENSG00000285446,0.638527361983125,0.881026963286662,0.430774842488063,0.000194375396687076,missense|LC,6116399137,6,116399137,
GNG5,ENSG00000174021,0.638583267263462,0.445913770955391,0.74163539888564,0.0022067419570999,missense|LC,1084495380,1,84495380,
TSSC4,ENSG00000184281,0.638605238703439,0.64505085848794,0.433636731713171,-0.000196405625348334,missense|LC,11002395835,11,2395835,
CCNA2,ENSG00000145386,0.638702250191679,0.972083648383873,0.446279144360279,0.0000292266978055214,missense|LC,4121811560,4,121811560,
CA12,ENSG00000074410,0.638714382519982,0.719028203354059,0.416659468676673,0.000308379730908849,missense|LC,15063326252,15,63326252,
TP53INP1,ENSG00000164938,0.638866224957782,0.509993479354685,0.415756942487331,-0.00070576084603516,missense|LC,8094930359,8,94930359,
CFAP74,ENSG00000142609,0.638889468234421,0.421105648659516,0.736444408451298,0.000172417384061821,missense|LC,1001916957,1,1916957,
RASL10B,ENSG00000270885,0.638923958586389,0.719761730255817,0.415804633018316,-0.000406800504359767,missense|LC,17035735114,17,35735114,
COX7A1,ENSG00000161281,0.638992427200629,0.954740164079297,0.440926557225462,-0.0000676130456054159,missense|LC,19036145923,19,36145923,
LY75-CD302,ENSG00000248672,0.639211218268655,0.749391061542399,0.432954231552704,0.0000567450699362284,missense|LC,2159767244,2,159767244,
FARS2,ENSG00000145982,0.639226438636314,0.459015475388904,0.716693369431748,-0.000324761701867161,missense|LC,6005260527,6,5260527,
SERPINA1,ENSG00000197249,0.639226732826803,0.441216346903222,0.538651508684417,0.000273815600234088,missense|LC,14094378399,14,94378399,
GAS2,ENSG00000148935,0.639336196903576,0.455755519157939,0.568266371636526,-0.000586293021544585,missense|LC,11022674794,11,22674794,
SLC5A7,ENSG00000115665,0.639394592943776,0.480067462602965,0.870502237041998,-0.000752323821422416,missense|LC,2107988075,2,107988075,
SGCZ,ENSG00000185053,0.639404963268175,0.95630171448972,0.428457058363884,-0.0000385036115755949,missense|LC,8014090347,8,14090347,
NRXN1,ENSG00000179915,0.63943804966851,0.74131160093823,0.429128329585798,-0.000833616377037932,missense|LC,2049921861,2,49921861,
ASMT,ENSG00000196433,0.639495673949158,0.984847146206608,0.418059028539037,0.00000873291511169744,missense|LC,23001615125,X,1615125,
MAD2L2,ENSG00000116670,0.639496621553621,0.776127933612575,0.414986812756573,-0.000449606481371175,missense|LC,1011671153,1,11671153,
VEGFB,ENSG00000173511,0.639567670441282,0.689410433094432,0.440744015898621,-0.000277072151792347,missense|LC,11064229538,11,64229538,
SELENBP1,ENSG00000143416,0.639625889559969,0.615150364716397,0.412162437639737,-0.000278367442656657,missense|LC,1151364444,1,151364444,
THOC3,ENSG00000051596,0.639626013700785,0.433274917716204,0.708995944427782,0.0013914390511402,missense|LC,5175959910,5,175959910,
BARX2,ENSG00000043039,0.639665945921712,0.416730657503633,0.521513470817854,-0.00071315994600598,missense|LC,11129375953,11,129375953,
MRPS34,ENSG00000074071,0.639789196980951,0.92923485056366,0.462463251130899,0.0000454116789582957,missense|LC,16001766892,16,1766892,
DDHD2,ENSG00000085788,0.639815160223469,0.650896919710656,0.443672494894,-0.000180983976944725,missense|LC,8038232941,8,38232941,
TMEM97,ENSG00000109084,0.640026884373244,0.850975655882665,0.44406870994019,-0.000203460386305257,missense|LC,17028318959,17,28318959,
KIF26A,ENSG00000066735,0.640078975239225,0.410062123662601,0.827434894600346,-0.00016285497215192,missense|LC,14104138630,14,104138630,
KRTAP1-4,ENSG00000204887,0.640147579436178,0.418570410999172,0.710217592197245,0.00114101452044173,missense|LC,17041026537,17,41026537,
RMND1,ENSG00000155906,0.640184148337365,0.865822533660853,0.426378334306756,0.000116345508680019,missense|LC,6151405165,6,151405165,
RBIS,ENSG00000176731,0.640237706616995,0.495465324571902,0.566127667927173,-0.000480763270743942,missense|LC,8085209057,8,85209057,
CCDC63,ENSG00000173093,0.64026254886822,0.688149877170199,0.448833278346039,-0.000180710090472215,missense|LC,12110852831,12,110852831,
CCDC42,ENSG00000161973,0.640302025065081,0.444550015196913,0.458972724759399,-0.000437240934827997,missense|LC,17008730065,17,8730065,
ART1,ENSG00000129744,0.640583296291277,0.434492298663761,0.900049711185631,0.000276901605105899,missense|LC,11003640128,11,3640128,
ILDR2,ENSG00000143195,0.64061108448313,0.41865078882916,0.825094580874573,-0.000597344413892781,missense|LC,1166919288,1,166919288,
ZNF565,ENSG00000196357,0.640633533567674,0.86496669041931,0.439290399291776,-0.000107987837056966,missense|LC,19036182395,19,36182395,
IDH3G,ENSG00000067829,0.640658342831836,0.413865172003625,0.858129041128848,0.000829440916958272,missense|LC,23153780928,X,153780928,
NRTN,ENSG00000171119,0.640885478668004,0.874475718200859,0.41964933902418,-0.00010727029177225,missense|LC,19005824064,19,5824064,
IFT52,ENSG00000101052,0.640933815188148,0.883239947465867,0.43033278369322,0.000103967922028416,missense|LC,20043594692,20,43594692,
ZNF486,ENSG00000256229,0.640957388569074,0.445320758881508,0.927577264534129,0.00032748072401749,missense|LC,19020167232,19,20167232,
ASB2,ENSG00000100628,0.640957825051672,0.941416278642697,0.410185294523094,-0.0000408450236117257,missense|LC,14093929168,14,93929168,
RNASE4,ENSG00000258818,0.640973314556949,0.496325346884442,0.762170643512107,-0.000430084128589367,missense|LC,14020688604,14,20688604,
AL929554.2,ENSG00000261793,0.641185810779143,0.475192256292439,0.798396517160269,-0.00136565361267374,missense|LC,9137163860,9,137163860,
KRTAP8-1,ENSG00000183640,0.641361322324171,0.429622698515969,0.786835738022243,0.0023057611455618,missense|LC,21030812956,21,30812956,
CDC6,ENSG00000094804,0.641454439090839,0.480972202356185,0.818350267395836,0.000413811978725455,missense|LC,17040289368,17,40289368,
KCNV2,ENSG00000168263,0.641477773902361,0.977076503226944,0.423378220356803,-0.000011601796231111,missense|LC,9002717631,9,2717631,
HDAC1,ENSG00000116478,0.641496647680681,0.445676157069294,0.953445131778138,0.000675485158710199,missense|LC,1032292089,1,32292089,
VTI1B,ENSG00000100568,0.641628973891857,0.463952458089082,0.510122320955853,-0.000360124506303497,missense|LC,14067642113,14,67642113,
PRPSAP1,ENSG00000161542,0.641652460988138,0.435657967781296,0.888414281345379,-0.000686036122249782,missense|LC,17076304478,17,76304478,
ODF1,ENSG00000155087,0.64168345203085,0.540516075663834,0.475619548096573,0.000281730424561506,missense|LC,8102551662,8,102551662,
ERAL1,ENSG00000132591,0.641702431868786,0.44983867114493,0.648157297753811,0.000520091846425104,missense|LC,17028854934,17,28854934,
NCAPG,ENSG00000109805,0.641712223651433,0.775189513575075,0.426975856048189,0.000123756924463839,missense|LC,4017811031,4,17811031,
CTAGE6,ENSG00000271321,0.641746619057859,0.512650217799087,0.418625023721791,-0.0007475730060064,missense|LC,7143756115,7,143756115,
CFH,ENSG00000000971,0.641854777099462,0.429055670447843,0.521410997612591,-0.000248345469344037,missense|LC,1196652082,1,196652082,
TBK1,ENSG00000183735,0.642113953256523,0.827342865694133,0.412209620387594,-0.000178466153435929,missense|LC,12064448047,12,64448047,
TGM1,ENSG00000092295,0.64217889005188,0.447477535179059,0.526914491785937,-0.00023335142165146,missense|LC,14024249244,14,24249244,
ATXN7L2,ENSG00000162650,0.642187325715916,0.409379406362806,0.627055690423597,0.000530528118796983,missense|LC,1109479284,1,109479284,
SHISAL2B,ENSG00000145642,0.6422425805177,0.763422727158395,0.454422109118689,-0.000170950639289444,missense|LC,5064690544,5,64690544,
GOLGA6L10,ENSG00000278662,0.642311608669351,0.43922711153553,0.759248601782111,0.000245721653858135,missense|LC,15082342734,15,82342734,
NHEJ1,ENSG00000187736,0.642403519040127,0.437851389049487,0.430582006398215,-0.000646840785756366,missense|LC,2219076196,2,219076196,
PRMT2,ENSG00000160310,0.642447953693891,0.477039059936607,0.845156926689619,-0.000434600110565833,missense|LC,21046636870,21,46636870,
ADAT2,ENSG00000189007,0.642581411154285,0.834674256371821,0.458165954188288,-0.000146885645681248,missense|LC,6143428376,6,143428376,
ING4,ENSG00000111653,0.642642080279769,0.626588637992381,0.424457776931835,0.000861186279249286,missense|LC,12006646424,12,6646424,
FAM3B,ENSG00000183844,0.642770295237493,0.49758417390062,0.43320282209623,-0.000600277321950667,missense|LC,21041316774,21,41316774,
DEFB127,ENSG00000088782,0.642800822792225,0.423889738902404,0.505195271983365,-0.00171765268991028,missense|LC,20000157460,20,157460,
ZNF460,ENSG00000197714,0.642915532794286,0.442240224787523,0.755768100402721,0.000453138103220122,missense|LC,19057280680,19,57280680,
CTF1,ENSG00000150281,0.642985786257813,0.857660344294267,0.412449423773025,0.000245063000264083,missense|LC,16030892491,16,30892491,
VPS11,ENSG00000160695,0.64304246312392,0.460103927667769,0.424069823142608,-0.000294747143511429,missense|LC,11119067715,11,119067715,
ZNF333,ENSG00000160961,0.643069538061565,0.442079910775119,0.837467838416933,-0.000340825326066633,missense|LC,19014693391,19,14693391,
DEFB115,ENSG00000215547,0.643092639394774,0.569347270241752,0.422754398582871,0.000989171661879918,missense|LC,20031257607,20,31257607,
ARHGDIB,ENSG00000111348,0.643108513414195,0.500309282819245,0.707711698527529,-0.000420639232216034,missense|LC,12014937892,12,14937892,
CD33,ENSG00000105383,0.643110005487641,0.454965438819968,0.430100725848928,-0.000359409815801343,missense|LC,19051225015,19,51225015,
EXOSC10,ENSG00000171824,0.643180220707689,0.440938870308199,0.548466423053769,-0.000314939596552239,missense|LC,1011066625,1,11066625,
IL4R,ENSG00000077238,0.643202953295881,0.449329507418599,0.516259372685178,0.000241003178523241,missense|LC,16027313832,16,27313832,
LANCL3,ENSG00000147036,0.643237133776355,0.614266782246445,0.444880909481496,0.000282495271098768,missense|LC,23037571818,X,37571818,
C14orf39,ENSG00000179008,0.643286501663078,0.455427876577541,0.493474367050969,-0.000252188781303304,missense|LC,14060436808,14,60436808,
ZBTB6,ENSG00000186130,0.643460746995468,0.481961278096833,0.562055503772917,-0.000425118944099224,missense|LC,9122905006,9,122905006,
YAE1,ENSG00000241127,0.643501731651168,0.473055182738332,0.599892518989283,0.000397999911240819,missense|LC,7039566275,7,39566275,
SERINC3,ENSG00000132824,0.643576543283656,0.701818335154038,0.443003723845868,-0.000216968977751819,missense|LC,20044500205,20,44500205,
JOSD2,ENSG00000161677,0.643701178221041,0.939355253750074,0.418463750517315,-0.000113893394116184,missense|LC,19050506102,19,50506102,
TRPM8,ENSG00000144481,0.643883888487399,0.48257627102707,0.423675892034065,0.000275241972184735,missense|LC,2233926492,2,233926492,
ZNF700,ENSG00000196757,0.643916456487954,0.427913892873441,0.693136252782692,0.000388615908690574,missense|LC,19011925106,19,11925106,
ZSCAN12,ENSG00000158691,0.643939425293464,0.988275212062491,0.432653377091246,0.00000562436729993941,missense|LC,6028382330,6,28382330,
TMEM222,ENSG00000186501,0.643944786017172,0.437332157806084,0.511292994108629,0.000594096272262185,missense|LC,1027322074,1,27322074,
PPP1R3E,ENSG00000235194,0.643976603342128,0.502249150565799,0.429850798757652,0.000489964946426113,missense|LC,14023293480,14,23293480,
PTCHD1,ENSG00000165186,0.644039673078817,0.485938422035092,0.415426681322349,-0.00052667800491327,missense|LC,23023334831,X,23334831,
MYG1,ENSG00000139637,0.644076576910423,0.691190120595162,0.437117816524964,-0.000174889627151391,missense|LC,12053295514,12,53295514,
NPTN,ENSG00000156642,0.644135615985723,0.534885306477372,0.446545906179777,-0.000562314568200279,missense|LC,15073556244,15,73556244,
PCDHGA6,ENSG00000253731,0.644154119184692,0.636972273939885,0.439957380030107,0.00012640294685656,missense|LC,5141370319,5,141370319,
ACTRT3,ENSG00000184378,0.644155675183474,0.701255510522806,0.480445552542929,-0.000189916569140353,missense|LC,3169767355,3,169767355,
MRPS21,ENSG00000266472,0.644163540272706,0.720483016766261,0.504189600501065,0.0003301428309994,missense|LC,1150294303,1,150294303,
AL157392.5,ENSG00000282246,0.644261849783393,0.598227742949956,0.549557787793287,-0.000287602293919376,missense|LC,10013605521,10,13605521,
NOMO3,ENSG00000103226,0.644271122461858,0.443815415025946,0.898257757920804,-0.000357453997001678,missense|LC,16016232511,16,16232511,
AC003002.1,ENSG00000268133,0.644277887311173,0.437382148069343,0.48468032057677,0.0014217920527308,missense|LC,19057364771,19,57364771,
ABHD17B,ENSG00000107362,0.644283800558317,0.43830800370103,0.861896033121317,0.00114508252603047,missense|LC,9071862467,9,71862467,
ADGRL3,ENSG00000150471,0.64429731366642,0.437167714602179,0.51924742700439,0.000397962444716805,missense|LC,4061497276,4,61497276,
UBE2B,ENSG00000119048,0.644333468510079,0.910309673408735,0.426838929836136,0.000362677071942692,missense|LC,5134366562,5,134366562,
TTC37,ENSG00000198677,0.644363410791291,0.733496820891056,0.441084485089427,0.000106796928570037,missense|LC,5095464563,5,95464563,
BAK1,ENSG00000030110,0.644390708857662,0.854353755341782,0.423456833247587,0.00020140861767311,missense|LC,6033573749,6,33573749,
ZNF843,ENSG00000176723,0.644428873064985,0.426063005529214,0.761657191557702,0.000511227518218521,missense|LC,16031435711,16,31435711,
UTP23,ENSG00000147679,0.644452385807439,0.681184955656006,0.419742019466976,0.000476087995592008,missense|LC,8116766495,8,116766495,
EFNB3,ENSG00000108947,0.644545069755435,0.629357214067822,0.416788631323068,-0.000634746063691549,missense|LC,17007700706,17,7700706,
C3orf62,ENSG00000188315,0.64461357067628,0.576467478206357,0.471309545509631,-0.00023753597936621,missense|LC,3049271096,3,49271096,
NPNT,ENSG00000168743,0.644627090205685,0.437551846510696,0.529842090157014,0.000352969432727411,missense|LC,4105895587,4,105895587,
RPRM,ENSG00000177519,0.644655397496258,0.429870356919458,0.552816346948184,-0.00128350884862475,missense|LC,2153478182,2,153478182,
LEFTY2,ENSG00000143768,0.644708030087406,0.771987299036284,0.416372840223112,0.0002276849586952,missense|LC,1225937312,1,225937312,
C17orf100,ENSG00000256806,0.644865534379857,0.456472647985147,0.697489564923204,0.000523494498625069,missense|LC,17006649903,17,6649903,
IMPG2,ENSG00000081148,0.644900359688193,0.4147512026869,0.503788079168687,0.00030221826449799,missense|LC,3101226900,3,101226900,
PIK3IP1,ENSG00000100100,0.64494650994381,0.858576644474608,0.440169686867622,-0.00016580746841584,missense|LC,22031276638,22,31276638,
GGCX,ENSG00000115486,0.644951246929247,0.418856798812578,0.433079711140754,-0.000451499115427257,missense|LC,2085541041,2,85541041,
BEST2,ENSG00000039987,0.644972654032061,0.515213831284376,0.453743025254823,-0.000234850874600657,missense|LC,19012747131,19,12747131,
MLXIPL,ENSG00000009950,0.645053203139137,0.795619973909538,0.439609127568416,-0.0000840465666884422,missense|LC,7073593814,7,73593814,
TANC1,ENSG00000115183,0.64509475706273,0.433068989138398,0.577684108716538,0.000196568088423071,missense|LC,2159003825,2,159003825,
COX10,ENSG00000006695,0.645147601253029,0.860937999080439,0.443719464766831,-0.0000841895297649523,missense|LC,17014069505,17,14069505,
ATP5IF1,ENSG00000130770,0.645148786428667,0.598845591108488,0.427272795325139,-0.000812745439492652,missense|LC,1028232834,1,28232834,
SPAG9,ENSG00000008294,0.645170049687391,0.597147239732164,0.432192064734499,0.000231309777397714,missense|LC,17050966259,17,50966259,
RAG1,ENSG00000166349,0.645324212525301,0.426975398737192,0.560302713001221,0.000301576938527297,missense|LC,11036573225,11,36573225,
ITGA10,ENSG00000143127,0.645342964755144,0.608143002948793,0.43460581602843,0.000122216441044605,missense|LC,1145892753,1,145892753,
ABHD13,ENSG00000139826,0.645354841715417,0.73987433538065,0.444810047373293,-0.000290435095945293,missense|LC,13108229142,13,108229142,
ALG1L,ENSG00000189366,0.645431892346248,0.845884437496088,0.42183039315926,0.000131964603902693,missense|LC,3125924275,3,125924275,
IL33,ENSG00000137033,0.645439640280917,0.422009849232237,0.450184179518525,0.00120407825221131,missense|LC,9006241687,9,6241687,
LRFN3,ENSG00000126243,0.645479164707529,0.456269441237523,0.458974086946784,-0.000294422732284293,missense|LC,19035939318,19,35939318,
YWHAE,ENSG00000108953,0.645489515698103,0.428814739512248,0.877082566915089,0.00172119394010455,missense|LC,17001345371,17,1345371,
BFSP1,ENSG00000125864,0.645519087883169,0.469203524099468,0.465468190486334,0.00020619064572205,missense|LC,20017494002,20,17494002,
TCP10L,ENSG00000242220,0.645631852705761,0.497092316216789,0.426508706583246,-0.000762277955342206,missense|LC,21032576196,21,32576196,
PGAP1,ENSG00000197121,0.645695984393117,0.580325340488222,0.443062526233619,-0.000222916487113889,missense|LC,2196841153,2,196841153,
HLA-F,ENSG00000204642,0.645715094982333,0.606039650096493,0.418626782424566,-0.000593776012749446,missense|LC,6029723378,6,29723378,
GEMIN2,ENSG00000092208,0.645768251865268,0.784177063128156,0.415566725605927,-0.000391058385545098,missense|LC,14039114243,14,39114243,
PTPN13,ENSG00000163629,0.645777610106715,0.9186893286741,0.425174838241888,0.0000212468371285412,missense|LC,4086595671,4,86595671,
MLH3,ENSG00000119684,0.645854408835434,0.449922991656556,0.840794086619588,0.000163875329299514,missense|LC,14075008926,14,75008926,
PUS10,ENSG00000162927,0.645881658736785,0.419307244037318,0.771436189852918,0.000694191782450764,missense|LC,2060938360,2,60938360,
RASGEF1B,ENSG00000138670,0.645984899446685,0.464714387018485,0.421008525855403,0.000619542646335135,missense|LC,4081427669,4,81427669,
ALKAL1,ENSG00000196711,0.646033322944792,0.414572539634412,0.455304930686181,-0.00122652278152591,missense|LC,8052538412,8,52538412,
TMCO6,ENSG00000113119,0.646065649429138,0.496942587682512,0.425070692067804,-0.000472519403285153,missense|LC,5140639504,5,140639504,
NUBP1,ENSG00000103274,0.64624336459101,0.58306270786694,0.422469954505806,-0.00044290703535476,missense|LC,16010743728,16,10743728,
RAB11FIP2,ENSG00000107560,0.646257533772182,0.740516592146274,0.447373789980493,0.00012785275116963,missense|LC,10118008944,10,118008944,
MYLIP,ENSG00000007944,0.646322779441904,0.448438978946144,0.820881427196116,-0.000413046002795609,missense|LC,6016129233,6,16129233,
CYBA,ENSG00000051523,0.646338961990786,0.485378202532498,0.681584570725613,0.000349905984144416,missense|LC,16088638530,16,88638530,
PLPPR3,ENSG00000129951,0.646462065025276,0.809550333808513,0.437088167825744,-0.0000725247253636838,missense|LC,19000807812,19,807812,
CALHM5,ENSG00000178033,0.646485850513268,0.641503508297181,0.428991678417376,0.00043952924081577,missense|LC,6116511624,6,116511624,
CSDC2,ENSG00000172346,0.646495791106151,0.568498736669638,0.415425606562039,0.00115423494355054,missense|LC,22041571903,22,41571903,
PRDM6,ENSG00000061455,0.646554361933751,0.631143700081622,0.432917917110497,-0.000129177048623582,missense|LC,5123089945,5,123089945,
WWC1,ENSG00000113645,0.64659947520411,0.406518077710055,0.795019176291606,-0.00035603448133698,missense|LC,5168292153,5,168292153,
RBM19,ENSG00000122965,0.646626043806899,0.614547305001995,0.428643143320852,0.000157228272790918,missense|LC,12113823201,12,113823201,
RHO,ENSG00000163914,0.646714696210562,0.422490944006894,0.922370443355549,0.000627839834935422,missense|LC,3129528619,3,129528619,
OR4D1,ENSG00000141194,0.646741351310706,0.792941186255289,0.45822492122856,-0.000166073736928913,missense|LC,17058155107,17,58155107,
TMEM120A,ENSG00000189077,0.646743214372001,0.579461489106139,0.443114305004579,-0.000355128809408515,missense|LC,7075982170,7,75982170,
RRAGC,ENSG00000116954,0.646760871620731,0.44008703069513,0.933214856952327,0.000712518292658009,missense|LC,1038839457,1,38839457,
SMAP1,ENSG00000112305,0.646847137847991,0.455838624309342,0.504753718157906,0.000494486557881956,missense|LC,6070667954,6,70667954,
ARMT1,ENSG00000146476,0.646942829230717,0.497244884718988,0.446181097298878,0.000402933492924731,missense|LC,6151452459,6,151452459,
OLIG3,ENSG00000177468,0.646958194217351,0.656798781514738,0.497265042945398,-0.000214574935787967,missense|LC,6137493283,6,137493283,
SMYD1,ENSG00000115593,0.647029517705085,0.710180250406929,0.433532725891569,-0.000138265536441551,missense|LC,2088067742,2,88067742,
TBX10,ENSG00000167800,0.64704381786984,0.467103398919435,0.622465963824488,0.000392768817804669,missense|LC,11067627879,11,67627879,
EDC4,ENSG00000038358,0.647062615374065,0.432990666450555,0.619661953398217,-0.000284641343174928,missense|LC,16067868269,16,67868269,
SRPRB,ENSG00000144867,0.64708925769028,0.419688110734635,0.961320409964822,0.000866526093486828,missense|LC,3133805720,3,133805720,
NPTX1,ENSG00000171246,0.647316142520265,0.492491587186958,0.432456553363932,0.000546211779040645,missense|LC,17080470777,17,80470777,
HDHD5,ENSG00000069998,0.647467174294224,0.75725503601026,0.46190093222923,0.000144759830342482,missense|LC,22017137953,22,17137953,
SLURP2,ENSG00000283992,0.647598622918087,0.444319566134608,0.678219351660613,-0.000880639746016482,missense|LC,8142764518,8,142764518,
MFNG,ENSG00000100060,0.647619186828243,0.671688551688065,0.417118900318094,0.000283163719915625,missense|LC,22037469905,22,37469905,
H2BC3,ENSG00000276410,0.647619620961412,0.464913360775601,0.44095477365676,-0.000832209773268041,missense|LC,6026043204,6,26043204,
OPN1SW,ENSG00000128617,0.647660343338143,0.918842181013141,0.422389394014495,0.00006295195322652,missense|LC,7128767491,7,128767491,
ZNF426,ENSG00000130818,0.647945145919536,0.42245217362011,0.799779077119323,0.000524423551057047,missense|LC,19009528298,19,9528298,
ZNF530,ENSG00000183647,0.647974297358243,0.432187193136938,0.444715868068766,-0.000360293904870112,missense|LC,19057599991,19,57599991,
USP50,ENSG00000170236,0.648013998399439,0.715963201954917,0.435413086423814,-0.000270690552389619,missense|LC,15050495793,15,50495793,
KLHDC2,ENSG00000165516,0.648017964681155,0.497285838861133,0.438062544568667,0.000512735940331368,missense|LC,14049768366,14,49768366,
PTMS,ENSG00000159335,0.648079132397131,0.419637269790983,0.498262082801222,-0.00204766111657124,missense|LC,12006766632,12,6766632,
POMGNT1,ENSG00000085998,0.648116849565911,0.745414634020128,0.41659202909554,0.000191058979780815,missense|LC,1046184107,1,46184107,
RCL1,ENSG00000120158,0.648126584715972,0.775107286309238,0.458721965999525,-0.0000988694212542222,missense|LC,9004792980,9,4792980,
ZNF639,ENSG00000121864,0.648147241939021,0.875269418520021,0.462620283190401,-0.0000676854447825979,missense|LC,3179322358,3,179322358,
CHRNA4,ENSG00000101204,0.648150001929824,0.432367928154249,0.851418861484034,-0.000283000738925008,missense|LC,20063346614,20,63346614,
BATF,ENSG00000156127,0.648166945378352,0.754655433405915,0.530430342198778,-0.000223611046626648,missense|LC,14075522593,14,75522593,
SDHB,ENSG00000117118,0.648301288182223,0.96778558698085,0.414461077754585,-0.0000481538732513077,missense|LC,1017018851,1,17018851,
ASB6,ENSG00000148331,0.648496658014446,0.594203374513016,0.431572796851823,0.000316347905237183,missense|LC,9129632607,9,129632607,
AGRP,ENSG00000159723,0.648522998595419,0.919417064480711,0.417963945150236,-0.0001702983588581,missense|LC,16067480831,16,67480831,
MTARC1,ENSG00000186205,0.648658220238944,0.946611368092554,0.43295079426421,-0.000035992956347074,missense|LC,1220781914,1,220781914,
METTL25,ENSG00000127720,0.648669413287987,0.866220482064918,0.413276022685177,0.000116404578667736,missense|LC,12082354442,12,82354442,
RNASE3,ENSG00000169397,0.648772165484173,0.649678941898647,0.475286339897079,-0.000211467729589762,missense|LC,14020891562,14,20891562,
ARL14,ENSG00000179674,0.64878500719521,0.55906784523359,0.440342474165453,0.000468157800203308,missense|LC,3160677281,3,160677281,
KIR2DL1,ENSG00000125498,0.648801222467188,0.452255741330159,0.630617002795637,0.000162381581561789,missense|LC,19054766460,19,54766460,
SLC16A7,ENSG00000118596,0.648801230528415,0.983712028270656,0.469199437963254,-0.00000689459139662773,missense|LC,12059704769,12,59704769,
ADAM30,ENSG00000134249,0.648805638200632,0.444182950941175,0.833656588471612,-0.000242971836406473,missense|LC,1119893784,1,119893784,
LAX1,ENSG00000122188,0.648849389647371,0.8573314050405,0.466932708111952,-0.0000932070565221414,missense|LC,1203765269,1,203765269,
TPPP2,ENSG00000179636,0.648859529909521,0.467372627425347,0.666332686637295,-0.000337338943244106,missense|LC,14021025218,14,21025218,
SLITRK6,ENSG00000184564,0.648884459257737,0.46189485592624,0.779430672531082,0.000303956204246885,missense|LC,13085793883,13,85793883,
PSMG3,ENSG00000157778,0.648893562555293,0.579589870008928,0.526914564185005,-0.000301131970744634,missense|LC,7001567607,7,1567607,
KLC4,ENSG00000137171,0.649018088783615,0.91997242882345,0.426741681121437,0.0000516068158505718,missense|LC,6043055485,6,43055485,
PRMT7,ENSG00000132600,0.649026762858875,0.419058960616683,0.553311278981586,0.00040357564415971,missense|LC,16068310238,16,68310238,
USP43,ENSG00000154914,0.649106780259698,0.442304947334358,0.946524734644114,-0.000222324606182299,missense|LC,17009641680,17,9641680,
USP40,ENSG00000085982,0.649298215119679,0.858392742500326,0.42609455308012,-0.0000544843730272089,missense|LC,2233477318,2,233477318,
TSPAN31,ENSG00000135452,0.649298871514801,0.571984701935257,0.484363162093839,-0.000475227129579519,missense|LC,12057741811,12,57741811,
CCDC81,ENSG00000149201,0.649462802150841,0.451451947758939,0.824104568077455,0.000221709127361366,missense|LC,11086375113,11,86375113,
ACTA1,ENSG00000143632,0.649532026799409,0.423553658220758,0.776341602173043,0.00160993631550591,missense|LC,1229431394,1,229431394,
CGRRF1,ENSG00000100532,0.64954092341299,0.533425254379172,0.494274965063522,-0.000295225943824946,missense|LC,14054509914,14,54509914,
ANKS6,ENSG00000165138,0.649677803882377,0.436702054709357,0.927344490140257,-0.000235869943761994,missense|LC,9098732412,9,98732412,
NANS,ENSG00000095380,0.649706694912727,0.716398038803583,0.45579320654173,0.000166718742520853,missense|LC,9098056666,9,98056666,
TERB1,ENSG00000249961,0.649994227969785,0.681427998654433,0.431799092753674,0.000203211544932489,missense|LC,16066751168,16,66751168,
NUTM2A,ENSG00000184923,0.649996896532073,0.764738021653054,0.432447138507602,0.000158907792161504,missense|LC,10087228225,10,87228225,
NFIB,ENSG00000147862,0.650102552743415,0.475576096833539,0.71138087567564,0.000443335064244204,missense|LC,9014088117,9,14088117,
COL4A6,ENSG00000197565,0.65024333336544,0.639364037411995,0.437384998655427,0.000110724897780258,missense|LC,23108151746,X,108151746,
C1QL1,ENSG00000131094,0.650272200785095,0.796313669983669,0.418652176041423,0.000325063757134079,missense|LC,17044960123,17,44960123,
LRR1,ENSG00000165501,0.650384807092748,0.420781591686963,0.482342304459696,-0.0006785481266728,missense|LC,14049598916,14,49598916,
NUDCD1,ENSG00000120526,0.650408535302706,0.834325227365425,0.420683138169367,0.000139048157000533,missense|LC,8109242973,8,109242973,
CRBN,ENSG00000113851,0.650412656251061,0.465375072986937,0.635559924193767,-0.00039820184433208,missense|LC,3003146380,3,3146380,
HEXA,ENSG00000213614,0.650571592003635,0.456471048545734,0.687867050652402,-0.000335508471743109,missense|LC,15072344024,15,72344024,
SYNE2,ENSG00000054654,0.650645561907525,0.652708298337332,0.431404390759034,-0.000157964136475807,missense|LC,14063909117,14,63909117,
SIAE,ENSG00000110013,0.650780022456916,0.436319196117781,0.561942660080645,0.000332779436547469,missense|LC,11124630366,11,124630366,
FHDC1,ENSG00000137460,0.650794754920114,0.588610679411024,0.420545564025808,0.000179651088433253,missense|LC,4152942972,4,152942972,
CDC7,ENSG00000097046,0.650797192666333,0.55537111331961,0.434792715766383,-0.000299883208685066,missense|LC,1091501682,1,91501682,
TSEN54,ENSG00000182173,0.650897075235045,0.439227995991103,0.646579573387779,-0.000365868765574248,missense|LC,17075513670,17,75513670,
SNX13,ENSG00000071189,0.651012599549432,0.519685721028097,0.452157049323915,0.000289008189884209,missense|LC,7017793955,7,17793955,
KRTAP3-2,ENSG00000212900,0.651121827927664,0.516033062790311,0.799356210823826,-0.000420727272560147,missense|LC,17040999419,17,40999419,
KCNQ2,ENSG00000075043,0.651237918697025,0.429487574767405,0.448876811335828,-0.000510273323562663,missense|LC,20063406527,20,63406527,
OR1L4,ENSG00000136939,0.651386104019709,0.705218919280929,0.47361796238132,-0.000154672078816554,missense|LC,9122723921,9,122723921,
CELF2,ENSG00000048740,0.651392158553137,0.469353500775072,0.472033698318285,0.000568001940607205,missense|LC,10011017967,10,11017967,
AL035460.1,ENSG00000241690,0.651454024195109,0.467996097309968,0.827613822658488,0.000268818220367058,missense|LC,20002815076,20,2815076,
ZDHHC11B,ENSG00000206077,0.651615578914077,0.918386618880129,0.432627040422538,0.0000511614100172132,missense|LC,5000716697,5,716697,
CROT,ENSG00000005469,0.651634720004945,0.936662898649741,0.444464852827127,0.0000363886394146089,missense|LC,7087349055,7,87349055,
SFXN4,ENSG00000183605,0.651640955307228,0.42696226058674,0.844156604122255,0.000869612106246611,missense|LC,10119136361,10,119136361,
COLCA2,ENSG00000214290,0.651740173413442,0.464594031071592,0.481392776574056,0.000398089777352402,missense|LC,11111298559,11,111298559,
CACNG5,ENSG00000075429,0.651845337552578,0.426156286062896,0.476339330886457,-0.000612016492254043,missense|LC,17066877264,17,66877264,
MAP4K3,ENSG00000011566,0.651959903741439,0.746052585467621,0.451596120660726,-0.000101557646768391,missense|LC,2039250563,2,39250563,
PCDHGB1,ENSG00000254221,0.652005695163653,0.425869914975946,0.897002203444095,-0.000268179457501052,missense|LC,5141345264,5,141345264,
RTP1,ENSG00000175077,0.652105231118484,0.509538141934377,0.449068957927031,0.000413020776620716,missense|LC,3187197428,3,187197428,
FAM189A1,ENSG00000104059,0.652169026440334,0.785715022310623,0.444204249710894,0.0000932390485654583,missense|LC,15029116985,15,29116985,
ERVV-1,ENSG00000269526,0.652374460599807,0.992102953905151,0.424028574490478,-0.0000068557519080565,missense|LC,19053013956,19,53013956,
EIF3E,ENSG00000104408,0.652439971655265,0.654732119570081,0.424163287560563,-0.000741883796203278,missense|LC,8108201813,8,108201813,
TEX101,ENSG00000131126,0.652467267415561,0.482342917215789,0.445961229870773,-0.0007089538691768,missense|LC,19043414755,19,43414755,
TK2,ENSG00000166548,0.652556682720729,0.493486597506519,0.539347751460924,-0.00034704375014196,missense|LC,16066511901,16,66511901,
AC013477.2,ENSG00000288637,0.65274510030229,0.933580413392595,0.447621725509725,0.0000518594638341777,missense|LC,4153257337,4,153257337,
TMEM269,ENSG00000274386,0.652955930047469,0.684767205998184,0.428592997230156,-0.000529285671792293,missense|LC,1042789376,1,42789376,
DUSP15,ENSG00000149599,0.652984132134066,0.440245953841435,0.50306544307345,-0.000513023461253633,missense|LC,20031844445,20,31844445,
SIVA1,ENSG00000184990,0.652999442140256,0.804383229434959,0.47223736499518,0.00012831557645655,missense|LC,14104753165,14,104753165,
OR5T1,ENSG00000181698,0.653087986544329,0.644464843891457,0.427366197345609,-0.000355946930619001,missense|LC,11056275587,11,56275587,
TBCCD1,ENSG00000113838,0.653126047962513,0.42593562675605,0.61870458514056,0.000621849853214874,missense|LC,3186544274,3,186544274,
ALDH1A2,ENSG00000128918,0.653157009372426,0.768851412151695,0.431385933051082,0.00033685791408245,missense|LC,15057955127,15,57955127,
AC074143.1,ENSG00000265690,0.653172962441436,0.48596713615503,0.681579411681025,-0.000554350919396127,missense|LC,16067161661,16,67161661,
KRT4,ENSG00000170477,0.653286125190692,0.427808252772886,0.517531052628918,0.000349253660894237,missense|LC,12052806999,12,52806999,
TPM1,ENSG00000140416,0.653360602001782,0.457926622983356,0.509490285747667,-0.00141455835319001,missense|LC,15063042767,15,63042767,
TSPAN15,ENSG00000099282,0.653378044564385,0.972396565805351,0.453040422738184,0.0000172137614928674,missense|LC,10069451378,10,69451378,
SLC33A1,ENSG00000169359,0.653444889228159,0.471148082278448,0.701301664231613,-0.000296920211748371,missense|LC,3155828174,3,155828174,
ALPK1,ENSG00000073331,0.653453347564555,0.71032994301149,0.44850782411474,0.000105841879122729,missense|LC,4112356119,4,112356119,
PCDHGA12,ENSG00000253159,0.653558682701436,0.881404730626361,0.45250457177536,-0.0000551708775829556,missense|LC,5141427778,5,141427778,
TPTE2,ENSG00000132958,0.653620937604548,0.673504791873509,0.431995883056744,0.000217848416975093,missense|LC,13019422963,13,19422963,
HSD3B7,ENSG00000099377,0.653633035429736,0.429343322057592,0.75775940765608,0.000427112909077478,missense|LC,16030980211,16,30980211,
TP53RK,ENSG00000172315,0.653720409550019,0.721196999151316,0.431827768547655,0.000348154282268909,missense|LC,20046686701,20,46686701,
DDX60,ENSG00000137628,0.653927289872156,0.452514309104001,0.76500290904089,0.000240456274691576,missense|LC,4168216911,4,168216911,
CWC25,ENSG00000273559,0.653995560626024,0.859345313634162,0.437260368225003,0.000108556696136829,missense|LC,17038799165,17,38799165,
DLEU7,ENSG00000186047,0.654171137431392,0.836777947964685,0.43311266255135,0.000193256211096159,missense|LC,13050822913,13,50822913,
PML,ENSG00000140464,0.65418132820701,0.439160263593677,0.611224932231991,-0.000995285461461522,missense|LC,15073990283,15,73990283,
OR14J1,ENSG00000204695,0.654191184877223,0.442598539120014,0.893595412365556,-0.000651659161558279,missense|LC,6029306662,6,29306662,
CSPG4,ENSG00000173546,0.654284278057731,0.431342069571719,0.678693383548215,0.000111676370587205,missense|LC,15075675433,15,75675433,
BMP2,ENSG00000125845,0.654296334272919,0.703397883881703,0.422814377133715,-0.000359789858973434,missense|LC,20006770027,20,6770027,
MIDN,ENSG00000167470,0.654332447016634,0.43097567614218,0.791317045953151,0.000461638952685859,missense|LC,19001244013,19,1244013,
GTF2F2,ENSG00000188342,0.654451515494433,0.444058665143834,0.477201463584607,-0.000917476451077591,missense|LC,13045120608,13,45120608,
COLQ,ENSG00000206561,0.654495331271018,0.524495364222076,0.428441605372658,-0.000410751529416192,missense|LC,3015451579,3,15451579,
IQCJ-SCHIP1,ENSG00000283154,0.654560578657333,0.605840182059633,0.431790523561791,-0.000366992159106927,missense|LC,3159069294,3,159069294,
NETO1,ENSG00000166342,0.654655900135362,0.496007947197932,0.750271943562626,0.000332393852935425,missense|LC,18072748078,18,72748078,
EXOC5,ENSG00000070367,0.654668118633957,0.485862716574881,0.928916090155543,0.000324030625456394,missense|LC,14057208561,14,57208561,
TNFRSF21,ENSG00000146072,0.65470225115934,0.464512591746009,0.496996758040454,0.000276068001543608,missense|LC,6047232697,6,47232697,
UBE2L3,ENSG00000185651,0.654752869838976,0.902098595247655,0.43586486994453,-0.000676062813444799,missense|LC,22021545898,22,21545898,
CA10,ENSG00000154975,0.654841184082403,0.445365940582614,0.852409907187479,0.000716150604856268,missense|LC,17051631528,17,51631528,
TRIM71,ENSG00000206557,0.654950852584537,0.426900629415617,0.642079723972993,0.000352973510771147,missense|LC,3032818008,3,32818008,
ELAPOR2,ENSG00000164659,0.654965020627663,0.443933734422595,0.780338844999005,-0.000251307875771378,missense|LC,7086880438,7,86880438,
MEMO1,ENSG00000162959,0.654981839403151,0.431773914880497,0.639923335114927,-0.00147738591685173,missense|LC,2031868253,2,31868253,
CLDN2,ENSG00000165376,0.654987113549565,0.83219225410954,0.46300497714407,-0.000257438373388633,missense|LC,23106928216,X,106928216,
FCMR,ENSG00000162894,0.655061946691748,0.445253600654559,0.484280742997275,0.000569166071508682,missense|LC,1206899231,1,206899231,
REM1,ENSG00000088320,0.655128986505724,0.43360107998521,0.784832205548447,0.000554130905299906,missense|LC,20031472836,20,31472836,
ACAD11,ENSG00000240303,0.655155102059169,0.430490140385605,0.468359789212596,0.000364976894402442,missense|LC,3132558926,3,132558926,
TENT5A,ENSG00000112773,0.655157474888836,0.910588756654367,0.472780263610328,0.0000523598709672267,missense|LC,6081745624,6,81745624,
PRH2,ENSG00000134551,0.655196467195215,0.691765381692477,0.476219710403766,0.00021277438707172,missense|LC,12010929166,12,10929166,
WDR93,ENSG00000140527,0.655209490929173,0.990549678679468,0.423145241006135,-0.00000674409784820043,missense|LC,15089686442,15,89686442,
RBM6,ENSG00000004534,0.655314826504674,0.496892805079956,0.5290468998599,-0.000185955568831138,missense|LC,3049962576,3,49962576,
PIP4K2B,ENSG00000276293,0.655351804051911,0.534703347845206,0.511088384681652,-0.000411031216450886,missense|LC,17038760689,17,38760689,
TCTN3,ENSG00000119977,0.65542616249212,0.49605668067838,0.659897707368643,-0.00019848541458516,missense|LC,10095664007,10,95664007,
TAC4,ENSG00000176358,0.655438472385042,0.443312848415725,0.655087022496926,0.00147350582947974,missense|LC,17049838547,17,49838547,
SRPRA,ENSG00000182934,0.655541150634255,0.934071879909672,0.437081951400678,0.0000492055831651049,missense|LC,11126261367,11,126261367,
IGHV4-31,ENSG00000231475,0.655564392487238,0.463072519910372,0.928639758026208,0.00201319534426905,missense|LC,14106349273,14,106349273,
RASAL1,ENSG00000111344,0.655573335392367,0.437793866589898,0.723481130769716,0.000306313110899379,missense|LC,12113093819,12,113093819,
AL355315.1,ENSG00000249967,0.655581450604821,0.463656867220328,0.760852001202399,0.000328438659201717,missense|LC,10097580803,10,97580803,
OR9K2,ENSG00000170605,0.655802291990264,0.631688753594937,0.455040073197629,0.000251305889922191,missense|LC,12055129722,12,55129722,
SHPK,ENSG00000197417,0.655833095824733,0.440894783069095,0.653374562235996,0.000251074204726735,missense|LC,17003610472,17,3610472,
AC027796.3,ENSG00000262304,0.655833095824733,0.440894783069095,0.653374562235996,0.000251074204726735,missense|LC,17003580377,17,3580377,
SCML2,ENSG00000102098,0.655966057445112,0.947019049907229,0.469384007069271,-0.0000381229294688835,missense|LC,23018241219,X,18241219,
BAG2,ENSG00000112208,0.656002519138362,0.890781899115262,0.439119885473243,-0.000203079584261441,missense|LC,6057168386,6,57168386,
EXO1,ENSG00000174371,0.656115650833635,0.441094148595118,0.924538770490809,0.000171198262282444,missense|LC,1241850390,1,241850390,
PARL,ENSG00000175193,0.65617700832788,0.429522291328434,0.529003980308328,-0.00087340238215847,missense|LC,3183825029,3,183825029,
CREBL2,ENSG00000111269,0.656225894218958,0.443135759168369,0.877426295163228,-0.00223928522344562,missense|LC,12012612069,12,12612069,
VSTM2B,ENSG00000187135,0.656258705684169,0.42926176334389,0.765605280902792,0.000557082521052901,missense|LC,19029526513,19,29526513,
MMADHC,ENSG00000168288,0.656323817280329,0.458356988684776,0.45414031483102,0.000446999228201184,missense|LC,2149569911,2,149569911,
BRK1,ENSG00000254999,0.656359736305041,0.43370100936821,0.725275380842432,-0.00210180079157894,missense|LC,3010115657,3,10115657,
KCTD4,ENSG00000180332,0.656482621453907,0.74709979196059,0.443028795728953,-0.000374727457481285,missense|LC,13045193723,13,45193723,
GJB6,ENSG00000121742,0.656574738076023,0.681122934790924,0.50619823227894,0.000197351027879447,missense|LC,13020222638,13,20222638,
CXCL14,ENSG00000145824,0.656578147807683,0.502043592456665,0.665632749145417,-0.000582892811986166,missense|LC,5135571820,5,135571820,
VIPR2,ENSG00000106018,0.656648829641785,0.969058021101224,0.430867268625019,0.0000224827729100619,missense|LC,7159030499,7,159030499,
ZYG11B,ENSG00000162378,0.656686036331968,0.538282181711205,0.424118056198043,-0.000777892321073962,missense|LC,1052726550,1,52726550,
CHRM5,ENSG00000184984,0.656782082075749,0.838797888636453,0.443223246226863,-0.0000935868834971619,missense|LC,15034002966,15,34002966,
SPAG11A,ENSG00000178287,0.65684786789643,0.54805884419893,0.633357525766432,-0.000376629925076982,missense|LC,8007848545,8,7848545,
CNST,ENSG00000162852,0.656940337544415,0.577263231406331,0.453064602262983,-0.000245528390882655,missense|LC,1246564291,1,246564291,
MAP9,ENSG00000164114,0.6570594853207,0.447897254348771,0.831653204940631,-0.000232915716452858,missense|LC,4155347711,4,155347711,
SP9,ENSG00000217236,0.657102288355609,0.431660886544396,0.487688895390561,-0.000475331281851953,missense|LC,2174334988,2,174334988,
CPNE8,ENSG00000139117,0.65717420267345,0.777297234985725,0.421439037920588,0.000239459791558735,missense|LC,12038653733,12,38653733,
LCE1A,ENSG00000186844,0.657195806323519,0.477035476361492,0.582211265810019,-0.000384354906188366,missense|LC,1152827402,1,152827402,
POLR2H,ENSG00000163882,0.657281582183464,0.540921312052145,0.768575946974025,-0.000345704049301019,missense|LC,3184358564,3,184358564,
CCDC116,ENSG00000161180,0.657369687492016,0.941032880283782,0.432426382194714,0.0000304586420673906,missense|LC,22021628278,22,21628278,
TCAF2,ENSG00000170379,0.6573766540784,0.442447832380155,0.973164467460894,0.00044796324650394,missense|LC,7143703219,7,143703219,
NUP43,ENSG00000120253,0.657393996378271,0.749003810037026,0.439805911406924,0.000245310384694577,missense|LC,6149726917,6,149726917,
ADAM12,ENSG00000148848,0.657407561683044,0.455950736021489,0.532456527331463,0.000276338276554247,missense|LC,10126008278,10,126008278,
PLEKHM3,ENSG00000178385,0.657438777611561,0.464594731186403,0.919281204403667,0.000308291513020645,missense|LC,2207828238,2,207828238,
KCNC2,ENSG00000166006,0.657516535225371,0.989668282062914,0.510303326414147,-0.00000190101652760771,missense|LC,12075041052,12,75041052,
H2BC10,ENSG00000278588,0.657641324624584,0.432938248239833,0.505878284033923,-0.00144159622819057,missense|LC,6026270901,6,26270901,
CDC42SE1,ENSG00000197622,0.657660436356447,0.880141443800716,0.45623132522858,0.000323633822027358,missense|LC,1151045973,1,151045973,
SALL4,ENSG00000101115,0.657821429671412,0.965899450411126,0.427586528122389,-0.0000144256776549177,missense|LC,20051784171,20,51784171,
PTS,ENSG00000150787,0.657966994610145,0.431538951501192,0.503381886578995,0.00133843317760669,missense|LC,11112226367,11,112226367,
AHRR,ENSG00000063438,0.658027823383711,0.519030720296819,0.468711534879109,0.000207864897685732,missense|LC,5000422633,5,422633,
PMAIP1,ENSG00000141682,0.658043893258801,0.704196158097242,0.449980911523412,-0.000823740771574602,missense|LC,18059900084,18,59900084,
OR1L8,ENSG00000171496,0.658100470598372,0.436476424080018,0.547373612090891,0.000597481082302762,missense|LC,9122567500,9,122567500,
ITK,ENSG00000113263,0.658118144215803,0.78806255660123,0.446602734485967,-0.000144747167157876,missense|LC,5157180899,5,157180899,
CXCR6,ENSG00000172215,0.65818166783477,0.778059937170516,0.456396628474444,-0.000250110427391245,missense|LC,3045946427,3,45946427,
VSTM5,ENSG00000214376,0.658250431567157,0.90163518949911,0.501886495759296,0.0000502812931134969,missense|LC,11093820479,11,93820479,
L3MBTL1,ENSG00000185513,0.658311885566751,0.43979121715829,0.594860657444972,0.000245658065249673,missense|LC,20043513383,20,43513383,
IFIH1,ENSG00000115267,0.65847364256697,0.917416988180832,0.436220582444536,0.0000306491661269704,missense|LC,2162267178,2,162267178,
WDR5B,ENSG00000196981,0.658521334861071,0.89135978664914,0.495586300102291,-0.0000758197579541812,missense|LC,3122407227,3,122407227,
BASP1,ENSG00000176788,0.658524064414667,0.463886190271343,0.53359545741569,0.000341116546551915,missense|LC,5017275129,5,17275129,
TFG,ENSG00000114354,0.658538308121508,0.469805620368576,0.877042432700295,0.000612602322967623,missense|LC,3100713624,3,100713624,
ADH1C,ENSG00000248144,0.658556951167548,0.477687511959692,0.557824500575447,0.00050731004158711,missense|LC,4099336654,4,99336654,
CSF3,ENSG00000108342,0.658580793794485,0.762096300110926,0.472531273448887,0.000245742593179122,missense|LC,17040015358,17,40015358,
RPS15A,ENSG00000134419,0.658583821286119,0.438263630257748,0.754137714866872,-0.00312370357703806,missense|LC,16018783004,16,18783004,
CTLA4,ENSG00000163599,0.65860779194897,0.433580543821081,0.524252353606886,-0.00132696734948376,missense|LC,2203867902,2,203867902,
TBX15,ENSG00000092607,0.658760488850256,0.440922821638424,0.738002640415759,-0.000436873406782275,missense|LC,1118884619,1,118884619,
NCALD,ENSG00000104490,0.658940660095956,0.777474686143064,0.434145923370448,0.000538311444432905,missense|LC,8101689235,8,101689235,
IL9R,ENSG00000124334,0.658969055038891,0.474509121394071,0.580049357125276,-0.00714085955894693,missense|LC,23155997686,X,155997686,
ERG,ENSG00000157554,0.65904483623709,0.433365239818021,0.500340954763276,-0.000729201543181214,missense|LC,21038379937,21,38379937,
GORASP1,ENSG00000114745,0.659081215436588,0.950758304700725,0.466145226207077,0.0000202372875306492,missense|LC,3039091660,3,39091660,
TMEM225,ENSG00000204300,0.659124984145621,0.482306264762154,0.673636561218886,-0.000319385799462153,missense|LC,11123883086,11,123883086,
P4HA3,ENSG00000149380,0.659149391187542,0.684191801106978,0.468486476833752,-0.00018853790593402,missense|LC,11074266928,11,74266928,
STX17,ENSG00000136874,0.659225050987286,0.535245332235188,0.506506713233421,-0.000354722327813385,missense|LC,9099915130,9,99915130,
SH3BGRL3,ENSG00000142669,0.659277429436215,0.712730991280322,0.443595564344646,-0.000750103789649843,missense|LC,1026275091,1,26275091,
ELAVL3,ENSG00000196361,0.659294701299822,0.438432196118149,0.913140551249622,0.00103140104217743,missense|LC,19011446327,19,11446327,
KRT40,ENSG00000204889,0.659363571213577,0.885134682023678,0.453823388081514,-0.0000553187301421781,missense|LC,17040978156,17,40978156,
METTL3,ENSG00000165819,0.659396201698581,0.508425865128002,0.653772986840315,-0.000408357080798291,missense|LC,14021493145,14,21493145,
PSMB3,ENSG00000277791,0.659441172854181,0.585807456475872,0.454678634998268,-0.000899660116689878,missense|LC,17038752732,17,38752732,
AEBP1,ENSG00000106624,0.659712533916818,0.788935342334257,0.451629505317476,-0.0000772630439365446,missense|LC,7044104609,7,44104609,
GGT2,ENSG00000133475,0.659747563950617,0.437525182100275,0.619250435546381,-0.000844202481914813,missense|LC,22021208800,22,21208800,
SRGAP2,ENSG00000266028,0.659768057501341,0.440644480328922,0.899145306345443,0.00461404876838091,missense|LC,1206201984,1,206201984,
HTR3A,ENSG00000166736,0.659820536879877,0.561826134800521,0.450456880495257,0.000271331615792557,missense|LC,11113975249,11,113975249,
DDAH1,ENSG00000153904,0.659842074110378,0.641959949556688,0.47938351490381,-0.000418699138039707,missense|LC,1085321427,1,85321427,
P2RX3,ENSG00000109991,0.65989102551377,0.424530121590091,0.723494140946534,-0.000662220397600483,missense|LC,11057333379,11,57333379,
NPEPPS,ENSG00000141279,0.659962694104968,0.47731668228829,0.888112347578646,0.00039264272672837,missense|LC,17047531162,17,47531162,
NOC2L,ENSG00000188976,0.660040765662839,0.898200987796608,0.430495930002491,0.0000442810795333689,missense|LC,1000939206,1,939206,
RBL1,ENSG00000080839,0.660055011103779,0.751862168316275,0.484732973811059,0.0004399831263656,missense|LC,20036998687,20,36998687,
STMN3,ENSG00000197457,0.660070127066445,0.436720077681165,0.426139871056818,-0.00127164573724781,missense|LC,20063641264,20,63641264,
HTR2A,ENSG00000102468,0.660076964737868,0.492486140667312,0.517069699962962,0.000470695458670561,missense|LC,13046834774,13,46834774,
LMO1,ENSG00000166407,0.660128529840578,0.433921570908509,0.93000099086862,-0.00107217144423571,missense|LC,11008224585,11,8224585,
LSMEM1,ENSG00000181016,0.660142942285038,0.440745405060319,0.983462136823256,-0.00127432104502621,missense|LC,7112484722,7,112484722,
OR4C15,ENSG00000181939,0.660166676337253,0.557355050553701,0.437306080400003,-0.00025321582401238,missense|LC,11055554263,11,55554263,
INSL5,ENSG00000172410,0.660212100143934,0.770714135446513,0.502506115665764,-0.000189821882505869,missense|LC,1066797989,1,66797989,
ASB3,ENSG00000115239,0.66023033490014,0.475260672542513,0.474048144848867,0.000291567681601285,missense|LC,2053670393,2,53670393,
MZB1,ENSG00000170476,0.660280282319335,0.770132239016506,0.443288693226466,0.000245774134541565,missense|LC,5139382475,5,139382475,
FCHSD1,ENSG00000197948,0.660321926836529,0.807155249295937,0.429223245711114,0.000126609018479581,missense|LC,5141634741,5,141634741,
TTLL2,ENSG00000120440,0.660446819096041,0.447957572651693,0.618610990507737,-0.00025536024606818,missense|LC,6167325084,6,167325084,
KLRK1,ENSG00000213809,0.660519170692385,0.425447565063711,0.563278760026032,-0.00116844006772504,missense|LC,12010373053,12,10373053,
MAP7D1,ENSG00000116871,0.660529327169052,0.645820130142314,0.425808934001528,0.000191455410459104,missense|LC,1036156337,1,36156337,
TRAF5,ENSG00000082512,0.660678471723544,0.89399093304986,0.451586528591701,0.0000852689088090739,missense|LC,1211326596,1,211326596,
CD274,ENSG00000120217,0.66070474793583,0.494828240412412,0.689077005108381,-0.000408688085909678,missense|LC,9005456083,9,5456083,
SERAC1,ENSG00000122335,0.660710288930279,0.933846157105326,0.438486530271439,0.0000514142349238935,missense|LC,6158111295,6,158111295,
ANKDD1A,ENSG00000166839,0.660790952385154,0.433497316017708,0.55245996002445,0.000435551528903319,missense|LC,15064911829,15,64911829,
OXSR1,ENSG00000172939,0.660835100014912,0.61123510457423,0.444193838624436,-0.000407740503589304,missense|LC,3038165814,3,38165814,
PHLDA3,ENSG00000174307,0.660875665199502,0.45814644984818,0.607199885479285,-0.00103848789052536,missense|LC,1201468317,1,201468317,
C19orf44,ENSG00000105072,0.66092260299041,0.447850704616237,0.542529456968964,0.000383208504207104,missense|LC,19016495706,19,16495706,
M1AP,ENSG00000159374,0.660983591912574,0.578054280290937,0.470350448141345,0.000281348161383973,missense|LC,2074554666,2,74554666,
SLC23A2,ENSG00000089057,0.660983909173098,0.647045353590229,0.435375935135667,-0.000422385082573076,missense|LC,20004856944,20,4856944,
BEND7,ENSG00000165626,0.661002174245937,0.44265142304154,0.74167956806761,0.000530935882804237,missense|LC,10013439090,10,13439090,
NMRK2,ENSG00000077009,0.661084232244498,0.626551210093343,0.438648881254839,-0.000368656545188506,missense|LC,19003933556,19,3933556,
CLN6,ENSG00000128973,0.661117676407802,0.931137628061983,0.467094178878103,-0.0000537208137120148,missense|LC,15068205021,15,68205021,
KIRREL1,ENSG00000183853,0.661136112846293,0.789156881011974,0.506748889317762,0.00141221788822921,missense|LC,1157993601,1,157993601,
SNPH,ENSG00000101298,0.661161718058884,0.44324005335432,0.941647690357163,0.000341433583552248,missense|LC,20001266507,20,1266507,
MBTPS2,ENSG00000012174,0.661213648091249,0.455667346808165,0.531068195661959,0.000525989479289938,missense|LC,23021839668,X,21839668,
PSMD3,ENSG00000108344,0.661367214361406,0.596828705328869,0.445319147824246,-0.000335138355168746,missense|LC,17039975885,17,39975885,
NTN4,ENSG00000074527,0.661375478697296,0.476522854568712,0.948937443514004,-0.000263644567118129,missense|LC,12095659002,12,95659002,
PRTN3,ENSG00000196415,0.66139398601268,0.483169368009493,0.585882641781399,-0.000298113266461561,missense|LC,19000840914,19,840914,
SLCO1C1,ENSG00000139155,0.661575715895138,0.504302476987234,0.489773017060267,-0.000307455388938951,missense|LC,12020699483,12,20699483,
PON2,ENSG00000105854,0.661798006888927,0.428887200315956,0.518101627030672,0.000778257233172866,missense|LC,7095405246,7,95405246,
AP001931.2,ENSG00000288534,0.661843012424464,0.906684834079898,0.511309562180842,-0.0000643548948565776,missense|LC,11057711850,11,57711850,
MYO19,ENSG00000278259,0.661942979264215,0.438957271578834,0.605765646733296,0.000265120477815311,missense|LC,17036492751,17,36492751,
OR5M11,ENSG00000255223,0.662007714204701,0.481236713106627,0.456393636835807,0.000488677700108036,missense|LC,11056542300,11,56542300,
CSTF2,ENSG00000101811,0.662195668914475,0.678719245745948,0.511700715068568,0.00021055688578798,missense|LC,23100820352,X,100820352,
TAS2R5,ENSG00000127366,0.66224516497069,0.449871963652712,0.529162011151109,-0.000380733911671015,missense|LC,7141790264,7,141790264,
STX1A,ENSG00000106089,0.662248026425803,0.440750511783655,0.461330936985263,0.00118296700729237,missense|LC,7073697362,7,73697362,
CSNK2A2,ENSG00000070770,0.662259434478345,0.937561286150663,0.458956127635902,0.000100729574100973,missense|LC,16058164012,16,58164012,
CLIC5,ENSG00000112782,0.662295318347293,0.715631827650176,0.49456485468106,-0.000227105443984636,missense|LC,6045902996,6,45902996,
SMIM13,ENSG00000224531,0.66235711524716,0.665317316735135,0.442773164376128,-0.0012185260194315,missense|LC,6011094250,6,11094250,
NADSYN1,ENSG00000172890,0.662397507633692,0.547826115984444,0.444608191886976,-0.00019810492599294,missense|LC,11071453227,11,71453227,
TET3,ENSG00000187605,0.662410610330402,0.464372810471117,0.975422487048898,0.00124131415689154,missense|LC,2073986405,2,73986405,
SLF2,ENSG00000119906,0.662419661045021,0.459398878552335,0.654198467513995,0.000237751849315416,missense|LC,10100913013,10,100913013,
ANXA6,ENSG00000197043,0.662587989262951,0.865928350133814,0.435701299541384,0.0000790948882065419,missense|LC,5151101388,5,151101388,
SNRNP40,ENSG00000060688,0.66261104978958,0.445875550786783,0.481910330841743,-0.000620102506781509,missense|LC,1031260044,1,31260044,
AC025283.2,ENSG00000285329,0.662633302615439,0.629981215262745,0.460622758352645,-0.000750251387283315,missense|LC,16003371754,16,3371754,
DNAJC25-GNG10,ENSG00000244115,0.662658181700999,0.502220136131163,0.867050865560846,-0.000630885536756912,missense|LC,9111631253,9,111631253,
B3GALT1,ENSG00000172318,0.662672337325565,0.491597972054349,0.573514788965289,-0.000467499310154032,missense|LC,2167868949,2,167868949,
AC005832.4,ENSG00000272921,0.66267603422357,0.467502776818509,0.938615377693953,0.00184728136538517,missense|LC,12004602691,12,4602691,
TMX2,ENSG00000213593,0.66288129403217,0.562028206678801,0.486999818780771,0.000292351941878478,missense|LC,11057711850,11,57711850,
MRTFA,ENSG00000196588,0.662980124878685,0.422849888946962,0.588126401551967,0.000295970950854627,missense|LC,22040405291,22,40405291,
SERPINE2,ENSG00000135919,0.662989676824796,0.440630040042715,0.524641120632774,0.000790951075226712,missense|LC,2223975812,2,223975812,
RPS23,ENSG00000186468,0.663023326569251,0.478252634723559,0.461219802604157,-0.00233391441720774,missense|LC,5082276037,5,82276037,
C4orf46,ENSG00000205208,0.6630304569874,0.484985946417315,0.575793504673545,-0.000732155410964936,missense|LC,4158669533,4,158669533,
NPAS3,ENSG00000151322,0.66307222737485,0.514787125406878,0.442449519358509,0.000273159951630529,missense|LC,14033215096,14,33215096,
GFRAL,ENSG00000187871,0.663113984809945,0.517397851367859,0.454212013389427,0.000348121343900276,missense|LC,6055327474,6,55327474,
PAX3,ENSG00000135903,0.663223558948847,0.442505937284413,0.752972974088413,0.000611863138715436,missense|LC,2222201094,2,222201094,
GPX7,ENSG00000116157,0.663263537330154,0.468617704590397,0.758134686764347,-0.000797967897135578,missense|LC,1052602350,1,52602350,
PURG,ENSG00000172733,0.663271900299046,0.441818176830174,0.811973396281075,-0.000854149038507551,missense|LC,8031031653,8,31031653,
C8orf74,ENSG00000171060,0.663503323381415,0.610194006988368,0.469135982737348,-0.00026298809896991,missense|LC,8010672585,8,10672585,
TOX,ENSG00000198846,0.663582139086772,0.438231290924665,0.833094627008824,-0.000480182622958973,missense|LC,8058807652,8,58807652,
TMEM50A,ENSG00000183726,0.663720916072811,0.623011572804483,0.531037639587321,-0.000288138436526687,missense|LC,1025340435,1,25340435,
RRS1,ENSG00000179041,0.663726284268841,0.830223410235436,0.469229412226912,0.0000641998521553851,missense|LC,8066428998,8,66428998,
MYCBPAP,ENSG00000136449,0.663732051083304,0.689088975925137,0.452210323278176,0.000127285065815691,missense|LC,17050508459,17,50508459,
AIMP1,ENSG00000164022,0.66384774838092,0.439702462550754,0.986451047927927,0.00070472161607346,missense|LC,4106316469,4,106316469,
AC008764.4,ENSG00000268790,0.663880541741071,0.500301434638152,0.920312306247742,0.00116673632411207,missense|LC,19016575945,19,16575945,
ERICH6,ENSG00000163645,0.663889315933038,0.555244586105108,0.435517154560086,0.000302791860253046,missense|LC,3150659821,3,150659821,
CTRB2,ENSG00000168928,0.663939850761219,0.454718513482873,0.495776458243732,0.000483051574882385,missense|LC,16075204057,16,75204057,
TOR1A,ENSG00000136827,0.66394305971489,0.726279138135124,0.438364593277224,-0.000304588915485611,missense|LC,9129808798,9,129808798,
AC091167.2,ENSG00000261147,0.664048980411236,0.876757035442529,0.446727698168242,-0.000142036410926782,missense|LC,15090250517,15,90250517,
MTDH,ENSG00000147649,0.664081675264409,0.464285279926377,0.921220788810525,-0.000312836642382686,missense|LC,8097644375,8,97644375,
LIPM,ENSG00000173239,0.664128655178161,0.449620452714219,0.779583637688984,0.000438848807319551,missense|LC,10088802808,10,88802808,
PPP1R1B,ENSG00000131771,0.664189439271846,0.599148356890079,0.458239290057312,-0.000659342164303406,missense|LC,17039627350,17,39627350,
HSPA5,ENSG00000044574,0.664241263311409,0.931417817805399,0.474834577888991,-0.0000659527336774236,missense|LC,9125232493,9,125232493,
RIPOR1,ENSG00000039523,0.66429168345087,0.962132974451483,0.446415449104432,-0.0000168473491733303,missense|LC,16067529728,16,67529728,
BRF1,ENSG00000185024,0.664404210541121,0.51747128687797,0.418617558706553,0.000321430226566232,missense|LC,14105210451,14,105210451,
RPL36A,ENSG00000241343,0.664598041475952,0.707926760544313,0.44761831326368,0.000813751799171671,missense|LC,23101390880,X,101390880,
OR10G8,ENSG00000234560,0.664721571999701,0.454905605759824,0.547722557743466,-0.000304004329209923,missense|LC,11124029531,11,124029531,
RGP1,ENSG00000107185,0.664759437128013,0.446165709264758,0.745963941412547,-0.00051068584925445,missense|LC,9035744305,9,35744305,
BMPR1B,ENSG00000138696,0.664808588988939,0.438692471308396,0.46476342751633,-0.000426102313999615,missense|LC,4095051677,4,95051677,
FDXR,ENSG00000161513,0.664811841958116,0.4484791480401,0.575974256748141,0.000289983067597743,missense|LC,17074862697,17,74862697,
KIF3B,ENSG00000101350,0.664898556021836,0.755555553920221,0.449229118085999,-0.000227350251334511,missense|LC,20032309674,20,32309674,
KCNA6,ENSG00000151079,0.664984586644006,0.426219308364032,0.877965318200292,0.000850269697879482,missense|LC,12004809941,12,4809941,
ETFRF1,ENSG00000205707,0.665010296041281,0.452694653063739,0.996729706095827,0.00102613569609111,missense|LC,12025190606,12,25190606,
MYPOP,ENSG00000176182,0.665046587096612,0.447018236362518,0.7295382332568,-0.000524341602791163,missense|LC,19045885028,19,45885028,
UVSSA,ENSG00000163945,0.665055574038307,0.823994165898201,0.439276926307911,-0.0000661398632671511,missense|LC,4001348040,4,1348040,
NDEL1,ENSG00000166579,0.66507931387336,0.447339361635945,0.820183661542489,0.00071325643633649,missense|LC,17008444242,17,8444242,
SEMA3B,ENSG00000012171,0.665094635406812,0.762782005519855,0.443612067291211,0.000129007186739748,missense|LC,3050269215,3,50269215,
SSTR3,ENSG00000278195,0.665107999091249,0.637959049308974,0.453426533796697,0.000171218161752262,missense|LC,22037206395,22,37206395,
XAGE5,ENSG00000171405,0.665234659427415,0.448504157986473,0.854291024534026,0.001278715927198,missense|LC,23052812524,X,52812524,
MBOAT2,ENSG00000143797,0.66524501650823,0.444169058194847,0.723077012370624,0.000666319056567696,missense|LC,2008858631,2,8858631,
NFKBIB,ENSG00000104825,0.665301946377588,0.864775233217304,0.48401850325322,-0.0000739566609638887,missense|LC,19038898308,19,38898308,
SMARCAL1,ENSG00000138375,0.665304389048223,0.743045556876382,0.460295053087887,-0.000108509273628905,missense|LC,2216414647,2,216414647,
ZNF483,ENSG00000173258,0.66539101504141,0.925937947078434,0.433061670332164,-0.0000741857293782277,missense|LC,9111527304,9,111527304,
COL24A1,ENSG00000171502,0.665405699551754,0.788095169462139,0.443993080212198,0.000115319467402978,missense|LC,1085730465,1,85730465,
CIBAR1,ENSG00000188343,0.665419179261984,0.538584333604913,0.449518860699422,-0.000702038010667635,missense|LC,8093700520,8,93700520,
TRIM65,ENSG00000141569,0.665420158009144,0.694956032052975,0.444082025984189,-0.000129816725089417,missense|LC,17075890699,17,75890699,
FEM1A,ENSG00000141965,0.665527836995492,0.535685895707294,0.472263564814405,-0.000313964133255488,missense|LC,19004791759,19,4791759,
LGALS14,ENSG00000006659,0.665585695850449,0.556696489719635,0.467674038865285,0.000507864222049273,missense|LC,19039704452,19,39704452,
ATMIN,ENSG00000166454,0.665595940203451,0.454017370537803,0.884199040207591,-0.000233113935317043,missense|LC,16081032482,16,81032482,
PRIMPOL,ENSG00000164306,0.665659661838408,0.598028987517432,0.436314554676016,-0.000272139484336738,missense|LC,4184657092,4,184657092,
RARS1,ENSG00000113643,0.665676314093211,0.917351951776833,0.490502872126528,0.0000516430292312034,missense|LC,5168486418,5,168486418,
KIAA0895,ENSG00000164542,0.665726483013052,0.528767108117864,0.456266653610957,-0.000429330705950376,missense|LC,7036326696,7,36326696,
RRNAD1,ENSG00000143303,0.665771491437023,0.447087996976484,0.43876861462642,-0.000465042213743567,missense|LC,1156723474,1,156723474,
TBRG1,ENSG00000154144,0.665854774731388,0.530014790470846,0.441166350127113,-0.000441452994538487,missense|LC,11124619205,11,124619205,
DRC7,ENSG00000159625,0.665891996109781,0.695337844474365,0.453367143110372,0.000125845633016705,missense|LC,16057697819,16,57697819,
NIN,ENSG00000100503,0.665909848520703,0.448281839238985,0.456977602321924,0.000192897816099787,missense|LC,14050725843,14,50725843,
RRAGB,ENSG00000083750,0.665958747024705,0.441626846852159,0.927345533410303,0.000941934029714078,missense|LC,23055718311,X,55718311,
CCNT1,ENSG00000129315,0.666044725587185,0.441379511973501,0.673943076976167,-0.000485944515422631,missense|LC,12048692992,12,48692992,
ZGLP1,ENSG00000220201,0.666087765287594,0.491389613307729,0.455613451289993,-0.000643767052853082,missense|LC,19010305043,19,10305043,
UQCRQ,ENSG00000164405,0.666126770844052,0.814490133096564,0.485858812278555,-0.000412511236259491,missense|LC,5132861650,5,132861650,
C18orf21,ENSG00000141428,0.66621389369432,0.436942510718359,0.734207320055618,0.00141348917297374,missense|LC,18035972616,18,35972616,
ZFP69,ENSG00000187815,0.666269125923412,0.665823530940019,0.473967672689581,-0.000206460222701635,missense|LC,1040479249,1,40479249,
RDH11,ENSG00000072042,0.666392242326261,0.756093277365135,0.435964112701325,-0.000369806373658077,missense|LC,14067674288,14,67674288,
UGT1A3,ENSG00000243135,0.666407046680864,0.560083317666935,0.434097232307942,-0.000224705136611792,missense|LC,2233728962,2,233728962,
AL357075.4,ENSG00000288520,0.666418515008484,0.451017346124129,0.615314459538405,0.000321191083121854,missense|LC,6154159785,6,154159785,
AKR1C1,ENSG00000187134,0.66651075573804,0.614610273014637,0.479674434265639,-0.000171751510519823,missense|LC,10004963371,10,4963371,
ANKUB1,ENSG00000206199,0.666512065606631,0.507967048120551,0.470130889141672,-0.000251550828361883,missense|LC,3149767081,3,149767081,
TRUB2,ENSG00000167112,0.666525136847489,0.470267646534289,0.633759838040844,0.000352493072053137,missense|LC,9128309463,9,128309463,
ABCA2,ENSG00000107331,0.666708970979358,0.798567177639426,0.44689480124223,0.0000602527005541989,missense|LC,9137007808,9,137007808,
LRAT,ENSG00000121207,0.666746749935757,0.475496364339388,0.475391769710825,0.000706901317312075,missense|LC,4154744244,4,154744244,
DDX27,ENSG00000124228,0.666784745968338,0.823186805777026,0.430690190088867,-0.000139768255253273,missense|LC,20049219261,20,49219261,
KLHL10,ENSG00000161594,0.666936330079055,0.513143667133896,0.597761893660387,-0.000303307291942958,missense|LC,17041835001,17,41835001,
STRIP1,ENSG00000143093,0.666972826322272,0.960401267044632,0.428638966648387,-0.0000324272321208662,missense|LC,1110034515,1,110034515,
BOD1L1,ENSG00000038219,0.667206493483188,0.44000451905201,0.750746681189903,0.000151717866977912,missense|LC,4013569948,4,13569948,
RASSF8,ENSG00000123094,0.667315808018084,0.9433988464404,0.440766085343615,-0.0000538881971122833,missense|LC,12026055299,12,26055299,
ELOVL5,ENSG00000012660,0.667424826378793,0.466868767734228,0.507611662916539,0.000579114313367966,missense|LC,6053269029,6,53269029,
PTAFR,ENSG00000169403,0.66753190520944,0.463642642919159,0.605866423255498,-0.000452095648066175,missense|LC,1028149875,1,28149875,
NCAM1,ENSG00000149294,0.66757755326861,0.534515893058352,0.597853137982532,0.00147941850671528,missense|LC,11112961595,11,112961595,
MGAT5B,ENSG00000167889,0.667581371980107,0.473212667904375,0.792820788386751,0.000224907126951947,missense|LC,17076872651,17,76872651,
IGSF6,ENSG00000140749,0.667582889133305,0.673429892109165,0.503616539972325,-0.000172358637244779,missense|LC,16021641504,16,21641504,
DHX9,ENSG00000135829,0.667692829845285,0.885832810393999,0.483588566119253,0.0000917855814548767,missense|LC,1182842518,1,182842518,
PEX16,ENSG00000121680,0.667748658913554,0.446469158249085,0.812934265853465,0.000611125562430465,missense|LC,11045904668,11,45904668,
C5orf58,ENSG00000234511,0.668012197066885,0.459940358239086,0.489538007154219,0.00143554730542443,missense|LC,5170232860,5,170232860,
GPR139,ENSG00000180269,0.668041279126883,0.515878170332651,0.860621207809034,0.000340267516786401,missense|LC,16020031684,16,20031684,
IFNG,ENSG00000111537,0.668107630322832,0.694920147426488,0.44726991858058,-0.00116211099357614,missense|LC,12068155303,12,68155303,
AF196969.1,ENSG00000286268,0.668132026297835,0.454912316560693,0.611208418551653,-0.000575318792624517,missense|LC,23048517157,X,48517157,
GPHB5,ENSG00000179600,0.668138230794435,0.489677306957363,0.62233772188469,0.000591924400451544,missense|LC,14063312842,14,63312842,
RNF31,ENSG00000092098,0.668141437020017,0.460720239971752,0.636919475453965,-0.000242664359348003,missense|LC,14024143220,14,24143220,
AL136295.5,ENSG00000259529,0.668141437020017,0.460720239971752,0.636919475453965,-0.000242664359348003,missense|LC,14024143220,14,24143220,
METRNL,ENSG00000176845,0.668155808972906,0.606824404110568,0.442040286965763,0.000314083112706085,missense|LC,17083079755,17,83079755,
EPN3,ENSG00000049283,0.66822551200864,0.459884571218895,0.585170312867021,-0.000220406060655882,missense|LC,17050528093,17,50528093,
LNX1,ENSG00000072201,0.668233504955507,0.43969374801197,0.932683250814187,0.000286554628235019,missense|LC,4053458561,4,53458561,
CHRNA9,ENSG00000174343,0.668375121134252,0.450673229203144,0.902691809074474,0.00037049011383599,missense|LC,4040335424,4,40335424,
NBPF12,ENSG00000268043,0.668394814865469,0.445003116326256,0.607863602494927,0.000181611121109754,missense|LC,1146943494,1,146943494,
DDB2,ENSG00000134574,0.668411890783569,0.557781438758024,0.503722196545027,-0.000332121969504359,missense|LC,11047215012,11,47215012,
NT5E,ENSG00000135318,0.668439002746881,0.658707959748137,0.487607718677134,-0.00022598433415114,missense|LC,6085450077,6,85450077,
NDRG1,ENSG00000104419,0.66857269738441,0.456604762191262,0.866048481632544,-0.00038816433367727,missense|LC,8133238774,8,133238774,
GSTM5,ENSG00000134201,0.668588739656077,0.983575704330981,0.482009409041641,-0.00000788517384761133,missense|LC,1109708357,1,109708357,
FZD9,ENSG00000188763,0.668752924945432,0.438570083983641,0.529160951967174,-0.000563390744831983,missense|LC,7073433899,7,73433899,
RGS3,ENSG00000138835,0.66882443745594,0.437277808118088,0.713444584696264,0.000301309385266859,missense|LC,9113460139,9,113460139,
RFX5,ENSG00000143390,0.668867418400841,0.484142374945708,0.438385734980662,-0.000438090669276773,missense|LC,1151342068,1,151342068,
CENPL,ENSG00000120334,0.668869349560056,0.784501153800505,0.43918919971262,0.000264405775348678,missense|LC,1173800465,1,173800465,
OR52E8,ENSG00000183269,0.66887550654643,0.502126508676171,0.961345700767413,0.000278146045781204,missense|LC,11005856718,11,5856718,
ULBP2,ENSG00000131015,0.668924876374283,0.864353587338397,0.464534093201995,0.000159611320887977,missense|LC,6149941979,6,149941979,
TIGD6,ENSG00000164296,0.669105220504348,0.595294147583562,0.47526095055833,-0.000224713385413688,missense|LC,5149994694,5,149994694,
PRKAB1,ENSG00000111725,0.669220757549865,0.712878463861122,0.500403562732934,-0.000242491725912506,missense|LC,12119668122,12,119668122,
SLC12A2,ENSG00000064651,0.669242043651114,0.918686837300547,0.436736444646492,-0.0000433828912524965,missense|LC,5128083879,5,128083879,
EPM2A,ENSG00000112425,0.66928111462678,0.449951669299071,0.631989359465549,-0.000436368612690175,missense|LC,6145625788,6,145625788,
OAS3,ENSG00000111331,0.669459715050435,0.609041623408471,0.438741797553359,-0.000149848395695779,missense|LC,12112938447,12,112938447,
CTSV,ENSG00000136943,0.669469034913615,0.517488235435934,0.428745104255966,0.000575510437029336,missense|LC,9097032903,9,97032903,
LMNTD2,ENSG00000185522,0.669644836981503,0.987684625781195,0.455529262352888,-0.00000344228772571064,missense|LC,11000549856,11,549856,
SLC7A6,ENSG00000103064,0.669660229362675,0.477781108048969,0.443829621914764,-0.000496465427129855,missense|LC,16068259560,16,68259560,
RBKS,ENSG00000171174,0.669669635969829,0.500597675514354,0.712479725707161,-0.000374169427046794,missense|LC,2027779327,2,27779327,
ZNF707,ENSG00000181135,0.669669897893121,0.81235679212468,0.436052316275694,0.000152335072711428,missense|LC,8143689999,8,143689999,
ATP1A1,ENSG00000163399,0.669892465556851,0.502402774084798,0.436953526311361,0.000865041904183406,missense|LC,1116373867,1,116373867,
CDC45,ENSG00000093009,0.669936468926894,0.465874240451519,0.753367146667582,-0.000275800119418212,missense|LC,22019474995,22,19474995,
AC020909.1,ENSG00000142539,0.669940332587624,0.446063440415534,0.97057752862625,0.00054455447505789,missense|LC,19050413365,19,50413365,
FGFR1OP2,ENSG00000111790,0.669950645900848,0.448289025943677,0.817100197296945,-0.000885562126074549,missense|LC,12026934521,12,26934521,
BAHD1,ENSG00000140320,0.669999579169831,0.790265336596651,0.438486815822862,-0.000152371374304164,missense|LC,15040443188,15,40443188,
CCP110,ENSG00000103540,0.670004058890685,0.655035012341144,0.445283361967341,0.000188701744545501,missense|LC,16019521605,16,19521605,
SSX7,ENSG00000187754,0.67005451658344,0.44639800501688,0.72742787586178,-0.00068244850915194,missense|LC,23052644575,X,52644575,
COL21A1,ENSG00000124749,0.670083077111966,0.799757104839491,0.445736916916415,0.0000828858265839398,missense|LC,6056057589,6,56057589,
UNC45B,ENSG00000141161,0.670150893384828,0.452727965065523,0.583314769960052,0.000238048784742235,missense|LC,17035148173,17,35148173,
DPY19L3,ENSG00000178904,0.670180115796497,0.442485414505106,0.57394658112021,-0.000555249886604855,missense|LC,19032408215,19,32408215,
AC024592.3,ENSG00000267740,0.670218343970068,0.936051049221043,0.460524367564942,0.0000731698920813725,missense|LC,19005866471,19,5866471,
GTF2H2C,ENSG00000183474,0.67027211675911,0.976373442728213,0.514198513625755,-0.000018847232374999,missense|LC,5069566098,5,69566098,
SNAP25,ENSG00000132639,0.670399960344179,0.445731291618816,0.797341643893533,-0.00190083688913793,missense|LC,20010275418,20,10275418,
ANKRD42,ENSG00000137494,0.670406144806742,0.482586392941843,0.87822224513684,0.000264623824610361,missense|LC,11083194606,11,83194606,
LYNX1,ENSG00000180155,0.670434835345794,0.495613193429679,0.465635579740776,0.00063495007696984,missense|LC,8142769686,8,142769686,
TBP,ENSG00000112592,0.670571670787161,0.744748561931086,0.482360402701712,-0.0000847315789939243,missense|LC,6170553065,6,170553065,
C20orf141,ENSG00000258713,0.670609811096269,0.686519089535512,0.486360140415538,0.000172120597741536,missense|LC,20002815076,20,2815076,
ERAP1,ENSG00000164307,0.670614642138485,0.454206769704882,0.515704634297457,-0.000375653238162406,missense|LC,5096757391,5,96757391,
VWA3A,ENSG00000175267,0.670682905201314,0.822302397706272,0.448736413582893,-0.0000684768378410454,missense|LC,16022092519,16,22092519,
ZCCHC7,ENSG00000147905,0.67073690926503,0.491580747562024,0.518085859157171,-0.000384830081055153,missense|LC,9037126239,9,37126239,
MED13,ENSG00000108510,0.670760342878353,0.732918335894,0.463597941811141,-0.00011308113067223,missense|LC,17061946368,17,61946368,
MMEL1,ENSG00000142606,0.670794052807988,0.543031938555483,0.44902595156403,0.000201958051517402,missense|LC,1002586658,1,2586658,
ZNF775,ENSG00000196456,0.670879640187851,0.50326675567094,0.452599024703761,0.000316879593629189,missense|LC,7150388366,7,150388366,
CD163L1,ENSG00000177675,0.670936050895626,0.455588230697487,0.613389444374436,-0.000164156600479497,missense|LC,12007357354,12,7357354,
PPARD,ENSG00000112033,0.671016180552064,0.446099677185129,0.843669310896108,0.000638041835693805,missense|LC,6035347032,6,35347032,
SLC10A5,ENSG00000253598,0.671079742765916,0.46648230666528,0.646013905492911,-0.000391946918514617,missense|LC,8081693610,8,81693610,
KRTAP22-2,ENSG00000206106,0.671102798092048,0.451012251393181,0.825276062450994,-0.00281681416058329,missense|LC,21030590164,21,30590164,
GMNC,ENSG00000205835,0.671117057178094,0.442157679521377,0.831166406105568,0.00058699072906372,missense|LC,3190855207,3,190855207,
HPF1,ENSG00000056050,0.671185063065251,0.475693681342049,0.874631661662693,0.000342998281326613,missense|LC,4169729501,4,169729501,
AKIRIN1,ENSG00000174574,0.67122807587889,0.691114508725855,0.466602157177758,-0.000752304179196203,missense|LC,1038991288,1,38991288,
ODAM,ENSG00000109205,0.671296586923643,0.498542885596382,0.621171020272858,-0.000494458566426866,missense|LC,4070195707,4,70195707,
RPL37A,ENSG00000197756,0.671313720917572,0.869696937642594,0.458922583727463,-0.000391545364425533,missense|LC,2216498772,2,216498772,
PRNP,ENSG00000171867,0.671424697595232,0.515976492500212,0.652618115447091,0.000409929678953645,missense|LC,20004699119,20,4699119,
RGPD2,ENSG00000185304,0.671446402693832,0.456116187792884,0.898932463054706,-0.000856430991960901,missense|LC,2087772044,2,87772044,
LCNL1,ENSG00000214402,0.67146730975394,0.799537977765779,0.457759153294341,-0.000634257433631091,missense|LC,9136978862,9,136978862,
SLC35F2,ENSG00000110660,0.671479519621024,0.455732969161694,0.460345093519142,0.000592129070078859,missense|LC,11107792505,11,107792505,
CAMTA2,ENSG00000108509,0.671568917028886,0.825851864890091,0.4502800103869,-0.0000878866918794693,missense|LC,17004966510,17,4966510,
PSMC1,ENSG00000100764,0.671580637835251,0.516849087031831,0.484450696716055,-0.0010193443508769,missense|LC,14090256476,14,90256476,
PIGA,ENSG00000165195,0.671771156675324,0.629223014351886,0.451456327778243,-0.000577901029683977,missense|LC,23015314454,X,15314454,
ATP6V1E1,ENSG00000131100,0.671840138359712,0.504285313692506,0.458280896018221,0.000887696029053509,missense|LC,22017587137,22,17587137,
ZNF567,ENSG00000189042,0.671985713139398,0.594893654651459,0.497428757756825,0.000277395177443312,missense|LC,19036694778,19,36694778,
SH3GL3,ENSG00000140600,0.672061148857845,0.537820988286937,0.953627529622387,-0.000353424074320922,missense|LC,15083447567,15,83447567,
CSF3R,ENSG00000119535,0.672195843663437,0.463704481330855,0.604927027592037,-0.000169153980992144,missense|LC,1036461199,1,36461199,
ATP5F1C,ENSG00000165629,0.672220250635342,0.712688924324592,0.448290776869702,-0.000459368435461733,missense|LC,10007783179,10,7783179,
DRG1,ENSG00000185721,0.672556413122473,0.432391247497509,0.978203141929425,-0.00121099732080325,missense|LC,22031399578,22,31399578,
NAT9,ENSG00000109065,0.672591055213449,0.486118480942633,0.571378350334493,-0.000474681401863264,missense|LC,17074766862,17,74766862,
ACAP3,ENSG00000131584,0.672725537890253,0.591415964162337,0.463439852907677,0.000179293137721143,missense|LC,1001287393,1,1287393,
ACCS,ENSG00000110455,0.672741823694501,0.736897899809672,0.441386350851905,-0.000197378181631841,missense|LC,11044067540,11,44067540,
CCNJ,ENSG00000107443,0.672780578326036,0.441344553957762,0.798836100843839,0.000814395821688146,missense|LC,10096044315,10,96044315,
FBXW5,ENSG00000159069,0.673113269181956,0.65313556117218,0.448785385478479,0.000120013991847926,missense|LC,9136940787,9,136940787,
MARCO,ENSG00000019169,0.673212995522518,0.456771106213259,0.944808037646197,0.000322715441470231,missense|LC,2118942275,2,118942275,
CNPY3,ENSG00000137161,0.673232407673186,0.75129143124366,0.465047581747011,-0.00024017785121712,missense|LC,6042925141,6,42925141,
HAUS5,ENSG00000249115,0.673319476046659,0.605343587741761,0.458401758776214,0.000220245999225223,missense|LC,19035612743,19,35612743,
EHBP1,ENSG00000115504,0.673346696192313,0.546478408015379,0.455967720066938,0.000187796676022933,missense|LC,2062707148,2,62707148,
AC013394.1,ENSG00000279765,0.673360595309199,0.746851648820299,0.515771791697802,0.00052471600273257,missense|LC,15092901213,15,92901213,
SNX25,ENSG00000109762,0.67336998040211,0.466531775265826,0.857450004102504,-0.000276148775168763,missense|LC,4185210265,4,185210265,
OTOP3,ENSG00000182938,0.673375550605731,0.56636231716276,0.435648201813792,-0.000281817475452723,missense|LC,17074930901,17,74930901,
ZNF480,ENSG00000198464,0.673485805213223,0.485404594473262,0.762928794638161,0.000343399821338101,missense|LC,19052300308,19,52300308,
PDZD7,ENSG00000186862,0.673637436502165,0.904852951474628,0.461355519569256,0.0000321440052450507,missense|LC,10101002682,10,101002682,
DNAJB5,ENSG00000137094,0.673638857480392,0.822284373570446,0.445366589736125,0.000217305787074669,missense|LC,9034989557,9,34989557,
TAC3,ENSG00000166863,0.673657101396908,0.469915533338282,0.910055462797648,-0.000985464355303997,missense|LC,12057005001,12,57005001,
RRP8,ENSG00000132275,0.673706313389829,0.713827910266593,0.477437368184143,0.000130747202858748,missense|LC,11006600109,11,6600109,
SIM2,ENSG00000159263,0.673866767986374,0.689805175632497,0.44948808848366,0.000187044844563214,missense|LC,21036699636,21,36699636,
AMELY,ENSG00000099721,0.673892930435925,0.652826511637486,0.489362510713209,0.000371534493058364,missense|LC,24006867982,Y,6867982,
GPANK1,ENSG00000204438,0.673904451826556,0.472820511546054,0.727355820839477,-0.000321864962748704,missense|LC,6031656384,6,31656384,
SATL1,ENSG00000184788,0.673924202014169,0.47942394172517,0.669093920621947,-0.000272723821178721,missense|LC,23085087553,X,85087553,
GALNT8,ENSG00000130035,0.673940967551646,0.463439825049023,0.838933791305458,-0.000276929322338953,missense|LC,12004720657,12,4720657,
MYO18A,ENSG00000196535,0.673944904443972,0.511135045359709,0.448540931838961,-0.000170251491317074,missense|LC,17029073765,17,29073765,
FGR,ENSG00000000938,0.673995268094791,0.452728490531561,0.685959580814876,-0.000608529933699707,missense|LC,1027612840,1,27612840,
UBE2E3,ENSG00000170035,0.674003579837986,0.461249002738025,0.649075506097599,-0.00419809873682193,missense|LC,2180981970,2,180981970,
MARK4,ENSG00000007047,0.674112811841777,0.84224573083609,0.449308182410571,-0.000114557316296457,missense|LC,19045251565,19,45251565,
AR,ENSG00000169083,0.674167908324084,0.468256467522323,0.664409155611687,-0.000258693595219005,missense|LC,23067545024,X,67545024,
GPR158,ENSG00000151025,0.674170258807699,0.756211724302721,0.449292839207392,-0.000117278721507982,missense|LC,10025175390,10,25175390,
C20orf27,ENSG00000101220,0.674265721475247,0.445901331492021,0.505258426118783,-0.000724536186042943,missense|LC,20003749176,20,3749176,
TRIM21,ENSG00000132109,0.674335511565533,0.473334113884855,0.975607381799811,-0.000304226240684695,missense|LC,11004385200,11,4385200,
MCL1,ENSG00000143384,0.674343776937881,0.650430046464936,0.446876721464647,-0.000306653664541377,missense|LC,1150577254,1,150577254,
PES1,ENSG00000100029,0.674558011019651,0.943586273299477,0.455359068315181,-0.0000337388585020345,missense|LC,22030576991,22,30576991,
STAP1,ENSG00000035720,0.674660663491607,0.464979205936021,0.544455079224135,-0.000617458452839897,missense|LC,4067558702,4,67558702,
ADAMTS18,ENSG00000140873,0.674716985652841,0.930394178407076,0.45121889835481,-0.0000199144163366945,missense|LC,16077283913,16,77283913,
KRTAP11-1,ENSG00000182591,0.674773989578781,0.842374827232256,0.456622813498276,0.00024613573398598,missense|LC,21030880919,21,30880919,
MYO5A,ENSG00000197535,0.674775996824234,0.705592567509664,0.467685485984623,-0.000142723815522233,missense|LC,15052313600,15,52313600,
TRANK1,ENSG00000168016,0.674777554627716,0.975897424511281,0.429343766394166,-0.00000768848213909443,missense|LC,3036828227,3,36828227,
AC003688.1,ENSG00000262302,0.674797001177987,0.454630657929923,0.705316945757292,0.00273982821621127,missense|LC,17007242207,17,7242207,
KPNA2,ENSG00000182481,0.674819540755854,0.478068188041267,0.791057950222343,-0.000289185486293842,missense|LC,17068037093,17,68037093,
BTNL3,ENSG00000168903,0.674862702407482,0.932664823251159,0.456331479614354,0.0000806659215041636,missense|LC,5180988936,5,180988936,
GFRA4,ENSG00000125861,0.674939006553051,0.657990712899179,0.488358726544412,-0.00027599647413043,missense|LC,20003659834,20,3659834,
PSG5,ENSG00000204941,0.674982267100818,0.460596534668296,0.784021554380894,-0.000339055807793215,missense|LC,19043170028,19,43170028,
AC004832.3,ENSG00000249590,0.675122809896971,0.916841605760676,0.44887771686924,0.000103890006056092,missense|LC,22030406278,22,30406278,
PDE6H,ENSG00000139053,0.675122848865602,0.953918870168622,0.460603247768727,-0.000140969175657192,missense|LC,12014977937,12,14977937,
HIKESHI,ENSG00000149196,0.675151904942339,0.871971652761851,0.501789935443147,-0.000168163442641837,missense|LC,11086302349,11,86302349,
KCNIP3,ENSG00000115041,0.675169530345227,0.500211265069036,0.821632074988613,0.000376398794883337,missense|LC,2095297355,2,95297355,
TUBG2,ENSG00000037042,0.675201207753755,0.47243597820016,0.470173797161227,-0.000628489072113321,missense|LC,17042659413,17,42659413,
NUP62,ENSG00000213024,0.675237763242705,0.528222013991906,0.462232109038563,-0.000265602416810432,missense|LC,19049908107,19,49908107,
ADARB2,ENSG00000185736,0.675303993390521,0.937671516754385,0.482273404453454,0.0000248341943270063,missense|LC,10001183096,10,1183096,
PDZD9,ENSG00000155714,0.675308744825501,0.867421354348822,0.537438378433289,-0.000110280998893113,missense|LC,16021984180,16,21984180,
SUPV3L1,ENSG00000156502,0.675371842219264,0.45990764589623,0.503045884300955,-0.000355479099407214,missense|LC,10069180176,10,69180176,
PRAMEF6,ENSG00000232423,0.675372781409453,0.626905019083791,0.470588464310307,0.000272175008701437,missense|LC,1012938618,1,12938618,
GABRB1,ENSG00000163288,0.675546950298559,0.571344852370763,0.502873557785258,-0.000363247000788761,missense|LC,4047031597,4,47031597,
TOMM5,ENSG00000175768,0.675558483543673,0.45404939538849,0.582115952645273,0.00191740588635011,missense|LC,9037588827,9,37588827,
CCNB2,ENSG00000157456,0.67564473073673,0.457279111815319,0.551433790649013,0.000554613264027741,missense|LC,15059105188,15,59105188,
LILRA5,ENSG00000187116,0.675671192570358,0.512006171962474,0.473218377422582,-0.000472909275915993,missense|LC,19054307337,19,54307337,
EMSY,ENSG00000158636,0.675724042232059,0.581074857979286,0.442438670921548,0.000290373418814048,missense|LC,11076446904,11,76446904,
GPR161,ENSG00000143147,0.675768186584679,0.735890171696969,0.446565879796589,0.000223670814968072,missense|LC,1168075312,1,168075312,
TMEM178A,ENSG00000152154,0.675775931326756,0.454737847416339,0.697106905196863,0.000852037445360864,missense|LC,2039665880,2,39665880,
OR10G7,ENSG00000182634,0.675832983077071,0.470361311621621,0.829147999112628,0.00033850746680241,missense|LC,11124038028,11,124038028,
KRTAP10-6,ENSG00000188155,0.675892330396039,0.462097077360328,0.690171823031486,-0.000191774866965087,missense|LC,21044591213,21,44591213,
FAM153B,ENSG00000182230,0.675898246353445,0.491400076661615,0.998957640406424,0.000267336357505235,missense|LC,5176084909,5,176084909,
AC139491.7,ENSG00000285476,0.675898246353445,0.491400076661615,0.998957640406424,0.000267336357505235,missense|LC,5176084909,5,176084909,
IL13RA2,ENSG00000123496,0.675967327470751,0.517840379931489,0.929483691646998,-0.000539201139786822,missense|LC,23115005254,X,115005254,
MYLPF,ENSG00000180209,0.676002283647656,0.452862488461956,0.679815960493159,-0.00103412152248646,missense|LC,16030369802,16,30369802,
CNNM4,ENSG00000158158,0.676032556484873,0.643947512540594,0.43536094170397,-0.000294158519437792,missense|LC,2096760926,2,96760926,
SLC9A8,ENSG00000197818,0.676063620212289,0.455489702890151,0.486502155500328,-0.000417712081106954,missense|LC,20049812815,20,49812815,
UQCR11,ENSG00000127540,0.676106678311672,0.461612323235407,0.732146356433118,-0.00136823224933676,missense|LC,19001592485,19,1592485,
COMTD1,ENSG00000165644,0.676153602592629,0.934693788992299,0.466310953103731,-0.0000707767727352144,missense|LC,10075229598,10,75229598,
OR11H4,ENSG00000176198,0.676157334845677,0.470620750669366,0.970239000847464,-0.000271786228381659,missense|LC,14020242712,14,20242712,
LRRC42,ENSG00000116212,0.676287300473954,0.492855050832885,0.455037529790545,0.000514992492528096,missense|LC,1053951936,1,53951936,
LIFR,ENSG00000113594,0.676409428590199,0.454399444143479,0.634453873519576,-0.000237533403438347,missense|LC,5038481525,5,38481525,
TJAP1,ENSG00000137221,0.6764565443445,0.481378059118644,0.698823467513487,-0.000200391771226444,missense|LC,6043498882,6,43498882,
CENPT,ENSG00000102901,0.67650149887743,0.909857111437066,0.466776569797078,0.0000353926202393663,missense|LC,16067823574,16,67823574,
INSL3,ENSG00000248099,0.676542606056976,0.477670795624161,0.848190192499601,-0.000417442871806675,missense|LC,19017811514,19,17811514,
SLC25A29,ENSG00000197119,0.676555906713857,0.649339168748132,0.456671083738893,0.00028635417833297,missense|LC,14100292164,14,100292164,
APH1B,ENSG00000138613,0.676628272167711,0.559690209027919,0.454910024930477,-0.00048378668755833,missense|LC,15063277566,15,63277566,
BLOC1S5,ENSG00000188428,0.676679436486207,0.583501744914343,0.44855014697151,0.00085567569732303,missense|LC,6008015565,6,8015565,
SCN3A,ENSG00000153253,0.676686642395989,0.857599504958931,0.47389920938793,0.0000656525825492515,missense|LC,2165090025,2,165090025,
ACTC1,ENSG00000159251,0.67675016728892,0.725542082797468,0.444451036177803,0.00110469301648312,missense|LC,15034790307,15,34790307,
LUZP1,ENSG00000169641,0.676757405312071,0.994967430758861,0.45231006603131,-0.00000162269529149576,missense|LC,1023079030,1,23079030,
TARBP2,ENSG00000139546,0.676869842391914,0.911380654990027,0.477490734572004,0.0000738576302919759,missense|LC,12053501305,12,53501305,
PSME3IP1,ENSG00000172775,0.676878749955461,0.530115725475038,0.725524899928608,0.000431499223449838,missense|LC,16057147494,16,57147494,
IGHV4-4,ENSG00000276775,0.67688034191115,0.481615933674498,0.72514835191785,0.000462858838933989,missense|LC,14106010502,14,106010502,
ARL9,ENSG00000196503,0.67699965146934,0.927602655191658,0.452853170802442,-0.0000787115329037207,missense|LC,4056501615,4,56501615,
DEFB108B,ENSG00000184276,0.677126323323687,0.779022779809157,0.466499179366374,-0.000265559346227391,missense|LC,11071833095,11,71833095,
SNRPF,ENSG00000139343,0.677256784038222,0.472523177237095,0.745044501764262,-0.00328065633663687,missense|LC,12095858953,12,95858953,
CREM,ENSG00000095794,0.677447329928185,0.548190740860344,0.632341258148214,-0.000392188613060743,missense|LC,10035137781,10,35137781,
DEFB124,ENSG00000180383,0.677500233222143,0.537645051452082,0.942635767106383,0.000373960320660878,missense|LC,20031465397,20,31465397,
CCDC157,ENSG00000187860,0.677606906914023,0.475560249982509,0.453578555129724,0.000238240631386352,missense|LC,22030352838,22,30352838,
SUCLG1,ENSG00000163541,0.677672104669203,0.461065551971243,0.520271175431432,0.00047159557902611,missense|LC,2084423667,2,84423667,
CD58,ENSG00000116815,0.677818754651279,0.89638642371451,0.512983882669297,-0.0000778052888942249,missense|LC,1116514788,1,116514788,
PPP1R8,ENSG00000117751,0.677898782547925,0.44536282907514,0.69344816022321,-0.00109756224895254,missense|LC,1027830673,1,27830673,
LCE1F,ENSG00000240386,0.677918215622517,0.991140808005059,0.455223812458371,-0.0000119479619822994,missense|LC,1152776293,1,152776293,
ZBTB10,ENSG00000205189,0.678029653989942,0.479354916082378,0.590214618704487,0.00023363332765846,missense|LC,8080485706,8,80485706,
DMRTA1,ENSG00000176399,0.678158155533717,0.96052435565746,0.472958597384613,0.0000194777013380486,missense|LC,9022446950,9,22446950,
SPATA18,ENSG00000163071,0.678283959690831,0.531014446944261,0.478080979495341,-0.000177602620891159,missense|LC,4052051636,4,52051636,
CD24,ENSG00000272398,0.678423974855602,0.842146570369854,0.471604289351431,0.000613527293861363,missense|LC,6106971593,6,106971593,
ZNF442,ENSG00000198342,0.678426376908474,0.504032259399983,0.473043060289904,-0.000201308007665075,missense|LC,19012349623,19,12349623,
DRGX,ENSG00000165606,0.678467671658672,0.699622967153344,0.494609517732257,0.000230408722682199,missense|LC,10049365991,10,49365991,
ATP5MPL,ENSG00000156411,0.678467861052239,0.468711621750176,0.674903212061771,0.00111214241573352,missense|LC,14103912590,14,103912590,
BEX5,ENSG00000184515,0.678532819696864,0.845716274706403,0.453715798629054,0.000450739051769264,missense|LC,23102153884,X,102153884,
VEPH1,ENSG00000197415,0.678614494162298,0.625376304776379,0.46343792425249,0.00015630122306125,missense|LC,3157261014,3,157261014,
KRTAP20-2,ENSG00000184032,0.67864103508246,0.605193658806584,0.463144505246529,-0.00134947860446669,missense|LC,21030635184,21,30635184,
KPNA1,ENSG00000114030,0.678661495336899,0.57438650799402,0.444191892205438,-0.000768215389665573,missense|LC,3122426932,3,122426932,
CEP43,ENSG00000213066,0.678905842410043,0.865853801134534,0.476704027667949,-0.000328845147616211,missense|LC,6166999345,6,166999345,
PLCL2,ENSG00000154822,0.678912027018168,0.589378173795449,0.445943030554054,0.000456322034748056,missense|LC,3017009664,3,17009664,
YPEL5,ENSG00000119801,0.678917615169242,0.458102399934787,0.753754356522181,0.00273214795345453,missense|LC,2030156555,2,30156555,
NPAS2,ENSG00000170485,0.67899529212594,0.592157708673253,0.471580791413411,-0.000220898625533222,missense|LC,2100820967,2,100820967,
LTC4S,ENSG00000213316,0.679082322622316,0.906568512970132,0.472771333668593,0.000123630489105813,missense|LC,5179792121,5,179792121,
KRTAP4-4,ENSG00000171396,0.67933522017502,0.966743949629197,0.488874919490905,0.000013865712421378,missense|LC,17041160058,17,41160058,
GRAMD2B,ENSG00000155324,0.679338905058043,0.779126686497978,0.460009622395207,0.000228414632135692,missense|LC,5126360224,5,126360224,
B3GNT9,ENSG00000237172,0.679359803738872,0.445726551449381,0.925327350061223,0.000575278367679907,missense|LC,16067144253,16,67144253,
RCN2,ENSG00000117906,0.679392855800227,0.458944319529183,0.640046814853005,-0.000734295824658217,missense|LC,15076931750,15,76931750,
UBQLN3,ENSG00000175520,0.679401665053513,0.469878358992478,0.974965095114836,-0.000238004571279409,missense|LC,11005505234,11,5505234,
SREK1IP1,ENSG00000153006,0.679406747313918,0.487488185255853,0.731991899685037,-0.00119207662351548,missense|LC,5064717814,5,64717814,
FBXO15,ENSG00000141665,0.679512652340816,0.834721603717256,0.45111925636588,0.000148950247749789,missense|LC,18074073379,18,74073379,
NTF3,ENSG00000185652,0.679524504839059,0.474029123799419,0.478750418212848,-0.000788671980967628,missense|LC,12005432243,12,5432243,
DGKQ,ENSG00000145214,0.679556542173317,0.516896472481613,0.455911330563603,-0.000227591140064958,missense|LC,4000955355,4,955355,
OR10J5,ENSG00000184155,0.679675818658614,0.470800804304276,0.972305571949561,0.000352444688990279,missense|LC,1159535047,1,159535047,
ADAM18,ENSG00000168619,0.679756558173286,0.463285311093883,0.552646714117188,-0.000229448733553869,missense|LC,8039584536,8,39584536,
FAM72B,ENSG00000188610,0.679849810558976,0.747521933586725,0.486476710693401,-0.000448744829756906,missense|LC,1121168663,1,121168663,
TDO2,ENSG00000151790,0.679870761495227,0.741454962099023,0.496795607289044,0.000194505001480282,missense|LC,4155903668,4,155903668,
MAMDC2,ENSG00000165072,0.679983044969472,0.569118140697367,0.475146559431906,0.000219822778314695,missense|LC,9070044098,9,70044098,
ETV7,ENSG00000010030,0.680004837982655,0.491900103883186,0.978486527734791,0.0002195208558749,missense|LC,6036366110,6,36366110,
KPNA7,ENSG00000185467,0.680016502121035,0.484960382523708,0.736814967084185,0.000272880184568236,missense|LC,7099173680,7,99173680,
DDX46,ENSG00000145833,0.68010808161452,0.4502027931545,0.949424457401322,-0.000757410470942566,missense|LC,5134758806,5,134758806,
RPL24,ENSG00000114391,0.680111050234261,0.556810800341017,0.462292143106005,0.00133955467975467,missense|LC,3101676500,3,101676500,
AGAP2,ENSG00000135439,0.680199750851171,0.690973592604889,0.469063097991902,0.000135445928897228,missense|LC,12057726560,12,57726560,
ZNF227,ENSG00000131115,0.680232162338722,0.454874219402229,0.602828898775392,0.000358348320329985,missense|LC,19044217715,19,44217715,
SERPINF1,ENSG00000132386,0.680246504983209,0.717903346142281,0.465817204991943,0.000164298623714758,missense|LC,17001766829,17,1766829,
CSPP1,ENSG00000104218,0.680302578216327,0.916896655747728,0.470273920527119,0.0000324045318373252,missense|LC,8067059370,8,67059370,
ARHGAP23,ENSG00000275832,0.680359074805875,0.441855831539122,0.73482570686143,0.000218575621375741,missense|LC,17038428431,17,38428431,
C7orf57,ENSG00000164746,0.680478944107112,0.651650659111303,0.497771915852447,0.000208434202270738,missense|LC,7048036216,7,48036216,
AP1B1,ENSG00000100280,0.680619239477558,0.761663474507794,0.459881468029675,0.000159876182074649,missense|LC,22029328708,22,29328708,
TMPRSS11A,ENSG00000187054,0.68062452702115,0.936895714397565,0.481255992799458,-0.0000466740464146934,missense|LC,4067911278,4,67911278,
UNC13A,ENSG00000130477,0.680681963774387,0.859772568901981,0.468966174265975,0.0000596356480879312,missense|LC,19017605957,19,17605957,
YWHAB,ENSG00000166913,0.680714586051869,0.492663475994029,0.614682578053331,0.000747697300368937,missense|LC,20044901443,20,44901443,
PRPF19,ENSG00000110107,0.680764117995291,0.591127921265526,0.443083504928612,-0.000698039066095594,missense|LC,11060891139,11,60891139,
HSPA4,ENSG00000170606,0.680764228644285,0.496239243981751,0.874758743467165,-0.000254100610197064,missense|LC,5133052208,5,133052208,
OARD1,ENSG00000124596,0.68077090308221,0.477045089274736,0.833882125260025,0.000769469936716576,missense|LC,6041061250,6,41061250,
PIK3R2,ENSG00000105647,0.680789379894002,0.557875831245655,0.475260748035749,0.000261425860464981,missense|LC,19018149088,19,18149088,
AC007192.1,ENSG00000268173,0.680789379894002,0.557875831245655,0.475260748035749,0.000261425860464981,missense|LC,19018149088,19,18149088,
PRPF18,ENSG00000165630,0.680798875935978,0.537808192756609,0.671180503967696,-0.000290126233113198,missense|LC,10013587010,10,13587010,
SPATA1,ENSG00000122432,0.680798896712369,0.455140389104213,0.856426001486164,-0.000688836245624266,missense|LC,1084501798,1,84501798,
CYP24A1,ENSG00000019186,0.680812648192811,0.468267691335367,0.915577128277202,0.000223296813115501,missense|LC,20054157175,20,54157175,
NWD2,ENSG00000174145,0.680824417397437,0.861465826980486,0.453121476576571,0.0000603486323743673,missense|LC,4037244945,4,37244945,
PNMT,ENSG00000141744,0.680973843471991,0.86490268547606,0.490314649154991,-0.000058022092794474,missense|LC,17039665293,17,39665293,
ZFYVE16,ENSG00000039319,0.681036225726593,0.455855470758023,0.932558725055302,-0.000260655032012202,missense|LC,5080434080,5,80434080,
IMPA1,ENSG00000133731,0.68108343768332,0.537627567616532,0.995316247257188,0.000347652841024577,missense|LC,8081659346,8,81659346,
ACTR3C,ENSG00000106526,0.681168008370739,0.926784095889092,0.522251024137377,-0.0000539803413469902,missense|LC,7150264512,7,150264512,
BEND3,ENSG00000178409,0.681168672105919,0.952690013112507,0.453829834922765,0.0000328554262382445,missense|LC,6107068607,6,107068607,
RASL11A,ENSG00000122035,0.68127285995737,0.645661416556548,0.458272742166885,-0.000585014889840906,missense|LC,13027270819,13,27270819,
ST7,ENSG00000004866,0.681285183372663,0.527416717443196,0.543620533339277,-0.000904636642450799,missense|LC,7116953435,7,116953435,
USP20,ENSG00000136878,0.681403626866423,0.4711316180661,0.479031559470001,-0.000204391626352029,missense|LC,9129830839,9,129830839,
ANKMY2,ENSG00000106524,0.681450258436268,0.639122517322543,0.499829599118977,-0.000249156393443364,missense|LC,7016600679,7,16600679,
ZNF502,ENSG00000196653,0.681537752479505,0.70219658613024,0.528632653034698,0.0000998684429631843,missense|LC,3044709759,3,44709759,
OR5AC2,ENSG00000196578,0.681555517132238,0.455097106204558,0.718460832429937,-0.000582571497212156,missense|LC,3098087148,3,98087148,
HID1,ENSG00000167861,0.681556006026049,0.46471130686347,0.588045320004046,0.000365592876572937,missense|LC,17074946599,17,74946599,
SCGB2B2,ENSG00000205209,0.681634164510362,0.542737177220109,0.507533706304128,0.0003695426388452,missense|LC,19034593506,19,34593506,
DCX,ENSG00000077279,0.681708340172007,0.593324434090201,0.500044581177115,0.000661874840818924,missense|LC,23111301640,X,111301640,
C12orf4,ENSG00000047621,0.681752790897594,0.533170299934059,0.450625438181614,-0.000572215543339179,missense|LC,12004489769,12,4489769,
STK33,ENSG00000130413,0.681782748941726,0.451994773023194,0.531973376775212,-0.000495202700018345,missense|LC,11008392414,11,8392414,
SYNE3,ENSG00000176438,0.681800276101289,0.468373470800082,0.580824761948698,-0.000234007958177788,missense|LC,14095417741,14,95417741,
PROK2,ENSG00000163421,0.681835269621906,0.76145766706688,0.452929781379688,-0.000437737891141216,missense|LC,3071772669,3,71772669,
ECT2L,ENSG00000203734,0.681860554155414,0.462303191162576,0.761521606445931,0.000224184031648685,missense|LC,6138792729,6,138792729,
CXorf38,ENSG00000185753,0.68189419804754,0.477492529297516,0.528011207741571,-0.000558674071627041,missense|LC,23040623508,X,40623508,
GPR3,ENSG00000181773,0.682155784174088,0.721618771974226,0.48172902021292,0.000236126800036243,missense|LC,1027393726,1,27393726,
RIF1,ENSG00000080345,0.68228132305791,0.840667133633788,0.452644324422339,0.0000507798059384296,missense|LC,2151410356,2,151410356,
ZNF330,ENSG00000109445,0.682350188413784,0.538980751236457,0.563109942405259,-0.000298915103678792,missense|LC,4141222258,4,141222258,
ESS2,ENSG00000100056,0.682486252270894,0.500119561592624,0.889800282034905,0.000281121656132648,missense|LC,22019131331,22,19131331,
GOLGA8A,ENSG00000175265,0.682501442608522,0.532999234997984,0.706563782282978,0.000288907932543865,missense|LC,15034381414,15,34381414,
KRI1,ENSG00000129347,0.682529134097154,0.465652687361808,0.535811240044626,0.000275410905305217,missense|LC,19010548777,19,10548777,
FOXE3,ENSG00000186790,0.682624108461368,0.486438132069642,0.494890394945303,0.000283426835915026,missense|LC,1047416233,1,47416233,
CGAS,ENSG00000164430,0.682666590365304,0.479042095889523,0.807350951533105,-0.000278179184968062,missense|LC,6073425178,6,73425178,
CILP2,ENSG00000160161,0.682719211052195,0.790488739886464,0.460341145184322,-0.0000830490017052884,missense|LC,19019533274,19,19533274,
HTR1E,ENSG00000168830,0.682747938086899,0.765334192275755,0.49125404959118,-0.00020674041859745,missense|LC,6087015261,6,87015261,
KLF13,ENSG00000169926,0.682782197654011,0.520746285981324,0.870676227442399,-0.000352109710875105,missense|LC,15031327103,15,31327103,
FXYD6,ENSG00000137726,0.682786615099409,0.555359429502572,0.686387232058887,-0.000393973064863712,missense|LC,11117839681,11,117839681,
PDIA5,ENSG00000065485,0.682828384953571,0.448259045007936,0.572429080677065,0.000416754591245443,missense|LC,3123067078,3,123067078,
CD207,ENSG00000116031,0.683064546059498,0.62383763183714,0.478503222221353,-0.000229818600122549,missense|LC,2070830974,2,70830974,
DCT,ENSG00000080166,0.683087305626094,0.452162254305435,0.895298135178771,0.000503858223584592,missense|LC,13094439847,13,94439847,
UBA1,ENSG00000130985,0.683131827572479,0.467134068451985,0.693059547748436,0.000401320531850769,missense|LC,23047197045,X,47197045,
VSTM2A,ENSG00000170419,0.683183092901354,0.463100107738138,0.73083214708927,-0.00092056931258361,missense|LC,7054542662,7,54542662,
TIGIT,ENSG00000181847,0.683273607932479,0.486705244084134,0.481686270891012,-0.000388622708010416,missense|LC,3114294010,3,114294010,
AC068547.1,ENSG00000283228,0.683277929025358,0.5223051631987,0.686153926298744,0.000656377712430286,missense|LC,2151812325,2,151812325,
ZNF34,ENSG00000196378,0.683331361765826,0.505969753925596,0.544967297394358,0.00042924138216026,missense|LC,8144773164,8,144773164,
TOM1L2,ENSG00000175662,0.683355931468985,0.986954223390776,0.47637926791918,-0.00000870117876979272,missense|LC,17017847519,17,17847519,
AC096887.1,ENSG00000272305,0.68350144806943,0.519764308941213,0.491687913606277,0.00064067374907575,missense|LC,3053046626,3,53046626,
TOMM22,ENSG00000100216,0.683716419204942,0.484497420977892,0.563286972072514,0.00100702598365784,missense|LC,22038681882,22,38681882,
N4BP2,ENSG00000078177,0.68373438871692,0.656849742421405,0.440728029190377,-0.000191323312923468,missense|LC,4040097285,4,40097285,
ST8SIA1,ENSG00000111728,0.683781383466091,0.831202109918278,0.505342623590733,0.000128399518465057,missense|LC,12022201428,12,22201428,
AL451136.1,ENSG00000288208,0.68386844000091,0.823938560526674,0.47235733645036,-0.0000663135895894406,missense|LC,1045327053,1,45327053,
RNF121,ENSG00000137522,0.683880206605866,0.57292147028218,0.455899376008997,-0.000729829038628201,missense|LC,11071928902,11,71928902,
LMOD2,ENSG00000170807,0.683953587123769,0.691801515827163,0.468597103678297,0.000196664208827436,missense|LC,7123655897,7,123655897,
CAMKMT,ENSG00000143919,0.684126381464642,0.842261890224134,0.460472131262349,-0.000154542524872775,missense|LC,2044359463,2,44359463,
ZNF114,ENSG00000178150,0.68417489022164,0.983031989602569,0.459974890131642,0.0000133530043308265,missense|LC,19048279694,19,48279694,
DNTTIP2,ENSG00000067334,0.684177742638957,0.459179713121939,0.639509512985201,-0.000460435924314032,missense|LC,1093870655,1,93870655,
RBBP5,ENSG00000117222,0.684230256512149,0.511204864456968,0.448729712786252,0.00102272614813199,missense|LC,1205083470,1,205083470,
ZNF667,ENSG00000198046,0.684254667928037,0.478926230649124,0.565328445878897,-0.000282262816789892,missense|LC,19056440509,19,56440509,
MATN2,ENSG00000132561,0.684269434144614,0.477372376118498,0.758304116008802,0.000367261913507313,missense|LC,8097887992,8,97887992,
TAPBPL,ENSG00000139192,0.684296372149595,0.629240675195684,0.508107653774827,0.000183710648285622,missense|LC,12006450109,12,6450109,
SNRPA1,ENSG00000131876,0.684361710362858,0.50836794139252,0.457244249353596,0.000909693515821626,missense|LC,15101276512,15,101276512,
SPTBN4,ENSG00000160460,0.684427827606406,0.4526812794215,0.830017635838858,-0.000198733100421339,missense|LC,19040465501,19,40465501,
POSTN,ENSG00000133110,0.68448767058149,0.492583145816576,0.693228932553569,0.000220278567531903,missense|LC,13037563284,13,37563284,
GSTM4,ENSG00000168765,0.684605393256358,0.479302841206934,0.591735567156877,-0.00055153939204232,missense|LC,1109651998,1,109651998,
SMN1,ENSG00000172062,0.684637073828723,0.487904934287328,0.743404801846165,0.00481353113159422,missense|LC,5070951881,5,70951881,
ZNRF4,ENSG00000105428,0.684642624672107,0.666303268054035,0.458386490860582,0.000207889147175067,missense|LC,19005455406,19,5455406,
NES,ENSG00000132688,0.684678594977809,0.466724014686879,0.52759910727993,0.000207024373589618,missense|LC,1156669278,1,156669278,
CALML6,ENSG00000169885,0.684689568138363,0.45781911675757,0.948900069592691,-0.000920262190013536,missense|LC,1001915177,1,1915177,
TSEN2,ENSG00000154743,0.684716059913034,0.447385669300786,0.817572240614794,-0.000577419233476442,missense|LC,3012489727,3,12489727,
MAX,ENSG00000125952,0.684787407624959,0.475355741713737,0.619648056872392,0.00128902605801613,missense|LC,14065074987,14,65074987,
ZC3H7A,ENSG00000122299,0.684802911975179,0.57940223501118,0.462246447545402,-0.000238909943047332,missense|LC,16011751220,16,11751220,
SPNS2,ENSG00000183018,0.685062388481631,0.449570157614489,0.863696118922887,-0.0002973015301691,missense|LC,17004498959,17,4498959,
PALM2AKAP2,ENSG00000157654,0.685124421973657,0.740209918835949,0.49085429878243,0.000295386446262098,missense|LC,9109780200,9,109780200,
MGAT4A,ENSG00000071073,0.685171379547167,0.525052464653254,0.474869750153501,0.000427575938279436,missense|LC,2098616118,2,98616118,
SYT16,ENSG00000139973,0.685173534058513,0.849751682920936,0.460644513141895,0.000241205598467318,missense|LC,14061995933,14,61995933,
MARVELD1,ENSG00000155254,0.68518866827363,0.455045073270024,0.556186666692498,-0.00131159394227724,missense|LC,10097713882,10,97713882,
NBL1,ENSG00000158747,0.685215702285439,0.459351289072276,0.493553126625312,0.000951297757709711,missense|LC,1019643240,1,19643240,
SHLD1,ENSG00000171984,0.685332333270051,0.457530276017554,0.683703051578751,0.000978646848692533,missense|LC,20005772796,20,5772796,
L1CAM,ENSG00000198910,0.685338248896589,0.474435875888899,0.948347767327672,0.000276775683855048,missense|LC,23153862624,X,153862624,
CBX5,ENSG00000094916,0.68536528619759,0.476072037164275,0.832576930050865,0.00142039668148144,missense|LC,12054241681,12,54241681,
NAT8,ENSG00000144035,0.685373075645944,0.490564316758672,0.548197414578984,0.000224075154299301,missense|LC,2073640847,2,73640847,
PHYHIP,ENSG00000168490,0.685409010343107,0.466380620516863,0.534746856993449,-0.00104308562960148,missense|LC,8022221273,8,22221273,
CNP,ENSG00000173786,0.685417764869284,0.468739700501127,0.788115285266797,-0.000520687588435005,missense|LC,17041966747,17,41966747,
GADD45GIP1,ENSG00000179271,0.685417766916903,0.479524388904355,0.743282677551245,0.000370806267090961,missense|LC,19012948119,19,12948119,
AFP,ENSG00000081051,0.685463837879101,0.510644474370821,0.861370897934467,-0.000242633903818674,missense|LC,4073436238,4,73436238,
ANO1,ENSG00000131620,0.685471798554627,0.472288883627812,0.600554083839381,0.000269502792918339,missense|LC,11070078536,11,70078536,
RHOXF2,ENSG00000131721,0.685507381654385,0.92434943415982,0.541353576542697,0.0000570704613148176,missense|LC,23120159036,X,120159036,
ANKRD11,ENSG00000167522,0.685648190284962,0.446492754242467,0.513164782903092,-0.000157673153060204,missense|LC,16089268502,16,89268502,
CNIH3,ENSG00000143786,0.685667870692175,0.496664056231474,0.920931066254479,0.000898129708110069,missense|LC,1224616391,1,224616391,
BLVRB,ENSG00000090013,0.685848701026364,0.497987642907246,0.66112822994195,0.00021756662368251,missense|LC,19040447786,19,40447786,
ACAD8,ENSG00000151498,0.68586961728231,0.854483140176336,0.447137512902465,0.000140111226365226,missense|LC,11134248569,11,134248569,
FCHSD2,ENSG00000137478,0.685878467321115,0.455182714920294,0.496155267402478,0.000530711692883058,missense|LC,11072838724,11,72838724,
POTEG,ENSG00000187537,0.685886375235483,0.47569802594714,0.954458913880678,-0.000242929549761692,missense|LC,14019402349,14,19402349,
ESPN,ENSG00000187017,0.685998781804734,0.47075130435301,0.836854323471556,-0.000202176602485599,missense|LC,1006419775,1,6419775,
ADAM8,ENSG00000151651,0.686114259284527,0.918746319851044,0.451863009977952,0.0000326220168155486,missense|LC,10133263063,10,133263063,
BNIPL,ENSG00000163141,0.68620160992933,0.463534177159678,0.703402572433206,0.000542644540606345,missense|LC,1151033729,1,151033729,
PFKFB4,ENSG00000114268,0.686223347747173,0.840279479116913,0.452493231000628,-0.000177847588528743,missense|LC,3048519704,3,48519704,
B4GALT2,ENSG00000117411,0.686304393020059,0.750754155831026,0.460755499315325,-0.000222654715660783,missense|LC,1043974957,1,43974957,
HSP90AA1,ENSG00000080824,0.686354843847284,0.545419653762804,0.480102390303005,0.000217760365706622,missense|LC,14102081731,14,102081731,
DCTD,ENSG00000129187,0.686383278210345,0.539202388569153,0.501952036826365,0.000469532773336669,missense|LC,4182891367,4,182891367,
TIGD1,ENSG00000221944,0.686518674848802,0.524233230165283,0.47578335620817,0.000829570304548109,missense|LC,2232539670,2,232539670,
EIF4A2,ENSG00000156976,0.68654004764759,0.465930549772095,0.535422090035346,-0.00149637742448336,missense|LC,3186783479,3,186783479,
DNAJC4,ENSG00000110011,0.686868144393294,0.482652317125723,0.680939122955611,-0.000490976788634357,missense|LC,11064225763,11,64225763,
ECHDC3,ENSG00000134463,0.686874684550617,0.655552775711755,0.458292063945375,-0.00049360363457613,missense|LC,10011742459,10,11742459,
FAM120B,ENSG00000112584,0.68688060665065,0.875689160933675,0.491042489139159,-0.0000728537525450577,missense|LC,6170317318,6,170317318,
AIF1,ENSG00000204472,0.686910240073315,0.868551569333393,0.474961802598665,0.000275682185491892,missense|LC,6031615120,6,31615120,
SLC36A1,ENSG00000123643,0.687039771595991,0.897878880157164,0.45809342085214,-0.0000810457696384084,missense|LC,5151458691,5,151458691,
KIFBP,ENSG00000198954,0.687051616284242,0.459856366995476,0.964486790614917,-0.00134954430888454,missense|LC,10068988730,10,68988730,
OR5C1,ENSG00000148215,0.687092764292649,0.466545059597145,0.852214831728559,0.000418302795923459,missense|LC,9122788837,9,122788837,
IGFN1,ENSG00000163395,0.687135536911116,0.527350891666775,0.458165639157856,-0.0000991379851610333,missense|LC,1201193243,1,201193243,
AL355987.3,ENSG00000272896,0.687165487842109,0.537876366911832,0.611045499980753,-0.000819996992807406,missense|LC,9136791270,9,136791270,
FLYWCH2,ENSG00000162076,0.68724472483891,0.567552711004225,0.516291444502358,-0.000392905824837635,missense|LC,16002896326,16,2896326,
ZP4,ENSG00000116996,0.687315267090281,0.467110311995535,0.926578582450753,-0.000331218455129824,missense|LC,1237882296,1,237882296,
GOLGA7B,ENSG00000155265,0.687346850398878,0.641862153801288,0.517273326106533,0.000386856837577154,missense|LC,10097850234,10,97850234,
RPL38,ENSG00000172809,0.687439238228209,0.464742402448001,0.561077701563657,0.00344136131570328,missense|LC,17074203839,17,74203839,
METTL17,ENSG00000165792,0.687440124770063,0.478103711724962,0.585341742506334,-0.000236295399265266,missense|LC,14020989599,14,20989599,
WDR31,ENSG00000148225,0.687567088240176,0.766951631319947,0.525560565053222,-0.000142640180249899,missense|LC,9113316640,9,113316640,
STAT6,ENSG00000166888,0.68764950616619,0.487168187852495,0.926680465239317,-0.000375461152129423,missense|LC,12057091063,12,57091063,
RASA4,ENSG00000105808,0.687660083919911,0.575725463761104,0.463611264398027,0.000866788101774194,missense|LC,7102595275,7,102595275,
GATA6,ENSG00000141448,0.687811406426031,0.472375444983162,0.549611041679976,0.000315384772373838,missense|LC,18022171079,18,22171079,
PLEKHG4B,ENSG00000153404,0.688002117720721,0.456289940899788,0.771660793651048,0.000182491645853399,missense|LC,5000140208,5,140208,
IMPG1,ENSG00000112706,0.688255295433171,0.49489802622834,0.650824374216099,-0.000330314321430732,missense|LC,6075923634,6,75923634,
CFL1,ENSG00000172757,0.688288805368991,0.491424737153688,0.804429575801862,0.00229237502256108,missense|LC,11065849857,11,65849857,
COLGALT1,ENSG00000130309,0.688324949583851,0.470253714627818,0.566883672530133,-0.000269059843674273,missense|LC,19017553190,19,17553190,
MYH13,ENSG00000006788,0.688402029437108,0.674358369876429,0.462931586995904,-0.00010864915301089,missense|LC,17010300883,17,10300883,
ARHGEF33,ENSG00000214694,0.688403674909367,0.892513892661042,0.503497308468738,-0.0000440218867831376,missense|LC,2038919377,2,38919377,
GYPB,ENSG00000250361,0.688409644287958,0.987699579539633,0.496517199354931,0.0000159633065942196,missense|LC,4143996104,4,143996104,
KLHDC8A,ENSG00000162873,0.68841558186459,0.636027743767624,0.461343723361506,-0.000376254274376572,missense|LC,1205337363,1,205337363,
FANCG,ENSG00000221829,0.688536822141043,0.457505170002687,0.474980081504381,0.000485266975410848,missense|LC,9035071630,9,35071630,
VCX3A,ENSG00000169059,0.688703361852777,0.484274479822445,0.551578874549495,0.000400942764575739,missense|LC,23006533632,X,6533632,
HMBOX1,ENSG00000147421,0.688718394337675,0.550440138978899,0.459553123324436,-0.00143752489681479,missense|LC,8028963863,8,28963863,
IL12RB1,ENSG00000096996,0.688779480568193,0.631557551931462,0.478992897971007,-0.000174456592650244,missense|LC,19018059869,19,18059869,
C14orf93,ENSG00000100802,0.688789199254158,0.730695009568633,0.464537857349369,0.000227381404454849,missense|LC,14022981147,14,22981147,
ACOT12,ENSG00000172497,0.688814958266107,0.478386849744786,0.960868735333582,0.000323017041941491,missense|LC,5081330287,5,81330287,
KLF10,ENSG00000155090,0.688834250603592,0.594049565509004,0.494225195604479,0.000269520272488027,missense|LC,8102650010,8,102650010,
NUP50,ENSG00000093000,0.688907196351965,0.945778243960145,0.453173232284741,-0.0000464340944604025,missense|LC,22045168134,22,45168134,
PPP2R5A,ENSG00000066027,0.688976234971349,0.986269124704192,0.458163850524458,0.0000196202680679602,missense|LC,1212286001,1,212286001,
DDX52,ENSG00000278053,0.689054286657202,0.48224504179462,0.959119993603009,0.000280071657291026,missense|LC,17037605738,17,37605738,
HCN4,ENSG00000138622,0.689128138134629,0.983289895656394,0.475327247603667,0.00000651157091535523,missense|LC,15073322430,15,73322430,
OSBPL2,ENSG00000130703,0.689149664862633,0.455170825470827,0.794591739079603,0.000694699140812306,missense|LC,20062256084,20,62256084,
TRMT10A,ENSG00000145331,0.689202209959333,0.484064304215998,0.706530441080986,-0.000470657629291434,missense|LC,4099541875,4,99541875,
CYP4A11,ENSG00000187048,0.68920468442942,0.745587792399137,0.475122427743629,0.000114988354929466,missense|LC,1046930000,1,46930000,
DNA2,ENSG00000138346,0.68933942947127,0.477881831693641,0.524602294127949,-0.000229765363612552,missense|LC,10068415014,10,68415014,
GAK,ENSG00000178950,0.689347445279083,0.457219011416139,0.504466071148929,-0.000211264687778198,missense|LC,4000849619,4,849619,
TMEM267,ENSG00000151881,0.689409196000778,0.471684411231888,0.545110927690303,0.00097831444737729,missense|LC,5043446195,5,43446195,
ANKRD39,ENSG00000213337,0.689415005084616,0.657283097790598,0.502630365535255,-0.000278527882979486,missense|LC,2096843881,2,96843881,
ASIC1,ENSG00000110881,0.689491826537378,0.615074106164208,0.457447173467371,-0.000468246717335906,missense|LC,12050058630,12,50058630,
TRDMT1,ENSG00000107614,0.689545751020365,0.474121722596345,0.83168708216123,-0.000538263723358611,missense|LC,10017139092,10,17139092,
ZNF205,ENSG00000122386,0.689576216894388,0.784843526879265,0.485591541506152,0.000102683657496634,missense|LC,16003113335,16,3113335,
NFIX,ENSG00000008441,0.689583069983786,0.558823309739425,0.741642939407753,0.0109225077406261,missense|LC,19012995783,19,12995783,
SPIN3,ENSG00000204271,0.689585967646181,0.701621957393967,0.486086068261945,0.00035290481906474,missense|LC,23056994098,X,56994098,
LMOD1,ENSG00000163431,0.689695907563141,0.466675020331791,0.513487484235695,0.000384041337854277,missense|LC,1201891459,1,201891459,
CACNA1B,ENSG00000148408,0.689717214469248,0.799859642216138,0.45573537918346,0.000284631836136809,missense|LC,9137877856,9,137877856,
XPO1,ENSG00000082898,0.690020967668264,0.53720784044346,0.449902959438815,0.000755048386900529,missense|LC,2061478719,2,61478719,
MRPL44,ENSG00000135900,0.690032476205326,0.466385428871111,0.639857589691495,-0.00048822235511558,missense|LC,2223957364,2,223957364,
ANKRD60,ENSG00000124227,0.690036671091707,0.509544595475051,0.481565545729,0.000321370453540207,missense|LC,20058218499,20,58218499,
BLZF1,ENSG00000117475,0.690056455085919,0.749096592615625,0.487500634203922,0.000143725281174428,missense|LC,1169367617,1,169367617,
LHX5,ENSG00000089116,0.690138446741169,0.450866248020987,0.881087572858408,-0.000922148909808707,missense|LC,12113463117,12,113463117,
WBP2,ENSG00000132471,0.690329496402047,0.638862770710076,0.459428758570153,0.000531120266054249,missense|LC,17075840723,17,75840723,
PLD6,ENSG00000179598,0.690412912072761,0.689909680436115,0.489052330083618,-0.000331075290555835,missense|LC,17017202687,17,17202687,
ERRFI1,ENSG00000116285,0.690413191113858,0.936081549848838,0.476286572652056,-0.0000483810135771157,missense|LC,1008013144,1,8013144,
NIPAL3,ENSG00000001461,0.690475359973119,0.821640792519543,0.500350942086195,0.000125579339350228,missense|LC,1024415752,1,24415752,
PLPP2,ENSG00000141934,0.690544453359665,0.504997120957871,0.764419532674933,0.000233083995270252,missense|LC,19000281278,19,281278,
EFHD1,ENSG00000115468,0.690859169252772,0.465352687450784,0.51800271489491,0.000616844448048177,missense|LC,2232633379,2,232633379,
APOC4-APOC2,ENSG00000224916,0.690866505304216,0.521185279728864,0.714671253761667,0.000447169084976731,missense|LC,19044942191,19,44942191,
THAP10,ENSG00000129028,0.6909424227919,0.468515562829405,0.525948962137474,0.000648143212902387,missense|LC,15070882410,15,70882410,
ACOXL,ENSG00000153093,0.690953868500868,0.516428027723185,0.496749778218195,0.000264418496816957,missense|LC,2110768318,2,110768318,
IFNA16,ENSG00000147885,0.69097745708952,0.515360126521793,0.780610472200517,-0.000300069038828066,missense|LC,9021216606,9,21216606,
OR10G2,ENSG00000255582,0.691172150965308,0.459116601806448,0.573439143301156,-0.000483237351918011,missense|LC,14021633877,14,21633877,
GINS4,ENSG00000147536,0.691305528484756,0.840052609940328,0.462744697364468,-0.000245992023058172,missense|LC,8041530172,8,41530172,
TMEM43,ENSG00000170876,0.691316863425374,0.839743963422078,0.458600362083153,0.000122881973707102,missense|LC,3014121766,3,14121766,
KCNJ14,ENSG00000182324,0.691400127329897,0.968994126726854,0.49032703943226,0.000015700350948279,missense|LC,19048461676,19,48461676,
OR4X2,ENSG00000172208,0.69150796705367,0.469112416126364,0.527255303467129,0.000458733451613363,missense|LC,11048245058,11,48245058,
ACOX2,ENSG00000168306,0.691559172162051,0.460190976812347,0.820170840692562,0.000392066620545933,missense|LC,3058500913,3,58500913,
GRWD1,ENSG00000105447,0.691565395000416,0.497503031131028,0.47926721279223,-0.000344171089855269,missense|LC,19048441706,19,48441706,
RAVER1,ENSG00000161847,0.691590048048139,0.538324651071115,0.472217277170896,0.000237179309235734,missense|LC,19010315368,19,10315368,
FAM228A,ENSG00000186453,0.691628377526473,0.519007364947122,0.474405713269857,0.000611320215831279,missense|LC,2024175429,2,24175429,
TMEM168,ENSG00000146802,0.691696502952745,0.49622640858785,0.502564967920133,-0.000362107847591023,missense|LC,7112767111,7,112767111,
CLDN6,ENSG00000184697,0.691745109791138,0.494535327100287,0.759144621521962,0.000444162552917168,missense|LC,16003013253,16,3013253,
TCP11L2,ENSG00000166046,0.691926238480727,0.49045600151202,0.756073139223737,-0.000391213392061366,missense|LC,12106310972,12,106310972,
ATP1A4,ENSG00000132681,0.692002790291588,0.472365355724108,0.860195635471214,0.000165956829107492,missense|LC,1160151941,1,160151941,
MRGPRX1,ENSG00000170255,0.692034017241031,0.962336416631741,0.496448063360929,0.0000129194065965924,missense|LC,11018933666,11,18933666,
IL2,ENSG00000109471,0.692075338513403,0.913131162284686,0.467733984605645,0.000306081708491229,missense|LC,4122451760,4,122451760,
USP25,ENSG00000155313,0.692284310726353,0.472344954682052,0.823339639055603,-0.000258248975395309,missense|LC,21015730239,21,15730239,
TUSC3,ENSG00000104723,0.692413438120961,0.518713019453043,0.540695617978365,-0.000303778335420513,missense|LC,8015540284,8,15540284,
PTRH1,ENSG00000187024,0.692421651412383,0.476526829493444,0.583073856933287,0.000523257215832734,missense|LC,9127709329,9,127709329,
SLC16A2,ENSG00000147100,0.692442826702496,0.679065992639076,0.464827435475601,-0.000292014699105113,missense|LC,23074421553,X,74421553,
WWTR1,ENSG00000018408,0.692651541871803,0.630177366757203,0.511721133145867,0.000201451383488505,missense|LC,3149520715,3,149520715,
OLFM4,ENSG00000102837,0.692673114990743,0.9345104599515,0.508770185730907,0.0000355579045583912,missense|LC,13053028689,13,53028689,
TKFC,ENSG00000149476,0.692698814870219,0.944650121996239,0.476992965889902,-0.0000292469840440714,missense|LC,11061329298,11,61329298,
ZC2HC1C,ENSG00000119703,0.692712964979373,0.751581826915652,0.519547142902746,-0.000133837255792057,missense|LC,14075069131,14,75069131,
MAPK14,ENSG00000112062,0.692713758563971,0.531816464781072,0.863051783055911,-0.000689709336678721,missense|LC,6036028117,6,36028117,
PKNOX2,ENSG00000165495,0.692754302728742,0.891921023041676,0.486869001295618,0.0000927875250966074,missense|LC,11125351284,11,125351284,
PRSS57,ENSG00000185198,0.692799468249146,0.959856152740509,0.465779946171173,-0.0000328188132351848,missense|LC,19000680518,19,680518,
ZNF430,ENSG00000118620,0.69283923440964,0.49170362271638,0.641040475402302,-0.000274202071196645,missense|LC,19021020680,19,21020680,
SLC14A2,ENSG00000132874,0.69286520212771,0.470723434003592,0.862421201705708,0.000256322822883294,missense|LC,18045624573,18,45624573,
CES2,ENSG00000172831,0.692926189405296,0.616492414763053,0.489848960748297,-0.000261610119825464,missense|LC,16066932154,16,66932154,
CCDC113,ENSG00000103021,0.692947774912771,0.483079087445251,0.931754890162607,0.000417285445699022,missense|LC,16058249980,16,58249980,
RPS7,ENSG00000171863,0.692964469794782,0.456291413379258,0.563411077533885,-0.00168842362997685,missense|LC,2003575550,2,3575550,
TMEM176B,ENSG00000106565,0.693014469836583,0.514571249986724,0.478441970769005,-0.000354021715670984,missense|LC,7150791472,7,150791472,
CYP4F2,ENSG00000186115,0.693282542273909,0.553866067298035,0.498806678546795,0.000234693472660363,missense|LC,19015878658,19,15878658,
KCTD2,ENSG00000180901,0.693368743591577,0.482797222254395,0.653920534760784,-0.000821620401193812,missense|LC,17075042225,17,75042225,
OR5AR1,ENSG00000172459,0.693406673343046,0.465271723836619,0.523543244685372,0.000539380222240812,missense|LC,11056663655,11,56663655,
SMIM12,ENSG00000163866,0.693420140867532,0.750033401768379,0.486957209300833,0.00061094035841697,missense|LC,1034854986,1,34854986,
CCDC159,ENSG00000183401,0.693468464722033,0.62652120626842,0.5452279768152,-0.000159090419595011,missense|LC,19011342712,19,11342712,
DDIT4L,ENSG00000145358,0.693486350239535,0.549934946540551,0.70716961198025,0.0003172644253235,missense|LC,4100187583,4,100187583,
ANP32E,ENSG00000143401,0.693620061710641,0.86279352792089,0.517235265183667,-0.000122395474159532,missense|LC,1150220633,1,150220633,
GFPT2,ENSG00000131459,0.693896874591772,0.45727798247811,0.798982899935496,-0.000404630158165927,missense|LC,5180301525,5,180301525,
SMAD7,ENSG00000101665,0.693898734032933,0.832172832239557,0.464275121632157,0.000268207398532683,missense|LC,18048921296,18,48921296,
PRSS12,ENSG00000164099,0.693910376898079,0.608685468493843,0.481713786981,0.00018634891142914,missense|LC,4118281979,4,118281979,
ZNF382,ENSG00000161298,0.69408958753496,0.517954249899806,0.693241131207217,-0.000318009337339861,missense|LC,19036607527,19,36607527,
POLR1D,ENSG00000186184,0.694137519276479,0.732827407112245,0.46884793187436,0.000805232228181016,missense|LC,13027621893,13,27621893,
OR4D9,ENSG00000172742,0.694138254356722,0.481053536601718,0.967497830535556,-0.000344756994131984,missense|LC,11059514890,11,59514890,
LRRC19,ENSG00000184434,0.694183122554848,0.494355845446091,0.681326453009027,-0.000278108607354642,missense|LC,9026988608,9,26988608,
GALR1,ENSG00000166573,0.694208452606448,0.458384862483816,0.675363255210602,0.000606558044126371,missense|LC,18077250446,18,77250446,
CSRP1,ENSG00000159176,0.694244139068212,0.520126926786865,0.507602133798717,0.000450747144273367,missense|LC,1201484647,1,201484647,
PLP2,ENSG00000102007,0.69430095494016,0.515199748955901,0.604353145297994,-0.000546872043408562,missense|LC,23049171986,X,49171986,
MAU2,ENSG00000129933,0.694301292349342,0.542230053781679,0.975907704304488,-0.000368177340486001,missense|LC,19019316316,19,19316316,
ARRDC4,ENSG00000140450,0.694402864143164,0.838077430751624,0.513823160100104,0.0000975186754131344,missense|LC,15097960759,15,97960759,
FANCM,ENSG00000187790,0.694574608315818,0.700544845403665,0.468891949366056,0.000101105214907543,missense|LC,14045134313,14,45134313,
BTBD18,ENSG00000233436,0.694625355222374,0.91787581393373,0.48194163437294,-0.0000513544580124738,missense|LC,11057738603,11,57738603,
PAX5,ENSG00000196092,0.694704006530006,0.492127291769294,0.603164703442891,0.000557278677284485,missense|LC,9036840484,9,36840484,
CSNKA2IP,ENSG00000283434,0.694748727730735,0.481061780500049,0.823816546466608,0.000342745264353595,missense|LC,3088465308,3,88465308,
DZIP3,ENSG00000198919,0.694968040538526,0.521586431077779,0.460652035608377,0.000338098753642206,missense|LC,3108584991,3,108584991,
KRTAP19-4,ENSG00000186967,0.694969982384231,0.470560956453587,0.582816508381345,-0.00122025998585313,missense|LC,21030491825,21,30491825,
DNAJA2,ENSG00000069345,0.695031228447438,0.616750977062509,0.465143016917909,-0.000642615387724709,missense|LC,16046956944,16,46956944,
ATP8B3,ENSG00000130270,0.695040878044026,0.996241481423257,0.469736021594623,9.74062284756131e-7,missense|LC,19001782906,19,1782906,
LCE1E,ENSG00000186226,0.695084428130105,0.517562723374283,0.541714876697221,0.000379300698103582,missense|LC,1152787223,1,152787223,
UQCRC2,ENSG00000140740,0.695162779592139,0.511785126322143,0.765458674624448,0.000367622006429597,missense|LC,16021953314,16,21953314,
MDM4,ENSG00000198625,0.69520409090848,0.529574645280595,0.498936214045625,0.00030355062798365,missense|LC,1204525264,1,204525264,
EI24,ENSG00000149547,0.695309157618365,0.961861579387497,0.508309254138804,0.0000492440701785396,missense|LC,11125572461,11,125572461,
EIF2S2,ENSG00000125977,0.695324884798623,0.69687579749166,0.527350693860078,0.000526620723763607,missense|LC,20034089620,20,34089620,
PREX2,ENSG00000046889,0.695487918014995,0.844566324108892,0.473648042182975,-0.000649908282267469,missense|LC,8067952300,8,67952300,
RALYL,ENSG00000184672,0.695643126520617,0.932848222703878,0.499432604351814,-0.0000647745786027942,missense|LC,8084184907,8,84184907,
AS3MT,ENSG00000214435,0.695808100813106,0.809056931073702,0.491638227910293,0.000162224857574016,missense|LC,10102869327,10,102869327,
AKNA,ENSG00000106948,0.69586330688515,0.462502772499522,0.619845143246891,-0.000180070535959115,missense|LC,9114329897,9,114329897,
ITGBL1,ENSG00000198542,0.695869080529579,0.581278653362218,0.487899493074226,-0.000288356560146351,missense|LC,13101452778,13,101452778,
KPNB1,ENSG00000108424,0.695982406440912,0.473328198424715,0.817462173116605,-0.0009228814694556,missense|LC,17047649246,17,47649246,
GAL3ST1,ENSG00000128242,0.696060275862809,0.692720852214171,0.496629020776576,0.000237674328731361,missense|LC,22030554892,22,30554892,
GOLGA6C,ENSG00000167195,0.696060349599796,0.4658160688807,0.578894051176444,-0.000439564284113797,missense|LC,15075260290,15,75260290,
CDKL5,ENSG00000008086,0.696212875202567,0.464652236695634,0.60943508262411,-0.000491705187639866,missense|LC,23018507085,X,18507085,
CSNK2A3,ENSG00000254598,0.696214043352636,0.505248726442411,0.507970627143815,-0.000280407829198679,missense|LC,11011351894,11,11351894,
TMPRSS7,ENSG00000176040,0.696269978559598,0.848134617040105,0.49143267164791,0.0000550700046203337,missense|LC,3112041923,3,112041923,
ATP1B4,ENSG00000101892,0.696309268129467,0.493374174092056,0.544059824124203,-0.000342251341948058,missense|LC,23120362127,X,120362127,
VWA5B2,ENSG00000145198,0.696364103221138,0.454928427385234,0.666709770660467,-0.000278263265433673,missense|LC,3184230430,3,184230430,
CRX,ENSG00000105392,0.696551441076787,0.532454757397507,0.513342968666701,-0.000355360713095312,missense|LC,19047834404,19,47834404,
GIGYF2,ENSG00000204120,0.69659365922735,0.575642228799937,0.486786492234562,-0.000151689065484638,missense|LC,2232729516,2,232729516,
TMEM100,ENSG00000166292,0.696692535829789,0.495514080985195,0.556359716613855,-0.000812139445469339,missense|LC,17055720566,17,55720566,
BRD8,ENSG00000112983,0.696859999971227,0.61148425155913,0.476120448735706,0.000248217008683677,missense|LC,5138138585,5,138138585,
CPEB1,ENSG00000214575,0.696874817065985,0.490345698225831,0.659460333992146,-0.000342102693514558,missense|LC,15082539857,15,82539857,
SYS1-DBNDD2,ENSG00000254806,0.696955644392512,0.471492885792849,0.643829042528004,-0.0022344051872042,missense|LC,20045359971,20,45359971,
ENO2,ENSG00000111674,0.696971592285348,0.469798021542126,0.608598868051488,0.000583125227184122,missense|LC,12006912671,12,6912671,
NKX2-8,ENSG00000136327,0.697015057160451,0.473479081197137,0.915797600561033,-0.000670666462120469,missense|LC,14036580827,14,36580827,
SCN1A,ENSG00000144285,0.697044493885546,0.643638975406158,0.499741652994816,0.000342047525230889,missense|LC,2165991175,2,165991175,
CCDC185,ENSG00000178395,0.697070295323552,0.727692274914581,0.47940527965401,-0.000161406719096892,missense|LC,1223393368,1,223393368,
PLA2G2A,ENSG00000188257,0.69711449017921,0.579316704404122,0.56845586381341,-0.000292401413877691,missense|LC,1019975635,1,19975635,
AC010326.2,ENSG00000269476,0.697281615037518,0.525448609638824,0.523557010759804,-0.00262175391438216,missense|LC,19057872624,19,57872624,
PCP4,ENSG00000183036,0.697533290829792,0.492912227922897,0.665243137817756,0.00240119376850486,missense|LC,21039867409,21,39867409,
PDE5A,ENSG00000138735,0.697545316236409,0.511959969909259,0.837179138336241,-0.000238328711674211,missense|LC,4119498510,4,119498510,
GRIA4,ENSG00000152578,0.697560956915747,0.580209234580472,0.459586356443935,-0.000461665672129242,missense|LC,11105610970,11,105610970,
AC004076.1,ENSG00000268163,0.697597306690418,0.474119654576037,0.551489985050825,0.00136024262817961,missense|LC,19057435451,19,57435451,
PARM1,ENSG00000169116,0.697598307870555,0.517743921348759,0.654003398497785,0.0026871438045903,missense|LC,4074933261,4,74933261,
DOCK7,ENSG00000116641,0.697618153592277,0.603685024147503,0.459513413471383,-0.000213884193307567,missense|LC,1062450130,1,62450130,
SMPD3,ENSG00000103056,0.697640307237293,0.931862564282735,0.489020766082211,0.0000296874454467615,missense|LC,16068353330,16,68353330,
SLC22A15,ENSG00000163393,0.697656095288091,0.652482797087753,0.590299705961301,0.000256199955273017,missense|LC,1115976571,1,115976571,
ZNHIT6,ENSG00000117174,0.697683239780875,0.88243269550355,0.518988982900796,0.0000811599894722464,missense|LC,1085654000,1,85654000,
ZNF578,ENSG00000258405,0.697697736666907,0.483905866970264,0.703192901595215,0.000275782412324141,missense|LC,19052501735,19,52501735,
SLC9A3R1,ENSG00000109062,0.697719924153209,0.643480437020726,0.495473667108032,-0.000189345242688492,missense|LC,17074744236,17,74744236,
UGT1A1,ENSG00000241635,0.697854854235426,0.775426551110867,0.470101686909875,0.00023490393245869,missense|LC,2233760122,2,233760122,
MRPS14,ENSG00000120333,0.697997417321404,0.739948522333278,0.469526239401823,0.0004110389666859,missense|LC,1175008623,1,175008623,
BDH1,ENSG00000161267,0.698043510348082,0.906798397147115,0.496531291740059,-0.0000844317391248376,missense|LC,3197511820,3,197511820,
KRTAP1-3,ENSG00000221880,0.698052272185264,0.551857525462186,0.517424368078715,0.000287641527346041,missense|LC,17041029574,17,41029574,
KCNE5,ENSG00000176076,0.698126086916394,0.730598330376934,0.475916497434313,0.000389750421952392,missense|LC,23109624537,X,109624537,
API5,ENSG00000166181,0.698163673248972,0.491343923678703,0.592537811847782,0.000722757795573518,missense|LC,11043312033,11,43312033,
NKX3-2,ENSG00000109705,0.698297749446552,0.494240343332767,0.917082848700014,0.000237935782301633,missense|LC,4013541858,4,13541858,
PHACTR2,ENSG00000112419,0.698301809846116,0.727991933451409,0.46632602099524,0.000212635784180941,missense|LC,6143677965,6,143677965,
ITSN2,ENSG00000198399,0.698307566246681,0.473826046897732,0.663654853308824,-0.000249187519426395,missense|LC,2024200489,2,24200489,
TNP2,ENSG00000178279,0.698349726824834,0.52933800604727,0.653508021121887,-0.000374052984362711,missense|LC,16011267906,16,11267906,
POU5F1,ENSG00000204531,0.698549942521111,0.769885107563934,0.465060427548899,0.000343582652607249,missense|LC,6031159388,6,31159388,
SRL,ENSG00000185739,0.69868454922326,0.461524683654459,0.739470455011063,0.000559563483745121,missense|LC,16004192062,16,4192062,
PSMA2,ENSG00000106588,0.69870872394334,0.470059478325828,0.641439008963859,0.0021680559036548,missense|LC,7042911861,7,42911861,
AC010132.3,ENSG00000256646,0.69870872394334,0.470059478325828,0.641439008963859,0.0021680559036548,missense|LC,7042909547,7,42909547,
B3GALT5,ENSG00000183778,0.698746898275491,0.80576584509277,0.463047533159414,0.000232713810317689,missense|LC,21039657884,21,39657884,
TEAD4,ENSG00000197905,0.69876153416984,0.507659914207225,0.795807756289531,-0.00098698369508761,missense|LC,12002960209,12,2960209,
SLC52A1,ENSG00000132517,0.698779511889829,0.779075558463369,0.458920611025054,-0.000187348449078037,missense|LC,17005032888,17,5032888,
KRTAP2-2,ENSG00000214518,0.698780561108433,0.524225043156874,0.574048428870282,-0.00145928512137867,missense|LC,17041054614,17,41054614,
LRRC20,ENSG00000172731,0.698902589272616,0.488569587875571,0.839042779100121,0.000603062602956115,missense|LC,10070300279,10,70300279,
UBL5,ENSG00000198258,0.69898034120247,0.473115303146016,0.645335796574756,0.00434765264458249,missense|LC,19009828268,19,9828268,
RAB17,ENSG00000124839,0.698992692204542,0.808216482772456,0.525411274558172,-0.00014277015741038,missense|LC,2237574291,2,237574291,
CCL8,ENSG00000108700,0.699073511572962,0.68304316071333,0.583850549900181,0.000282451757421932,missense|LC,17034319441,17,34319441,
MYBPC1,ENSG00000196091,0.699080837280617,0.994804854546651,0.474267519322462,-0.00000358239076261794,missense|LC,12101594995,12,101594995,
AC005943.1,ENSG00000267059,0.699173160234114,0.483675868109994,0.730933767363087,-0.0013033472271012,missense|LC,19001578201,19,1578201,
AK8,ENSG00000165695,0.699207552875558,0.483844933266579,0.652509996127276,0.000285583659412193,missense|LC,9132725614,9,132725614,
LTBR,ENSG00000111321,0.699242387516767,0.549359327683198,0.861094813496807,-0.000320224902992716,missense|LC,12006383936,12,6383936,
MRPL57,ENSG00000173141,0.69933822187121,0.555129660197779,0.622498902853544,0.000331065271255054,missense|LC,13021172313,13,21172313,
SLTM,ENSG00000137776,0.69954565666403,0.825638635915404,0.48798255212631,0.000108819822837675,missense|LC,15058879881,15,58879881,
TMEM63B,ENSG00000137216,0.699563877969591,0.46606964201066,0.795089009429616,0.000596972447140733,missense|LC,6044132171,6,44132171,
CDH12,ENSG00000154162,0.699790897179284,0.473084896224579,0.66292480203564,-0.00040387865571015,missense|LC,5021751682,5,21751682,
LRRC17,ENSG00000128606,0.699803070494889,0.773446591614528,0.508599307306476,0.000137082028688949,missense|LC,7102912961,7,102912961,
TDRD5,ENSG00000162782,0.699839764272314,0.511878738781082,0.696136972623783,-0.00020986962354981,missense|LC,1179592551,1,179592551,
MIA-RAB4B,ENSG00000268975,0.699854664013591,0.530681080969242,0.833031351779639,0.000650510816683302,missense|LC,19040775412,19,40775412,
PINLYP,ENSG00000234465,0.69986201876931,0.492490621236187,0.846373683069806,-0.000460212717930151,missense|LC,19043574852,19,43574852,
ACY3,ENSG00000132744,0.699862773599569,0.785007361829129,0.495281880126427,-0.000134414608897376,missense|LC,11067639346,11,67639346,
NOP9,ENSG00000196943,0.699876850989565,0.757750866345994,0.493550377446901,0.000114962936918355,missense|LC,14024296442,14,24296442,
GPBP1L1,ENSG00000159592,0.699877538266682,0.755613045786958,0.495725743407498,0.000163410327975022,missense|LC,1045622321,1,45622321,
IQCF3,ENSG00000229972,0.699919517686297,0.809771129503501,0.496125736705695,0.000165816786814172,missense|LC,3051829380,3,51829380,
AC097636.1,ENSG00000285749,0.699919517686297,0.809771129503501,0.496125736705695,0.000165816786814172,missense|LC,3051819411,3,51819411,
GHITM,ENSG00000165678,0.699946521044656,0.476107258050211,0.991951280764833,-0.000594636793609548,missense|LC,10084141432,10,84141432,
C2orf72,ENSG00000204128,0.699961534429866,0.59040365515161,0.523859646693285,0.000198468791668825,missense|LC,2231037444,2,231037444,
MATN3,ENSG00000132031,0.699976653250835,0.551370923719161,0.555624833280544,-0.000493549520907843,missense|LC,2019989110,2,19989110,
CRY1,ENSG00000008405,0.700019946854261,0.471944128861119,0.612098634291813,0.000893384702215054,missense|LC,12106992749,12,106992749,
KBTBD4,ENSG00000123444,0.700063870899597,0.534954892686493,0.491767297289765,0.000483103998224171,missense|LC,11047569636,11,47569636,
ZCCHC2,ENSG00000141664,0.700290993489949,0.813459248030922,0.477576048947295,0.0000699987227943596,missense|LC,18062523287,18,62523287,
TMTC2,ENSG00000179104,0.700338206285801,0.503380396366119,0.888603942368559,-0.000314631344529098,missense|LC,12082687510,12,82687510,
GK,ENSG00000198814,0.700430610897828,0.472670210659325,0.809188147326423,-0.000949760888085063,missense|LC,23030653504,X,30653504,
KL,ENSG00000133116,0.700478630992375,0.457000580364862,0.65270570574132,0.000364356923047015,missense|LC,13033016410,13,33016410,
IGSF3,ENSG00000143061,0.700564699696084,0.515671369616345,0.481083728377809,-0.000166211959953804,missense|LC,1116570839,1,116570839,
THOC6,ENSG00000131652,0.700741602406584,0.498593817180872,0.665626520948717,-0.0003289797477148,missense|LC,16003020321,16,3020321,
RASA2,ENSG00000155903,0.700802807978521,0.515319090063807,0.590907055234967,-0.00022715233014468,missense|LC,3141486960,3,141486960,
FAM9C,ENSG00000187268,0.700807597977916,0.870917872796485,0.481411762053748,-0.000209640585839919,missense|LC,23013038382,X,13038382,
METTL27,ENSG00000165171,0.700875780137635,0.934993903097414,0.493469615180509,-0.0000403369268539879,missense|LC,7073831091,7,73831091,
PHF3,ENSG00000118482,0.700923215381067,0.480650586817424,0.476155509646784,-0.000195249911485291,missense|LC,6063646474,6,63646474,
RPL9,ENSG00000163682,0.700943364248334,0.46835683326611,0.513296313887101,-0.00111679693596518,missense|LC,4039448247,4,39448247,
AC105052.1,ENSG00000205236,0.701137929681047,0.781305448234279,0.58081245316405,-0.000249348124749736,missense|LC,7102595275,7,102595275,
UPK3BL1,ENSG00000267368,0.701137929681047,0.781305448234279,0.58081245316405,-0.000249348124749736,missense|LC,7102638807,7,102638807,
TAL2,ENSG00000186051,0.701177152540704,0.518646774869502,0.683958646678099,0.000957708696524814,missense|LC,9105662433,9,105662433,
HPDL,ENSG00000186603,0.701224105917748,0.770527628495729,0.512646271119233,-0.000188276335514185,missense|LC,1045327053,1,45327053,
EPDR1,ENSG00000086289,0.701253232125911,0.774777917784626,0.481535117301584,0.000247270524013455,missense|LC,7037915951,7,37915951,
JPH1,ENSG00000104369,0.701267834882165,0.98485782671581,0.472948467442729,0.0000111527905895867,missense|LC,8074237191,8,74237191,
DMRTB1,ENSG00000143006,0.701289268341096,0.604301682187449,0.477749618066676,-0.000229574044131385,missense|LC,1053459264,1,53459264,
BYSL,ENSG00000112578,0.701291479803331,0.949694913791285,0.500573490720419,-0.0000280027774367865,missense|LC,6041916689,6,41916689,
COPS4,ENSG00000138663,0.701296818841702,0.822457414264017,0.585769539039136,0.000164639049642091,missense|LC,4083035170,4,83035170,
CDHR3,ENSG00000128536,0.701415227521218,0.561443894844671,0.484624330969778,-0.000448339566481448,missense|LC,7105963249,7,105963249,
KCNJ8,ENSG00000121361,0.701468666790984,0.482544180855781,0.587932974948878,-0.00083300487783737,missense|LC,12021765668,12,21765668,
OR10Z1,ENSG00000198967,0.701471188332237,0.47689819705315,0.9783604317582,-0.000444998159212767,missense|LC,1158606406,1,158606406,
FSHR,ENSG00000170820,0.701504398147306,0.502639897664654,0.765486226266423,0.000313525379970847,missense|LC,2048962663,2,48962663,
SEC63,ENSG00000025796,0.701579029783285,0.482444877991576,0.672264922080342,0.00045961244723233,missense|LC,6107871631,6,107871631,
AL353579.1,ENSG00000286105,0.701663940369747,0.788403406492563,0.535381274428756,-0.000537917908659058,missense|LC,6037212868,6,37212868,
ZNF236,ENSG00000130856,0.701735595341342,0.597176220340839,0.491204400825611,-0.000150507910721082,missense|LC,18076849448,18,76849448,
PRAMEF9,ENSG00000204505,0.701829928689309,0.473162521553454,0.803663521691955,0.000366155950897279,missense|LC,1013175193,1,13175193,
PLPP4,ENSG00000203805,0.701925174345412,0.669360383022483,0.475506909164118,0.000349471150015178,missense|LC,10120457227,10,120457227,
FUT6,ENSG00000156413,0.701941262739891,0.516209972477003,0.56967170512823,-0.000235076687689229,missense|LC,19005827714,19,5827714,
EFNB2,ENSG00000125266,0.702011424083082,0.972981341072875,0.477373533234984,-0.0000379425493707937,missense|LC,13106492923,13,106492923,
TAF4B,ENSG00000141384,0.702062410371486,0.94068559672907,0.459922304897697,0.0000439042847478682,missense|LC,18026226856,18,26226856,
GNAI1,ENSG00000127955,0.702095360709842,0.905468401930778,0.567061683351054,0.0000691389799366949,missense|LC,7080135112,7,80135112,
UBE3B,ENSG00000151148,0.70214438869529,0.457299620669966,0.514998022209386,-0.000403875648521933,missense|LC,12109477149,12,109477149,
LRRFIP1,ENSG00000124831,0.702261406856928,0.56457644605553,0.504366782725501,-0.000197796573482496,missense|LC,2237692340,2,237692340,
TONSL,ENSG00000160949,0.702262756194973,0.477759649574964,0.498059880425578,-0.000220387383381036,missense|LC,8144423776,8,144423776,
RSPH10B2,ENSG00000169402,0.702340127298124,0.484917752575756,0.526540330204158,0.000567762272743039,missense|LC,7006751464,7,6751464,
ATG7,ENSG00000197548,0.702354228281451,0.474414154908114,0.587155865852999,0.000369442729141142,missense|LC,3011298605,3,11298605,
LHX4,ENSG00000121454,0.702362020954668,0.732841080306367,0.459170078601423,0.000270092753349334,missense|LC,1180230482,1,180230482,
IPMK,ENSG00000151151,0.702374345167423,0.55409550082605,0.544113530230141,0.000302542609832912,missense|LC,10058195998,10,58195998,
OR5K4,ENSG00000196098,0.702390274240634,0.495918165005559,0.874375455228153,0.000303378292141519,missense|LC,3098353768,3,98353768,
TMEM154,ENSG00000170006,0.702421897106124,0.534961650942034,0.622836410443583,-0.000430241728425647,missense|LC,4152628411,4,152628411,
SPATA16,ENSG00000144962,0.702424423049263,0.473903365278416,0.650905952003706,-0.000848947075373966,missense|LC,3172889452,3,172889452,
SERPINB13,ENSG00000197641,0.702429626217315,0.47184667776884,0.560049420296312,0.000450983197781329,missense|LC,18063588573,18,63588573,
CPLANE1,ENSG00000197603,0.702543790257576,0.922216188101336,0.471317352439865,-0.0000236954369120801,missense|LC,5037106768,5,37106768,
C11orf53,ENSG00000150750,0.702662973562321,0.490912820401852,0.894333197787303,-0.000695953913562895,missense|LC,11111281340,11,111281340,
TOX3,ENSG00000103460,0.702709933119269,0.510245864810983,0.863508424811352,-0.000220081986181311,missense|LC,16052439101,16,52439101,
PTGER2,ENSG00000125384,0.70273671677334,0.544628841225396,0.948634104409219,-0.000288221384801633,missense|LC,14052314418,14,52314418,
VPS4A,ENSG00000132612,0.702762762701763,0.509523539185513,0.855938020078841,-0.000539379735881065,missense|LC,16069311382,16,69311382,
HEPN1,ENSG00000221932,0.70279235633576,0.889636502064013,0.570702914584614,0.000131245621183452,missense|LC,11124919651,11,124919651,
MMP26,ENSG00000167346,0.702840802121039,0.546543147350597,0.980452619401978,0.000272408401355608,missense|LC,11004768929,11,4768929,
SLC10A4,ENSG00000145248,0.702872980269759,0.838961297031554,0.476379889984912,-0.000162924561512279,missense|LC,4048483488,4,48483488,
INTS14,ENSG00000138614,0.702885562530035,0.615862202214232,0.474666512798695,-0.000379072289082043,missense|LC,15065576175,15,65576175,
AGTR1,ENSG00000144891,0.703008038532625,0.578746345222507,0.504105856524494,-0.000275355923385687,missense|LC,3148739693,3,148739693,
COL19A1,ENSG00000082293,0.703023425938625,0.796541865457633,0.47760854479663,0.000178728817630947,missense|LC,6069879512,6,69879512,
HOXD10,ENSG00000128710,0.703131627967475,0.48297265904419,0.564511896588072,0.000600999705379018,missense|LC,2176116759,2,176116759,
ZBBX,ENSG00000169064,0.70314653980815,0.767186019904195,0.50078796457245,0.0000994682363060508,missense|LC,3167240690,3,167240690,
MAGEA4,ENSG00000147381,0.703178289726311,0.563981938036771,0.502033055488171,-0.000194491739526183,missense|LC,23151918886,X,151918886,
TPSG1,ENSG00000116176,0.703253258205578,0.649041702397025,0.485070700773588,-0.000117620245146834,missense|LC,16001216877,16,1216877,
KCNJ2,ENSG00000123700,0.703343970659909,0.792594601530131,0.476404656353915,-0.000317237732378216,missense|LC,17070174961,17,70174961,
POM121C,ENSG00000272391,0.703407752307119,0.72177885944741,0.481287219890642,-0.0000808821683450889,missense|LC,7075414823,7,75414823,
GLT6D1,ENSG00000204007,0.703432766293464,0.522633951640629,0.481076119733762,0.000319361729284018,missense|LC,9135624066,9,135624066,
AC013489.1,ENSG00000173867,0.703447241524148,0.472227517534841,0.54864347614494,0.000510392342430994,missense|LC,15088459477,15,88459477,
FXYD1,ENSG00000266964,0.703645754975388,0.632523591867925,0.611671322700274,0.000254469079855792,missense|LC,19035133994,19,35133994,
PRSS58,ENSG00000258223,0.703684878750472,0.727881418028357,0.514250660285621,-0.000201029367631283,missense|LC,7142252136,7,142252136,
SYAP1,ENSG00000169895,0.703710334991861,0.754771165651876,0.478026057471869,-0.000282217481876826,missense|LC,23016719631,X,16719631,
MYBPH,ENSG00000133055,0.703781906112307,0.510477378368305,0.920578868956966,0.000345592292598957,missense|LC,1203164964,1,203164964,
ZNF335,ENSG00000198026,0.703788199784479,0.648198640584225,0.479814428806456,-0.000147633657793434,missense|LC,20045943660,20,45943660,
KLF3,ENSG00000109787,0.703842326457974,0.480666664971148,0.986974797434412,-0.00075144503180241,missense|LC,4038680581,4,38680581,
GPR78,ENSG00000155269,0.703916299243278,0.47833210540855,0.757720694965122,-0.000298059717421799,missense|LC,4008580899,4,8580899,
IRAG1,ENSG00000072952,0.703928249449207,0.486637825649187,0.503423635181598,-0.000196038423208016,missense|LC,11010568364,11,10568364,
ADM,ENSG00000148926,0.70400575148087,0.509745277573644,0.87982235760417,-0.000597105556642928,missense|LC,11010305610,11,10305610,
KRT82,ENSG00000161850,0.704033879129039,0.494924611160842,0.584287776641579,0.000198589650575009,missense|LC,12052394922,12,52394922,
PLA2G1B,ENSG00000170890,0.70411033832343,0.698282405501766,0.477535705838637,-0.000539565720762308,missense|LC,12120322117,12,120322117,
PRSS21,ENSG00000007038,0.704122815915953,0.494754830862039,0.672175010414145,-0.000382804257972962,missense|LC,16002817133,16,2817133,
CABS1,ENSG00000145309,0.704271798844909,0.712105931937297,0.467318761671986,0.000359219368058287,missense|LC,4070334954,4,70334954,
CD40LG,ENSG00000102245,0.704284442310947,0.493338389252168,0.7140119397664,-0.00075496704994882,missense|LC,23136648218,X,136648218,
TCF12,ENSG00000140262,0.704338225446765,0.510086703373172,0.698460899777707,0.00173525516121204,missense|LC,15056919826,15,56919826,
PRKCSH,ENSG00000130175,0.704372212036513,0.762228100654701,0.481607189899667,-0.000100041653109723,missense|LC,19011430639,19,11430639,
ZRANB3,ENSG00000121988,0.704455809297263,0.971592226139768,0.482420406129838,0.0000165531164677817,missense|LC,2135200288,2,135200288,
ABHD12B,ENSG00000131969,0.704465118561646,0.500538210092655,0.589383147519212,-0.000364795996361645,missense|LC,14050872089,14,50872089,
SH3BGRL2,ENSG00000198478,0.704623846363309,0.487111328057621,0.50120593206824,-0.000833999707683741,missense|LC,6079631374,6,79631374,
RUSC1,ENSG00000160753,0.704655291973139,0.480186125012129,0.887184793893645,0.000292723238558879,missense|LC,1155317881,1,155317881,
ZNF415,ENSG00000170954,0.704705825479213,0.508692453862632,0.595188055406246,-0.000305071815162618,missense|LC,19053108299,19,53108299,
PRPF8,ENSG00000174231,0.704742065134706,0.696327292435867,0.464378884540607,-0.000265692854156981,missense|LC,17001645634,17,1645634,
RWDD3,ENSG00000122481,0.704756896712487,0.639341156110697,0.482146914150425,0.000533172377509472,missense|LC,1095230844,1,95230844,
ARRB1,ENSG00000137486,0.704938045573926,0.641982419926987,0.475482462203542,-0.000373957509348615,missense|LC,11075266121,11,75266121,
NKX6-1,ENSG00000163623,0.704957829089053,0.492738002529523,0.855876555931401,0.000359921419314264,missense|LC,4084493192,4,84493192,
PIGF,ENSG00000151665,0.705080402228861,0.861845120265509,0.524313502543816,0.000147089677510604,missense|LC,2046576012,2,46576012,
CACNB1,ENSG00000067191,0.705104569123108,0.994853522482586,0.525235918677165,4.66176759046758e-8,missense|LC,17039175135,17,39175135,
SUPT5H,ENSG00000196235,0.705106185961136,0.454538913956975,0.847146636302879,0.000536646999273454,missense|LC,19039445786,19,39445786,
FAM111B,ENSG00000189057,0.705430942744747,0.499067183126808,0.458496574573388,0.000438284969547361,missense|LC,11059109595,11,59109595,
GSTP1,ENSG00000084207,0.705460044811508,0.835137570768298,0.512265236255998,-0.000122703194526941,missense|LC,11067584082,11,67584082,
CDHR5,ENSG00000099834,0.705526029668602,0.508865319120029,0.476154365092877,0.000204466801940154,missense|LC,11000611583,11,611583,
FAM24B,ENSG00000213185,0.705551856212102,0.714717686014503,0.486216967271185,0.000680332115968912,missense|LC,10122845700,10,122845700,
DNAJC5G,ENSG00000163793,0.705583391051816,0.479768201328829,0.908767656603153,-0.000836191411777031,missense|LC,2027275114,2,27275114,
ATAD3A,ENSG00000197785,0.705644200486901,0.59917895864679,0.473762210067212,-0.000145537124636586,missense|LC,1001509057,1,1509057,
MYL3,ENSG00000160808,0.705664877897179,0.76784609454751,0.48073192020077,0.000404896615400614,missense|LC,3046830354,3,46830354,
AGBL4,ENSG00000186094,0.705684943842186,0.492540614500272,0.671934587268767,0.000465846760569059,missense|LC,1048534044,1,48534044,
PLCD3,ENSG00000161714,0.706002667602333,0.482068679816938,0.891005354741013,-0.000280583333478241,missense|LC,17045103962,17,45103962,
RNF151,ENSG00000179580,0.706022626967455,0.491886436988337,0.946626005849899,-0.000418326104396025,missense|LC,16001961857,16,1961857,
ZNF827,ENSG00000151612,0.706131788054794,0.706162242236246,0.469708558148335,0.000200759667331434,missense|LC,4145760690,4,145760690,
MAGEB18,ENSG00000176774,0.706295971523681,0.489563064509421,0.683508504070783,0.000477615002168898,missense|LC,23026138940,X,26138940,
ITGAE,ENSG00000083457,0.706387772441898,0.602050722571206,0.481665606656547,-0.00016047656250343,missense|LC,17003714829,17,3714829,
LIF,ENSG00000128342,0.706467026374506,0.690340139694181,0.56704503681961,0.000208472404704567,missense|LC,22030243549,22,30243549,
ATP2A2,ENSG00000174437,0.706495685928838,0.473497756428568,0.523160110565219,-0.000549991571040267,missense|LC,12110281728,12,110281728,
F13B,ENSG00000143278,0.706506272047143,0.769930832127916,0.520724235800359,-0.000110596842142638,missense|LC,1197039326,1,197039326,
TK1,ENSG00000167900,0.706636131394019,0.534595147126749,0.574162541430764,0.000437713292105428,missense|LC,17078170755,17,78170755,
MNX1,ENSG00000130675,0.706709031405916,0.762831495847408,0.505421509610084,0.000106439697151211,missense|LC,7157005442,7,157005442,
DMRTA2,ENSG00000142700,0.706766717390963,0.531978121153074,0.69206917856021,0.000371873024623307,missense|LC,1050418576,1,50418576,
RAB2A,ENSG00000104388,0.706783916785139,0.894164347178123,0.489692942459377,0.000446349989891875,missense|LC,8060517105,8,60517105,
LRRC14B,ENSG00000185028,0.70689475167794,0.519185426289012,0.502999666802695,-0.00018855319903734,missense|LC,5000191445,5,191445,
ANKRD37,ENSG00000186352,0.707133143231548,0.529831816317812,0.805453050558524,-0.000441124804899546,missense|LC,4185394683,4,185394683,
SLX4,ENSG00000188827,0.707146975633137,0.479102247468584,0.620596607220674,-0.00012930819586475,missense|LC,16003582270,16,3582270,
HDAC3,ENSG00000171720,0.707236198383174,0.863529574478196,0.466577700517592,0.000314456660858229,missense|LC,5141618753,5,141618753,
CDKN2C,ENSG00000123080,0.70734512704966,0.580473708163757,0.481016156890423,0.00103841382281696,missense|LC,1050959702,1,50959702,
AP3S2,ENSG00000157823,0.707420011353925,0.679957553150565,0.478335399563416,0.000506755037450112,missense|LC,15089835363,15,89835363,
EIF1,ENSG00000173812,0.707424803118106,0.490890042668383,0.505946739212424,0.0031686728542522,missense|LC,17041688953,17,41688953,
CXCL13,ENSG00000156234,0.707439692963317,0.753483243699735,0.488960418111458,-0.00060480787437313,missense|LC,4077605822,4,77605822,
CREB3L4,ENSG00000143578,0.707472569023276,0.891704593644765,0.503016611864672,0.0000675513042654816,missense|LC,1153968450,1,153968450,
TMTC4,ENSG00000125247,0.707483240139547,0.495751205678098,0.789138187419621,0.000246778064833333,missense|LC,13100604875,13,100604875,
SOX13,ENSG00000143842,0.707825078426884,0.490136356333498,0.906621216834715,-0.000250182566284636,missense|LC,1204112852,1,204112852,
TSHR,ENSG00000165409,0.707863623055806,0.691090720910246,0.595864914217258,-0.000215783243723717,missense|LC,14080955588,14,80955588,
TATDN1,ENSG00000147687,0.707985579092521,0.798849402104213,0.528215168466066,-0.00020122987512209,missense|LC,8124485782,8,124485782,
FOXI2,ENSG00000186766,0.708006469129271,0.660041878330822,0.49333294717343,0.000298831855410519,missense|LC,10127737173,10,127737173,
SH3RF3,ENSG00000172985,0.708020968344074,0.632532971183954,0.505163557085522,0.000129250205177245,missense|LC,2109129393,2,109129393,
CELA3B,ENSG00000219073,0.708023702246227,0.501686347568258,0.929921048752725,-0.000256475738940537,missense|LC,1021976931,1,21976931,
GALNT5,ENSG00000136542,0.708048720829377,0.754097357091628,0.496823261088131,0.000108134220679013,missense|LC,2157257994,2,157257994,
SCARF2,ENSG00000244486,0.708084498335017,0.507841961649853,0.832620771238156,0.000292463889223598,missense|LC,22020425289,22,20425289,
NTSR2,ENSG00000169006,0.708172204887748,0.816847513941246,0.47479912119094,0.000125710713319651,missense|LC,2011658356,2,11658356,
ISCA1,ENSG00000135070,0.708174352251954,0.579343499578346,0.519346930682615,0.000927659356328739,missense|LC,9086265924,9,86265924,
AATK,ENSG00000181409,0.708177072056776,0.464843135321393,0.635737208618973,0.000195763047084474,missense|LC,17081115680,17,81115680,
CCDC177,ENSG00000267909,0.708237383831185,0.49417861031862,0.968051175464631,-0.000224572953102276,missense|LC,14069571434,14,69571434,
MAPK8IP2,ENSG00000008735,0.708283746752365,0.506549296270598,0.973291405287533,-0.000232602828522241,missense|LC,22050600779,22,50600779,
UBE2H,ENSG00000186591,0.708296668122691,0.654481099170479,0.483509563079129,-0.00185773389876516,missense|LC,7129834831,7,129834831,
E2F4,ENSG00000205250,0.70831223072176,0.791862386397482,0.495740358612286,-0.0000767624810673418,missense|LC,16067187155,16,67187155,
CYRIA,ENSG00000197872,0.708353049244493,0.505160306207271,0.982195003768498,0.0007372384873121,missense|LC,2016552909,2,16552909,
FGA,ENSG00000171560,0.708358685357024,0.939935822880157,0.469529877806666,-0.000044701987190719,missense|LC,4154584082,4,154584082,
UBE2Z,ENSG00000159202,0.708380278774814,0.66611730361379,0.472586579273229,0.000565564730399529,missense|LC,17048908404,17,48908404,
ATP8B4,ENSG00000104043,0.708408508634427,0.500529715865695,0.737346201241195,-0.00018777361307888,missense|LC,15049860091,15,49860091,
ADGRB2,ENSG00000121753,0.708472312847324,0.608553949631875,0.494785831257726,0.000142756671605798,missense|LC,1031727300,1,31727300,
PFDN6,ENSG00000204220,0.708479320531112,0.602219847571368,0.796282928566951,0.000356757831916415,missense|LC,6033286728,6,33286728,
HABP2,ENSG00000148702,0.708636568376896,0.490563684267481,0.79257837899396,0.000222572801988369,missense|LC,10113553076,10,113553076,
DACH1,ENSG00000276644,0.708657717356648,0.598542415770464,0.483950444717188,0.000241668512964217,missense|LC,13071440610,13,71440610,
DEFA4,ENSG00000164821,0.708777345795288,0.577906762343927,0.577555458053559,-0.000183159080297426,missense|LC,8006935901,8,6935901,
SH3GL2,ENSG00000107295,0.708826768624636,0.939043531692883,0.556720967015847,0.000047526108621296,missense|LC,9017579184,9,17579184,
MESP1,ENSG00000166823,0.708836668889247,0.949103761977192,0.479313181610009,0.0000378463410612916,missense|LC,15089750079,15,89750079,
RIMBP3B,ENSG00000274600,0.708851823723003,0.930799139480267,0.511844823527163,-0.0005470842665288,missense|LC,22021388395,22,21388395,
HNRNPA1L2,ENSG00000139675,0.708880946260593,0.62104408180609,0.488703894995356,-0.000318517924898297,missense|LC,13052642424,13,52642424,
SRFBP1,ENSG00000151304,0.708951841445873,0.497333937587564,0.703834328728791,0.000655216948115341,missense|LC,5121961930,5,121961930,
F2RL1,ENSG00000164251,0.708996072978326,0.765156712668689,0.498708973814463,-0.000201765895084113,missense|LC,5076819122,5,76819122,
SELENOW,ENSG00000178980,0.709035079727206,0.68808859282621,0.501089206450839,-0.000588732627678167,missense|LC,19047778677,19,47778677,
MYRFL,ENSG00000166268,0.709102363621636,0.513258590624785,0.620741069686725,-0.000260734261160125,missense|LC,12069886726,12,69886726,
AC231657.3,ENSG00000288053,0.709113865312852,0.829344778322725,0.477168430631965,0.000268898999602798,missense|LC,23049067126,X,49067126,
CHKA,ENSG00000110721,0.709316288381558,0.497861712020911,0.541308723701916,0.00028737110069405,missense|LC,11068047859,11,68047859,
ATPAF1,ENSG00000123472,0.709350582113424,0.949541381055052,0.490705627055167,-0.0000465514700292748,missense|LC,1046635700,1,46635700,
MRPS36,ENSG00000134056,0.709378157726363,0.555431430270309,0.49209126827637,0.00109495536600342,missense|LC,5069217692,5,69217692,
PEX11G,ENSG00000104883,0.709450319665331,0.48259195253227,0.838081065421509,-0.000520472393325776,missense|LC,19007477113,19,7477113,
HPCA,ENSG00000121905,0.709475102203153,0.677381779566166,0.483007061034143,0.000770229092796311,missense|LC,1032888804,1,32888804,
HBEGF,ENSG00000113070,0.70950255846145,0.96045129002347,0.573122085666806,-0.0000352927131458515,missense|LC,5140334634,5,140334634,
SPIRE2,ENSG00000204991,0.709665065131678,0.82652186021747,0.479317727150991,-0.0000935389484200948,missense|LC,16089828438,16,89828438,
AL136295.4,ENSG00000259522,0.709811770325255,0.708938824121641,0.525032912494501,0.000458197069888727,missense|LC,14024175497,14,24175497,
FUT9,ENSG00000172461,0.709847082738882,0.545476760556693,0.547683130447641,0.000484453115608034,missense|LC,6096203096,6,96203096,
SULT1C2,ENSG00000198203,0.709888046110288,0.504287182632439,0.949417712254046,-0.000264210117463602,missense|LC,2108293563,2,108293563,
GANC,ENSG00000214013,0.709918251902214,0.991957639324005,0.500537609452203,0.00000335513207638223,missense|LC,15042272010,15,42272010,
AC009779.3,ENSG00000258311,0.710002845507621,0.605430564688017,0.528751418619135,0.000337261155340515,missense|LC,12055712007,12,55712007,
RTL1,ENSG00000254656,0.710004443630303,0.494147420211524,0.927493473846326,-0.000153033474104884,missense|LC,14100880541,14,100880541,
AP001931.1,ENSG00000254732,0.710015693197334,0.767042855565971,0.517322329638302,0.00295686010689236,missense|LC,11057737553,11,57737553,
RPN2,ENSG00000118705,0.710084691806204,0.635201758573697,0.464323703238511,-0.000356573438498518,missense|LC,20037179058,20,37179058,
EIF4G3,ENSG00000075151,0.71017319070406,0.858837401078835,0.484304246785528,0.0000737449506512854,missense|LC,1020807235,1,20807235,
PPARA,ENSG00000186951,0.710222798145035,0.562891454761876,0.53800359331711,0.000289244963876786,missense|LC,22046198331,22,46198331,
MXRA5,ENSG00000101825,0.710250077589248,0.481290697566382,0.603962557583089,0.00010870087689367,missense|LC,23003309661,X,3309661,
PPM1K,ENSG00000163644,0.710339071440877,0.56697644673154,0.471645797562057,0.000579935530880387,missense|LC,4088262506,4,88262506,
CLEC3A,ENSG00000166509,0.710348678961981,0.525747330002151,0.837405718594327,0.000421387574652766,missense|LC,16078022499,16,78022499,
USP30,ENSG00000135093,0.710384930819915,0.491765790868601,0.577766624373348,0.000413126814094792,missense|LC,12109052580,12,109052580,
P3H3,ENSG00000110811,0.710448531189001,0.58527706023847,0.498830839313165,-0.000187911662990714,missense|LC,12006823692,12,6823692,
TSGA10,ENSG00000135951,0.7105603341443,0.662402846831856,0.760938895508317,0.000645777350461808,missense|LC,2098998138,2,98998138,
RHOH,ENSG00000168421,0.710571250506253,0.665680229104484,0.479685652820846,-0.000745510987898319,missense|LC,4040243325,4,40243325,
SYNJ2,ENSG00000078269,0.710660063242545,0.49638389642811,0.781367399273861,0.00170753105226864,missense|LC,6157981861,6,157981861,
CCDC151,ENSG00000198003,0.710697640717789,0.522527488533884,0.83727086558603,-0.000209386914069499,missense|LC,19011415871,19,11415871,
PDCD4,ENSG00000150593,0.710781898037587,0.560337890688125,0.763160303054135,-0.000281608398348513,missense|LC,10110875985,10,110875985,
DDX11,ENSG00000013573,0.710796370621108,0.990233311270242,0.497899976443762,-0.00000363311383146388,missense|LC,12031078137,12,31078137,
MAPK11,ENSG00000185386,0.710835773091895,0.504609885738984,0.480048477712226,-0.000825425839303696,missense|LC,22050261046,22,50261046,
KCNMB4,ENSG00000135643,0.710853523866391,0.513218769201403,0.719300787774974,0.000995449948904462,missense|LC,12070366653,12,70366653,
SPPL2B,ENSG00000005206,0.710859140445147,0.796803474984213,0.491209439342797,0.0000925801650105301,missense|LC,19002324084,19,2324084,
SGSM1,ENSG00000167037,0.710910013188868,0.472495395786345,0.495554999147055,-0.00027538242790391,missense|LC,22024806183,22,24806183,
CRYBA4,ENSG00000196431,0.711063050402177,0.728794679109372,0.484166025867769,0.000465924007183545,missense|LC,22026621899,22,26621899,
GSR,ENSG00000104687,0.711071062850575,0.505995827430961,0.48474131179035,-0.000310923824939582,missense|LC,8030679463,8,30679463,
ANKRD46,ENSG00000186106,0.711097684574669,0.48041138033262,0.649470954716515,-0.00103977004767341,missense|LC,8100510499,8,100510499,
CACNB4,ENSG00000182389,0.711135257555872,0.511054798278892,0.89798844253946,-0.000557843905429959,missense|LC,2151828041,2,151828041,
SRSF9,ENSG00000111786,0.711154415894143,0.483978424061585,0.878599127923552,-0.0011520362540925,missense|LC,12120457043,12,120457043,
GTF2F1,ENSG00000125651,0.7111945363103,0.556328052342174,0.477413626131147,-0.000325514398177058,missense|LC,19006374572,19,6374572,
SMARCA2,ENSG00000080503,0.711312590228204,0.494563169077344,0.533054317408779,0.000196988219186715,missense|LC,9002028931,9,2028931,
GCHFR,ENSG00000137880,0.711333635123678,0.981584429608727,0.498616627286126,-0.0000314857953359477,missense|LC,15040764101,15,40764101,
EEF1A2,ENSG00000101210,0.711378980744556,0.464546313139377,0.951008248312745,-0.0016398482325196,missense|LC,20063488200,20,63488200,
BUB1,ENSG00000169679,0.711422507455199,0.80306369990054,0.508279185389765,0.00011809128527193,missense|LC,2110637908,2,110637908,
ERFE,ENSG00000178752,0.711498935085958,0.505561315257199,0.7439584288216,-0.000379264294452025,missense|LC,2238154566,2,238154566,
PGBD1,ENSG00000137338,0.71164347602557,0.992681181535446,0.487623108672155,0.00000424269825445099,missense|LC,6028276584,6,28276584,
ABHD1,ENSG00000143994,0.711836210941383,0.714809427971788,0.498434679849361,-0.000159242471951873,missense|LC,2027123885,2,27123885,
FANCD2OS,ENSG00000163705,0.711846768606661,0.50491058515709,0.726688200971012,0.000545388593608228,missense|LC,3010098941,3,10098941,
LY75,ENSG00000054219,0.71188655709496,0.773290036261495,0.50884360684415,0.0000450257218465545,missense|LC,2159798355,2,159798355,
GFOD2,ENSG00000141098,0.711925849457826,0.474215538065197,0.534523231465845,-0.000528876739893088,missense|LC,16067675058,16,67675058,
TFEC,ENSG00000105967,0.712083442845968,0.740130633368175,0.503219990116053,0.000288748312344423,missense|LC,7115940455,7,115940455,
TP53I11,ENSG00000175274,0.712105592866376,0.477918470117106,0.669859113228227,0.00142850503131695,missense|LC,11044929031,11,44929031,
MRGPRX2,ENSG00000183695,0.712112956489192,0.601060471304166,0.539814525847083,-0.000198852486164744,missense|LC,11019055323,11,19055323,
C5orf34,ENSG00000172244,0.712139110090822,0.501356604030088,0.953349211853791,0.000346733219520181,missense|LC,5043486877,5,43486877,
POLA1,ENSG00000101868,0.712251756263476,0.575680736732917,0.525816008900777,0.000163649530048703,missense|LC,23024693900,X,24693900,
SPEF1,ENSG00000101222,0.712286621682115,0.901693096727859,0.525596374275425,0.000108658530504535,missense|LC,20003778164,20,3778164,
KLC2,ENSG00000174996,0.712334968716992,0.494687645040392,0.745635872332884,0.000361088484787552,missense|LC,11066258542,11,66258542,
NHLH1,ENSG00000171786,0.712352283479311,0.475271209671219,0.683196548697615,-0.00139441542973895,missense|LC,1160370643,1,160370643,
FAM207A,ENSG00000160256,0.712455837458195,0.815368988017725,0.490887089980786,-0.000127095353101501,missense|LC,21044939944,21,44939944,
RNF215,ENSG00000099999,0.712505271889111,0.501525673722226,0.608862408729133,0.000326025220749782,missense|LC,22030373821,22,30373821,
ARGFX,ENSG00000186103,0.712559013555152,0.539475578491169,0.669965096586719,0.00031695136052274,missense|LC,3121570675,3,121570675,
STAMBP,ENSG00000124356,0.712566453380039,0.481714339850406,0.56959921472949,-0.000514734327008966,missense|LC,2073830794,2,73830794,
TRIL,ENSG00000255690,0.712661602778336,0.882229778041733,0.489268965089621,0.0000733385215166387,missense|LC,7028955475,7,28955475,
ITM2B,ENSG00000136156,0.712689702678054,0.97121502145777,0.497076949879896,0.0000365938832650485,missense|LC,13048233320,13,48233320,
CRABP2,ENSG00000143320,0.712692671636985,0.541379647536854,0.574756680519605,0.000490761488066395,missense|LC,1156699935,1,156699935,
ERMARD,ENSG00000130023,0.712799353705456,0.793388208793853,0.50844067293005,0.0000840670466466741,missense|LC,6169751199,6,169751199,
SUGT1,ENSG00000165416,0.712816353868464,0.85960619874316,0.560296995841009,0.000116339865123217,missense|LC,13052652839,13,52652839,
PRDM4,ENSG00000110851,0.712818070230883,0.981218340684619,0.483454193937295,-0.0000130735671823018,missense|LC,12107734130,12,107734130,
ZNF839,ENSG00000022976,0.712867882467705,0.502312010576361,0.92714024037629,0.000216802659235225,missense|LC,14102319755,14,102319755,
SERPINC1,ENSG00000117601,0.712936945224767,0.727815790702165,0.509623606633588,-0.000156945704035382,missense|LC,1173903833,1,173903833,
AL035461.3,ENSG00000286235,0.712970032672814,0.969289337083226,0.49802859202822,0.0000125801259550676,missense|LC,20005946300,20,5946300,
MESP2,ENSG00000188095,0.713016505472969,0.703512435491202,0.484701608813264,-0.000279092904562237,missense|LC,15089776233,15,89776233,
IGFBP1,ENSG00000146678,0.713102303421375,0.505989773056607,0.765677996064568,-0.000412185383152453,missense|LC,7045888589,7,45888589,
ABITRAM,ENSG00000119328,0.713181012797145,0.53380609802887,0.844877970559508,0.00040727783149027,missense|LC,9108929694,9,108929694,
RASSF4,ENSG00000107551,0.713214465255782,0.497332910818948,0.707140175699931,0.000332050942071604,missense|LC,10044970152,10,44970152,
ZC3H14,ENSG00000100722,0.713279274417658,0.748765626768197,0.498726330780784,-0.000200789671194335,missense|LC,14088563000,14,88563000,
KLHL25,ENSG00000183655,0.713352446912006,0.477616483001656,0.637190968343103,0.000285530203468431,missense|LC,15085767977,15,85767977,
GTF2H5,ENSG00000272047,0.713372967211472,0.620572126934403,0.521581073096555,-0.00066330087286618,missense|LC,6158170453,6,158170453,
EIF4E1B,ENSG00000175766,0.713472119551201,0.530915979436306,0.656652486332092,0.000265568270329782,missense|LC,5176626382,5,176626382,
NPRL3,ENSG00000103148,0.71349390255074,0.616379703646149,0.504215934235683,0.000191504737773631,missense|LC,16000082980,16,82980,
PRR13,ENSG00000205352,0.713571188284618,0.556159935816679,0.49333400915942,0.000621962227740921,missense|LC,12053442636,12,53442636,
AK1,ENSG00000106992,0.713643608014726,0.490240911128152,0.738432741425607,-0.00071000951702481,missense|LC,9127868003,9,127868003,
ZNF25,ENSG00000175395,0.713710867651921,0.474484939155273,0.685039953525607,-0.000660233537987796,missense|LC,10037952044,10,37952044,
BANP,ENSG00000172530,0.713724663840342,0.991605039560159,0.490427332986367,0.000014517655568488,missense|LC,16087975053,16,87975053,
USP5,ENSG00000111667,0.713740904838499,0.652179384812864,0.478069619375676,-0.000319180422079957,missense|LC,12006849102,12,6849102,
SSR2,ENSG00000163479,0.713758048249822,0.496115555811147,0.842095312931754,-0.00117744187828586,missense|LC,1156009500,1,156009500,
GRHL3,ENSG00000158055,0.713885922806248,0.74050622905286,0.52512907871179,0.000108724033883816,missense|LC,1024319499,1,24319499,
SOD3,ENSG00000109610,0.713908041289771,0.892652926636621,0.502147547045272,0.0000988993066879079,missense|LC,4024799397,4,24799397,
HPS6,ENSG00000166189,0.71391639910092,0.831630664860432,0.511788355272222,0.000069730169346458,missense|LC,10102065381,10,102065381,
CANT1,ENSG00000171302,0.713931634746768,0.515703995631215,0.600675984670907,0.000268719559770687,missense|LC,17078993426,17,78993426,
CRISP3,ENSG00000096006,0.714008475928354,0.9649749098103,0.485582578911631,-0.0000517978497834046,missense|LC,6049728651,6,49728651,
AC010973.3,ENSG00000288608,0.714035259678901,0.509116274956085,0.602966824387439,0.00551482653741156,missense|LC,7151056931,7,151056931,
FKBP10,ENSG00000141756,0.714126109016971,0.694244708401888,0.497750502512777,-0.000161210694979157,missense|LC,17041808005,17,41808005,
AC046185.1,ENSG00000125695,0.714156333654855,0.488539804599733,0.501277746801113,0.00237297993216359,missense|LC,17063698449,17,63698449,
ARHGAP19,ENSG00000213390,0.714249481212429,0.525241125849542,0.641601463234218,0.000251042459666666,missense|LC,10097226033,10,97226033,
CSN3,ENSG00000171209,0.714323523518138,0.914525390677341,0.49941891121425,-0.0000961732189292,missense|LC,4070243128,4,70243128,
UPRT,ENSG00000094841,0.714606015186252,0.56970866732649,0.510913115726501,0.000556154573665427,missense|LC,23075274133,X,75274133,
HES3,ENSG00000173673,0.714632737773546,0.61530357908884,0.485427363862655,-0.000574732854911309,missense|LC,1006244300,1,6244300,
SBK1,ENSG00000188322,0.714699616218494,0.932952932148926,0.555549766317356,0.0000455134399533051,missense|LC,16028292454,16,28292454,
RNF150,ENSG00000170153,0.71470817615892,0.878220744414959,0.502459203600137,0.000117451171420296,missense|LC,4140868247,4,140868247,
PPP3R1,ENSG00000221823,0.714724089261341,0.858065067720044,0.487209823100405,-0.00108333864684554,missense|LC,2068174698,2,68174698,
GPRIN1,ENSG00000169258,0.714816320424626,0.792775403693443,0.488493951427299,0.0000820868616401984,missense|LC,5176591177,5,176591177,
PRKCE,ENSG00000171132,0.714929967485424,0.48411884293054,0.930034199463268,0.0014762835006138,missense|LC,2045652043,2,45652043,
POLL,ENSG00000166169,0.715020063935703,0.599240102733527,0.506809280154237,0.000263373167168587,missense|LC,10101579354,10,101579354,
TRA2B,ENSG00000136527,0.715074995113755,0.897870893851277,0.481465011741571,0.000292977162891435,missense|LC,3185917627,3,185917627,
DCAF13,ENSG00000164934,0.715128847395529,0.512360464586421,0.754252444557391,-0.000229339429773889,missense|LC,8103414658,8,103414658,
FBXO8,ENSG00000164117,0.715271041066145,0.789327560891433,0.581214502435102,-0.000184673203464176,missense|LC,4174237347,4,174237347,
SLAMF9,ENSG00000162723,0.715384597324226,0.621670441664487,0.48527920802639,0.000496818071654322,missense|LC,1159951583,1,159951583,
GDF3,ENSG00000184344,0.715390673291155,0.55383555829609,0.647665452457951,0.000385820869617775,missense|LC,12007689857,12,7689857,
RIBC2,ENSG00000128408,0.715458126526102,0.874175415109644,0.514727258051182,-0.0000666393639055231,missense|LC,22045408696,22,45408696,
TASOR,ENSG00000163946,0.715490118630698,0.50256801411917,0.957393034552375,0.000229236358445925,missense|LC,3056618130,3,56618130,
BTAF1,ENSG00000095564,0.715568467845969,0.492492478956807,0.584233109632187,0.000340354688221108,missense|LC,10091923949,10,91923949,
DOP1B,ENSG00000142197,0.715582519537078,0.60976169412914,0.461306912064379,0.000104521407929733,missense|LC,21036164648,21,36164648,
LONRF1,ENSG00000154359,0.715655406631593,0.494288397076852,0.635832599904535,0.000377785318372462,missense|LC,8012723017,8,12723017,
CDC14C,ENSG00000218305,0.715706716289391,0.533095478274964,0.991843021287846,-0.000297357740279401,missense|LC,7048924860,7,48924860,
AL512428.1,ENSG00000282804,0.715724124042237,0.94868393835054,0.552051192077314,0.000105677090294784,missense|LC,6024797336,6,24797336,
SYNPO2L,ENSG00000166317,0.715730039079639,0.51873401184917,0.631419373569271,0.000616410805325387,missense|LC,10073639888,10,73639888,
STK35,ENSG00000125834,0.715777157643297,0.564890029357984,0.62844837629649,-0.000269808767957664,missense|LC,20002101750,20,2101750,
WDR41,ENSG00000164253,0.715821657221093,0.747863947208572,0.514970998121199,-0.000106746144380811,missense|LC,5077425933,5,77425933,
TAT,ENSG00000198650,0.715839361358194,0.616897843283248,0.486368328874558,0.000417822894269058,missense|LC,16071568046,16,71568046,
FAM122A,ENSG00000187866,0.715945284589584,0.741710272213814,0.478485584865819,0.000429845461728374,missense|LC,9068780028,9,68780028,
DNAAF2,ENSG00000165506,0.716103625433266,0.488992352336895,0.907771400983964,0.00027047316446558,missense|LC,14049621139,14,49621139,
TECRL,ENSG00000205678,0.7161721236085,0.521972118034291,0.528385005816019,-0.000416503742143703,missense|LC,4064276986,4,64276986,
AICDA,ENSG00000111732,0.716208450682339,0.486242739945907,0.502024296385016,0.00106856267038637,missense|LC,12008604221,12,8604221,
UFSP2,ENSG00000109775,0.716242942554944,0.482699616856896,0.657029580416003,-0.000668721657521134,missense|LC,4185394683,4,185394683,
VN1R4,ENSG00000228567,0.716397596172651,0.530871767733272,0.878285652463714,-0.000300732964806377,missense|LC,19053266677,19,53266677,
SRGAP1,ENSG00000196935,0.716416711838926,0.495669027467469,0.737156922281195,-0.00181505078843918,missense|LC,12063844743,12,63844743,
FOXD4L4,ENSG00000184659,0.716462688326938,0.948300927970022,0.517728952919047,-0.0000278247493263209,missense|LC,9065731556,9,65731556,
SHQ1,ENSG00000144736,0.716596363779712,0.505873151788036,0.658590906112237,-0.000338604926891285,missense|LC,3072750236,3,72750236,
HBD,ENSG00000223609,0.716642194409914,0.900141461566154,0.558794785759841,0.0000892211780386714,missense|LC,11005232602,11,5232602,
FBXO16,ENSG00000214050,0.716657467609129,0.548036789757618,0.561528272948202,-0.000312575358749749,missense|LC,8028428474,8,28428474,
TMEM151B,ENSG00000178233,0.716669715262417,0.910978759755182,0.523771018520937,0.0000634252660832228,missense|LC,6044265451,6,44265451,
IDH1,ENSG00000138413,0.716690439048601,0.826672940953791,0.5103208328353,0.000174960473062832,missense|LC,2208237073,2,208237073,
PPAN,ENSG00000130810,0.716691002019964,0.498580064344406,0.547187355544799,-0.000237010902175282,missense|LC,19010102479,19,10102479,
HNRNPAB,ENSG00000197451,0.716699292746154,0.904316762193285,0.499781006993412,-0.0000744536606887153,missense|LC,5178204768,5,178204768,
TRPM6,ENSG00000119121,0.716727403705563,0.777442258487034,0.500786041906447,0.0000752541052939834,missense|LC,9074724504,9,74724504,
KRTAP27-1,ENSG00000206107,0.716875053269805,0.540270729793665,0.785748141852577,-0.000416292713569312,missense|LC,21030336966,21,30336966,
RHAG,ENSG00000112077,0.716886146010272,0.939944606954022,0.506826866004405,0.0000609409091910347,missense|LC,6049605755,6,49605755,
ZMYND19,ENSG00000165724,0.716903111317835,0.596858453859799,0.779979187085569,0.000361612670332875,missense|LC,9137577391,9,137577391,
BLOC1S1,ENSG00000135441,0.716931879233741,0.552993206082865,0.532204589679489,0.000380013256191843,missense|LC,12055712007,12,55712007,
TANK,ENSG00000136560,0.717007993297656,0.529456726491381,0.983479697972669,0.000271139324598063,missense|LC,2161136859,2,161136859,
BEND2,ENSG00000177324,0.717086448502897,0.868855247602469,0.538124983112122,0.0000635344227589119,missense|LC,23018164941,X,18164941,
PNPLA8,ENSG00000135241,0.717291950373917,0.529899728032714,0.783036428886273,-0.000244018008357821,missense|LC,7108472361,7,108472361,
RIPK4,ENSG00000183421,0.717301286932506,0.760390082093941,0.481732816821001,-0.000154103528716536,missense|LC,21041740748,21,41740748,
ACAD9,ENSG00000177646,0.717307663858853,0.48768788292155,0.529624277606684,0.000333685477482296,missense|LC,3128879583,3,128879583,
CUTC,ENSG00000119929,0.717353926945091,0.480576767479316,0.487053099214425,-0.000897542168655688,missense|LC,10099727235,10,99727235,
FAM83A,ENSG00000147689,0.717355957507074,0.709439157533072,0.513638858075633,0.000156238396290212,missense|LC,8123182725,8,123182725,
IFT27,ENSG00000100360,0.717407335856449,0.818362697974758,0.554213334000923,0.000146890967984596,missense|LC,22036758273,22,36758273,
ZFR2,ENSG00000105278,0.717444350192372,0.738068960687413,0.48916626710168,-0.0000874654625820404,missense|LC,19003805837,19,3805837,
PXDC1,ENSG00000168994,0.717523189049047,0.720447648311181,0.480513701275812,0.000490477580558512,missense|LC,6003723584,6,3723584,
DUPD1,ENSG00000188716,0.717656767483124,0.917224637085274,0.53810886091098,0.0000528839231614748,missense|LC,10075037846,10,75037846,
GYS1,ENSG00000104812,0.717961223452583,0.915456052688488,0.496262181878142,0.0000528331761888631,missense|LC,19048965473,19,48965473,
DIPK2B,ENSG00000147113,0.717978086493742,0.535751035481245,0.488442179300343,0.000377620045978499,missense|LC,23045151614,X,45151614,
NUP35,ENSG00000163002,0.718000262596097,0.9259329250743,0.508253262255986,-0.0000761623636873171,missense|LC,2183123718,2,183123718,
GATA3,ENSG00000107485,0.718044028578523,0.486491760202919,0.795222111512992,-0.00061421801098331,missense|LC,10008055556,10,8055556,
RNASEH2C,ENSG00000172922,0.718106992652906,0.61724926137164,0.515176595505316,0.000423496605275666,missense|LC,11065712673,11,65712673,
GPR162,ENSG00000250510,0.718161704020172,0.605302551829927,0.481139580061058,-0.000230242899207088,missense|LC,12006817071,12,6817071,
SIT1,ENSG00000137078,0.718192799541188,0.779933467828654,0.553430285997697,0.00012793603931739,missense|LC,9035649802,9,35649802,
PKN3,ENSG00000160447,0.718200302024175,0.678210664293806,0.484771394349761,0.000136909821823558,missense|LC,9128702873,9,128702873,
RARG,ENSG00000172819,0.718315736053699,0.515096509086401,0.958226539119652,-0.00053040302973956,missense|LC,12053211591,12,53211591,
EML6,ENSG00000214595,0.718332031383209,0.484957131583859,0.581387393770092,-0.000183460569473172,missense|LC,2054724973,2,54724973,
ARHGAP30,ENSG00000186517,0.718361331623974,0.731687877816944,0.49165408351247,-0.000107398866409804,missense|LC,1161042008,1,161042008,
SLC25A6,ENSG00000169100,0.718377437862242,0.50579864445464,0.542050719404863,0.000513913725449668,missense|LC,23001381155,X,1381155,
MSMB,ENSG00000263639,0.718377917779604,0.503152710941704,0.854880289912358,-0.00117117318537114,missense|LC,10046033314,10,46033314,
PRDX3,ENSG00000165672,0.718391684404485,0.563862573141294,0.731487667741397,0.000283571878605864,missense|LC,10119164114,10,119164114,
PTTG1,ENSG00000164611,0.718502273313745,0.754347663625589,0.4823990954349,-0.000541823446336218,missense|LC,5160422258,5,160422258,
KRTAP6-3,ENSG00000212938,0.718534082697181,0.550386337389938,0.731083281538226,-0.000266685865339588,missense|LC,21030590164,21,30590164,
THADA,ENSG00000115970,0.718552744775051,0.617765885236792,0.492007946594121,0.000108603848149602,missense|LC,2043226139,2,43226139,
APMAP,ENSG00000101474,0.718558523818225,0.495076581569731,0.56481814016521,0.000370013570158747,missense|LC,20024958886,20,24958886,
AL583836.1,ENSG00000276490,0.718570209417281,0.520343413274966,0.862978364083607,0.000353023628480882,missense|LC,10094683766,10,94683766,
ICAM3,ENSG00000076662,0.718580751777287,0.759838555896815,0.497286835186505,0.000154739375973805,missense|LC,19010328785,19,10328785,
AC022335.1,ENSG00000257062,0.7186542490672,0.981942728779573,0.574664221663329,-0.0000109056444801302,missense|LC,12021052041,12,21052041,
TRAPPC4,ENSG00000196655,0.718677367115539,0.655991331596393,0.511259038642132,0.000483564598941994,missense|LC,11119014961,11,119014961,
TNFRSF8,ENSG00000120949,0.718776063885455,0.574684020773351,0.496847983603959,0.000294015681843024,missense|LC,1012063501,1,12063501,
C2orf74,ENSG00000237651,0.71880847735365,0.960782143020067,0.49211885577883,0.0000804382239075183,missense|LC,2061162473,2,61162473,
NAT2,ENSG00000156006,0.718890078779195,0.493138356873367,0.947958660443907,-0.000469072468343042,missense|LC,8018399905,8,18399905,
RBM11,ENSG00000185272,0.718934374154458,0.546122716148659,0.959757082799468,0.000246462645266461,missense|LC,21014216118,21,14216118,
IPCEF1,ENSG00000074706,0.718963782311507,0.507911186583402,0.904121779057812,0.00042891323770901,missense|LC,6154159785,6,154159785,
ITGA2,ENSG00000164171,0.719074950231981,0.570772904684409,0.504079626859914,0.002087843872676,missense|LC,5052989391,5,52989391,
TXK,ENSG00000074966,0.719308592235044,0.960586586769188,0.531872106544492,-0.000022287660275817,missense|LC,4048067567,4,48067567,
NCAPH,ENSG00000121152,0.719416770312436,0.670610710891409,0.497292756445676,0.000219122742507812,missense|LC,2096335712,2,96335712,
CHST11,ENSG00000171310,0.719743859155532,0.964713322168532,0.542906069510433,-0.0000232580656234693,missense|LC,12104457363,12,104457363,
GNPDA1,ENSG00000113552,0.719745769182632,0.512110494309975,0.48786672684315,0.000884891328357003,missense|LC,5142002034,5,142002034,
CEP78,ENSG00000148019,0.719768943112707,0.514620006762741,0.714517219601916,-0.000264975923450734,missense|LC,9078236274,9,78236274,
ITGAL,ENSG00000005844,0.719826355761547,0.693913341557469,0.475949643228696,0.000226707126985609,missense|LC,16030472772,16,30472772,
PCID2,ENSG00000126226,0.719920625332986,0.545518365865244,0.754054323525083,-0.000518139429671072,missense|LC,13113178167,13,113178167,
ECH1,ENSG00000104823,0.719968157851629,0.828489362229685,0.484775915225283,-0.000202266771907034,missense|LC,19038812367,19,38812367,
NAPB,ENSG00000125814,0.719986868944342,0.518412117441644,0.517674016872856,0.00047971604332031,missense|LC,20023369522,20,23369522,
DDX4,ENSG00000152670,0.720102138812106,0.699854191018441,0.512981878959267,-0.000230027134415377,missense|LC,5055738941,5,55738941,
PEPD,ENSG00000124299,0.720137106439121,0.492360669219812,0.69824006102116,0.000243482065543592,missense|LC,19033387248,19,33387248,
GCKR,ENSG00000084734,0.720235061060891,0.924992954427392,0.519404292595539,0.0000318595701667575,missense|LC,2027492349,2,27492349,
CEP57,ENSG00000166037,0.720237987670654,0.533382735610744,0.667984154479578,0.000285403026565705,missense|LC,11095786007,11,95786007,
INF2,ENSG00000203485,0.7204165786689,0.659489607816711,0.486838962908683,-0.000141791499617973,missense|LC,14104689124,14,104689124,
IQSEC3,ENSG00000120645,0.720551376573465,0.959320209559004,0.498637522214345,0.0000142058645900581,missense|LC,12000066786,12,66786,
CPA4,ENSG00000128510,0.72056032845346,0.784607676409444,0.487820071912692,-0.000201988670246275,missense|LC,7130289491,7,130289491,
TPBGL,ENSG00000261594,0.720578487375819,0.498421251733767,0.615006100475599,-0.00031999295132698,missense|LC,11075240967,11,75240967,
ACVR1B,ENSG00000135503,0.720619701608758,0.486654358222988,0.59666621150489,0.000855083787725378,missense|LC,12051951674,12,51951674,
GPR157,ENSG00000180758,0.720650789767437,0.85590467845784,0.498652281589401,0.000118471926747329,missense|LC,1009104372,1,9104372,
MITF,ENSG00000187098,0.720673827504,0.891262035637182,0.531904858266365,0.0000721990349324913,missense|LC,3069739528,3,69739528,
TCN2,ENSG00000185339,0.720728721514433,0.515627252757965,0.793377276420044,-0.000351125278745744,missense|LC,22030605386,22,30605386,
PCDHGB2,ENSG00000253910,0.720755349232796,0.972983518585353,0.50275735717535,0.000012493081834225,missense|LC,5141355140,5,141355140,
NAP1L2,ENSG00000186462,0.720760854518077,0.548775010562873,0.706022570412522,0.000466789180932273,missense|LC,23073213061,X,73213061,
SCIMP,ENSG00000161929,0.720789292839269,0.91087463937853,0.484539563919338,-0.000220619367828113,missense|LC,17005210682,17,5210682,
COX11,ENSG00000166260,0.720793276244376,0.972206501931968,0.491130394826569,-0.0000481846033796234,missense|LC,17054960512,17,54960512,
C8A,ENSG00000157131,0.720826676328422,0.686415638943657,0.50924099120094,-0.000151475432577791,missense|LC,1056854841,1,56854841,
LGALS3BP,ENSG00000108679,0.72085195691988,0.639076482688737,0.49713844007518,-0.00026118391827415,missense|LC,17078971504,17,78971504,
DPYSL4,ENSG00000151640,0.72086026004574,0.913427623334199,0.493037423575483,0.0000531626721708444,missense|LC,10132187035,10,132187035,
SMC1B,ENSG00000077935,0.720911676563703,0.521187381440294,0.796069019910677,-0.00024647950522985,missense|LC,22045340287,22,45340287,
PTF1A,ENSG00000168267,0.720979188704686,0.506541535331479,0.927475995536647,-0.000490049446439898,missense|LC,10023192400,10,23192400,
INO80D,ENSG00000114933,0.721093455946821,0.523492356784352,0.706258420405066,-0.000194834609838191,missense|LC,2206004306,2,206004306,
ABHD3,ENSG00000158201,0.72115925871916,0.762077157076191,0.508764341079591,-0.000224386968219287,missense|LC,18021651487,18,21651487,
ZDHHC22,ENSG00000177108,0.721182669286059,0.718836131069868,0.491092891653224,0.000488651901554784,missense|LC,14077133560,14,77133560,
BEST1,ENSG00000167995,0.721253545885981,0.479824313710152,0.585983514516757,-0.000357768255162399,missense|LC,11061945679,11,61945679,
SH3KBP1,ENSG00000147010,0.721331392988446,0.527583423119618,0.733088909341201,0.000180461629530088,missense|LC,23019536404,X,19536404,
CERT1,ENSG00000113163,0.721388617051572,0.492530001911852,0.483629581441326,-0.000492327382075096,missense|LC,5075379297,5,75379297,
SH3BGRL,ENSG00000131171,0.721526744071624,0.991156650714579,0.560428851420874,0.0000072301836238047,missense|LC,23081202154,X,81202154,
MAPK4,ENSG00000141639,0.721552561965922,0.946642011540305,0.530592176703855,-0.0000295479215194142,missense|LC,18050663888,18,50663888,
LONRF2,ENSG00000170500,0.721666915681435,0.764171627241415,0.541857455415284,0.000115858773068173,missense|LC,2100284218,2,100284218,
EDC3,ENSG00000179151,0.721818686540285,0.524929178793301,0.609575636178777,0.000312144312904553,missense|LC,15074625721,15,74625721,
GUCA1A,ENSG00000048545,0.721835233298634,0.519978094071812,0.754347478288021,-0.000453008094396343,missense|LC,6042173565,6,42173565,
PAPOLA,ENSG00000090060,0.721864718171981,0.973244850341088,0.483326860014214,-0.0000432114977789789,missense|LC,14096502530,14,96502530,
ITCH,ENSG00000078747,0.721930607197114,0.652933500961808,0.480552162481018,-0.000407258885685797,missense|LC,20034393796,20,34393796,
ADH7,ENSG00000196344,0.721971930503368,0.778916277034153,0.510834943240764,-0.000149557685981357,missense|LC,4099413080,4,99413080,
GLYCTK,ENSG00000168237,0.721972429468376,0.487497536231882,0.530732790484821,-0.000408644617721293,missense|LC,3052290231,3,52290231,
CTDSP2,ENSG00000175215,0.72206946642161,0.735537451116906,0.488284689653831,-0.000427585630906821,missense|LC,12057815492,12,57815492,
PLAAT1,ENSG00000127252,0.72208472492085,0.826005669503625,0.485511338004232,0.000188824339229811,missense|LC,3193241135,3,193241135,
AC007998.2,ENSG00000267140,0.722230331261928,0.622938620091492,0.658100943686512,0.000297563083344648,missense|LC,18035468290,18,35468290,
SSX3,ENSG00000165584,0.722280679344894,0.544180508182083,0.746275195200977,-0.00025683173319252,missense|LC,23048346912,X,48346912,
NSFL1C,ENSG00000088833,0.722286378370337,0.751573956039693,0.543129014814508,0.000156635718158572,missense|LC,20001443660,20,1443660,
DNAJC9,ENSG00000213551,0.722295708163629,0.674231493905146,0.49760340244587,0.000439293984544944,missense|LC,10073239249,10,73239249,
GHDC,ENSG00000167925,0.722296524050058,0.630482336695511,0.488439775120738,0.00027750839684392,missense|LC,17042184088,17,42184088,
TSC1,ENSG00000165699,0.722339110332612,0.557484546814997,0.50507089982621,-0.000220632621042456,missense|LC,9132887300,9,132887300,
OR14C36,ENSG00000177174,0.722398930054698,0.547686566802362,0.701011133970196,0.000282020970272698,missense|LC,1248348753,1,248348753,
HLA-DOA,ENSG00000204252,0.722416027978069,0.859253616504921,0.518822011398615,-0.00013593368491006,missense|LC,6033006711,6,33006711,
CA1,ENSG00000133742,0.722546866126329,0.744574308064382,0.568100082516141,0.000169107027923287,missense|LC,8085328546,8,85328546,
ALDH1A3,ENSG00000184254,0.722604929517622,0.664194214822496,0.485176486712395,-0.000391591582412816,missense|LC,15100879834,15,100879834,
RAD9A,ENSG00000172613,0.722641788687239,0.830493960820169,0.500855497206915,-0.000142025850803228,missense|LC,11067391927,11,67391927,
TMEM141,ENSG00000244187,0.722709735593981,0.848924875041034,0.544252417914798,-0.000227247015364078,missense|LC,9136791270,9,136791270,
SNX5,ENSG00000089006,0.722821779761633,0.513178637755995,0.764699285405511,-0.000406459350226642,missense|LC,20017942325,20,17942325,
C10orf88,ENSG00000119965,0.722896057448299,0.499119681963625,0.633989272515939,-0.000525857087039517,missense|LC,10122932367,10,122932367,
EGFR,ENSG00000146648,0.722926518773834,0.512022383098997,0.485352525085764,0.000354834691915181,missense|LC,7055019204,7,55019204,
AIM2,ENSG00000163568,0.722989253674622,0.697197292026604,0.569743145877028,0.000215950032474664,missense|LC,1159062629,1,159062629,
CEP162,ENSG00000135315,0.723094107571697,0.814047281386948,0.520248612703931,0.000073058315698914,missense|LC,6084125028,6,84125028,
EIF4A3,ENSG00000141543,0.723140914299829,0.818916673497827,0.509461043055728,0.000336658931383782,missense|LC,17080135381,17,80135381,
CLRN2,ENSG00000249581,0.723173859234186,0.5061234545133,0.796222856997051,-0.000504539411574767,missense|LC,4017511856,4,17511856,
SFTA2,ENSG00000196260,0.723175576100476,0.512847135916794,0.550309184163873,-0.00139605168764379,missense|LC,6030931415,6,30931415,
PHLDB1,ENSG00000019144,0.72340093355805,0.517765403805155,0.54641669227356,-0.000142370962714727,missense|LC,11118610380,11,118610380,
ZNF571,ENSG00000180479,0.723466354542451,0.873102508499343,0.516192063209246,0.0000587070429493556,missense|LC,19037564505,19,37564505,
OR11H1,ENSG00000130538,0.723530197036877,0.50129141274322,0.93273928121829,-0.000363017962483999,missense|LC,22015528127,22,15528127,
SLC46A2,ENSG00000119457,0.723597784905299,0.572698720005802,0.54351538538377,0.000180179074063333,missense|LC,9112879695,9,112879695,
LRRC66,ENSG00000188993,0.723608008612381,0.828352323989222,0.514403571988867,0.0000872170038874817,missense|LC,4051994304,4,51994304,
AC093827.5,ENSG00000285458,0.723630564338654,0.50001781311325,0.688050528608215,-0.000896432576271929,missense|LC,4086887657,4,86887657,
SPP1,ENSG00000118785,0.723676540537981,0.992338774053204,0.511031034960648,-0.00000507054235376385,missense|LC,4087976841,4,87976841,
NOS1AP,ENSG00000198929,0.72372659404611,0.620935799212949,0.543387170332919,-0.00028771194118809,missense|LC,1162070130,1,162070130,
ORMDL1,ENSG00000128699,0.723771029683795,0.513914436958195,0.761500946979198,-0.00100938393932375,missense|LC,2189771703,2,189771703,
FKBP9,ENSG00000122642,0.723970215014569,0.851670867220123,0.558919745104138,-0.0000866265893490221,missense|LC,7032957501,7,32957501,
PPP1R1A,ENSG00000135447,0.724054669329702,0.545577909581115,0.943503106933861,0.000501212759230692,missense|LC,12054575031,12,54575031,
OR6T1,ENSG00000181499,0.72414216385626,0.538321393702005,0.778320856869553,0.000170178692399113,missense|LC,11123939589,11,123939589,
OSM,ENSG00000099985,0.724212644322621,0.836367958314832,0.498772786728668,-0.000162362004403691,missense|LC,22030263819,22,30263819,
SAA1,ENSG00000173432,0.724279509773955,0.763731496399346,0.510875230196213,-0.000271508419068097,missense|LC,11018261936,11,18261936,
GTPBP2,ENSG00000172432,0.724349245874868,0.485244089202679,0.886961094454274,0.000866086766197941,missense|LC,6043621353,6,43621353,
SERPINB8,ENSG00000166401,0.724417745872678,0.987030230282892,0.513996673940597,0.00000982206219112613,missense|LC,18063978214,18,63978214,
GORAB,ENSG00000120370,0.724455203822704,0.848277717478694,0.492955153752529,-0.000157829083690115,missense|LC,1170532037,1,170532037,
STAU2,ENSG00000040341,0.724474732827866,0.553642139954738,0.712019872362624,-0.000305449410163439,missense|LC,8073421309,8,73421309,
AP3D1,ENSG00000065000,0.724510601838527,0.492779403384601,0.645681836165415,-0.000281998220116577,missense|LC,19002096803,19,2096803,
GLI2,ENSG00000074047,0.724572327925653,0.629773714573384,0.495987172898569,-0.000147364637661977,missense|LC,2120797326,2,120797326,
RTF2,ENSG00000022277,0.724619935758272,0.489540347100936,0.863451421041843,0.000730658141230822,missense|LC,20056468621,20,56468621,
CEP85L,ENSG00000111860,0.72477389905028,0.704845417524859,0.527673799163573,0.000199756541921657,missense|LC,6118465323,6,118465323,
RGS16,ENSG00000143333,0.724833684835988,0.827735550310154,0.538654298557655,0.000155140854256674,missense|LC,1182600236,1,182600236,
NOBOX,ENSG00000106410,0.72491455212534,0.512929487799868,0.816836397244113,-0.000278626365932016,missense|LC,7144397159,7,144397159,
RWDD4,ENSG00000182552,0.724926594120121,0.83739905157462,0.59192681060608,-0.000121999025346651,missense|LC,4183641389,4,183641389,
NIPSNAP3A,ENSG00000136783,0.724945436841023,0.61372583088627,0.496728752669136,0.000726546133122409,missense|LC,9104747709,9,104747709,
ACKR1,ENSG00000213088,0.725036147361922,0.615867592387415,0.511854966877707,-0.000371676825614441,missense|LC,1159199875,1,159199875,
PDK4,ENSG00000004799,0.725162652915065,0.562766196027751,0.973718495925276,-0.000369782003915656,missense|LC,7095585569,7,95585569,
ZNF511,ENSG00000198546,0.725291519159455,0.505046280631838,0.548556171117839,-0.000534604096346362,missense|LC,10133308841,10,133308841,
NTM,ENSG00000182667,0.725337017878195,0.673641759493786,0.548234198050134,0.0010054451136184,missense|LC,11131911454,11,131911454,
WFDC9,ENSG00000180205,0.725363078865362,0.61437381612326,0.720871403595518,0.000321065617460245,missense|LC,20045608022,20,45608022,
TMEM61,ENSG00000143001,0.725603739791061,0.905229625166066,0.556228510714254,0.0000554524198424547,missense|LC,1054980955,1,54980955,
IFT74,ENSG00000096872,0.725640190251416,0.571698758925055,0.707804194470075,0.000459720917347425,missense|LC,9026946792,9,26946792,
PYHIN1,ENSG00000163564,0.725691839645512,0.507946780324208,0.768880122072988,0.000317955098064954,missense|LC,1158936844,1,158936844,
PHOSPHO1,ENSG00000173868,0.725804997340973,0.583403774948009,0.652728399032286,-0.00026155045265117,missense|LC,17049219470,17,49219470,
DDX6,ENSG00000110367,0.725819991296884,0.593045800384552,0.564891396164446,0.000658275164568782,missense|LC,11118754631,11,118754631,
PSMB1,ENSG00000008018,0.725890779224062,0.923236996847648,0.493129772172769,0.000126105779223094,missense|LC,6170535140,6,170535140,
LYRM1,ENSG00000102897,0.726112469372558,0.5508280499349,0.741269741253809,-0.000348027534638298,missense|LC,16020915499,16,20915499,
ASGR1,ENSG00000141505,0.726143175962821,0.577373886776622,0.48822496380395,0.000403197045650143,missense|LC,17007173541,17,7173541,
DHRS3,ENSG00000162496,0.726144233017096,0.757704690156545,0.526834391714634,-0.000177002528234502,missense|LC,1012568280,1,12568280,
CACNB2,ENSG00000165995,0.726288220410766,0.792418305298157,0.502007197479813,-0.0000998322415462676,missense|LC,10018140671,10,18140671,
RCOR2,ENSG00000167771,0.726321481594657,0.881477521584255,0.530118033771691,0.0000954329898241038,missense|LC,11063906230,11,63906230,
CLEC12A,ENSG00000172322,0.72669685832382,0.506046901187932,0.925926138709936,-0.000618688231694963,missense|LC,12009971331,12,9971331,
OR7E24,ENSG00000237521,0.72670015934373,0.570194784462838,0.529102532337365,0.000378938515991974,missense|LC,19009250988,19,9250988,
ASF1B,ENSG00000105011,0.726834555742691,0.578191590719138,0.49674081331818,-0.00080257128233375,missense|LC,19014115005,19,14115005,
TEKT1,ENSG00000167858,0.726919450955217,0.76656233421179,0.53029466998161,-0.000115769341067323,missense|LC,17006799941,17,6799941,
SCARA5,ENSG00000168079,0.726938938370859,0.50025050923492,0.538015755425223,-0.000382961106583259,missense|LC,8027871359,8,27871359,
MAP1LC3C,ENSG00000197769,0.72705980298393,0.621939306547938,0.958620069045154,-0.000259343649651993,missense|LC,1241993572,1,241993572,
FBLIM1,ENSG00000162458,0.727060617766786,0.780280757030105,0.50264695086233,-0.000153751513874797,missense|LC,1015764861,1,15764861,
CYP8B1,ENSG00000180432,0.727090795501967,0.557063521143478,0.962161144566489,-0.000248630248587033,missense|LC,3042874239,3,42874239,
OR6S1,ENSG00000181803,0.727173816176706,0.747197875074557,0.551489701843678,-0.000140797272307766,missense|LC,14020640683,14,20640683,
CCT7,ENSG00000135624,0.727219534838201,0.493617593540493,0.494356380652794,0.000536466395679493,missense|LC,2073229432,2,73229432,
HTRA1,ENSG00000166033,0.727242189640583,0.526566523897026,0.891624876373638,0.000328333890409009,missense|LC,10122456775,10,122456775,
POLR2M,ENSG00000255529,0.727278982086196,0.61213697741583,0.523507474897268,0.000272726296210082,missense|LC,15057706738,15,57706738,
PRR5L,ENSG00000135362,0.727352051558914,0.515136448688181,0.520798583447405,0.000394020779273926,missense|LC,11036376079,11,36376079,
SLC27A2,ENSG00000140284,0.727414743717493,0.948000896522676,0.484955874580957,0.0000455778488626407,missense|LC,15050182264,15,50182264,
G2E3,ENSG00000092140,0.727525954639178,0.521325393866903,0.669939253988834,0.000353063199781048,missense|LC,14030581080,14,30581080,
NDUFS2,ENSG00000158864,0.727557217121855,0.649902870262746,0.551788524366484,0.000217012127185601,missense|LC,1161195373,1,161195373,
BLMH,ENSG00000108578,0.727703587748568,0.573305705261385,0.598493163950422,0.000343625546714136,missense|LC,17030248913,17,30248913,
IL5RA,ENSG00000091181,0.72772381068546,0.540470874124819,0.598296180906343,-0.000330122874584624,missense|LC,3003070216,3,3070216,
ASB7,ENSG00000183475,0.727754512317824,0.562032065820495,0.50417176026548,-0.0011229397237713,missense|LC,15100612156,15,100612156,
ACTBL2,ENSG00000169067,0.727795548805936,0.52499191863706,0.762578374406315,-0.000200490946459231,missense|LC,5057481466,5,57481466,
CYCS,ENSG00000172115,0.72790560858144,0.734198821000244,0.531881492078583,0.000686109187426143,missense|LC,7025123654,7,25123654,
ST6GAL2,ENSG00000144057,0.727966961400079,0.794582072977904,0.546587492133764,0.000103283832234368,missense|LC,2106806582,2,106806582,
ARSK,ENSG00000164291,0.727986373101564,0.507396209726599,0.534048129313967,-0.000330457398587525,missense|LC,5095555190,5,95555190,
DNAJC11,ENSG00000007923,0.728044278862045,0.4941224502818,0.579993543034665,-0.000538415144422581,missense|LC,1006630223,1,6630223,
AL035699.1,ENSG00000288529,0.728128330888003,,,,missense|LC,6133980024,6,133980024,
CX3CL1,ENSG00000006210,0.728140627445656,0.960673649312424,0.540182486885934,-0.0000199256031730085,missense|LC,16057372504,16,57372504,
GATA4,ENSG00000136574,0.728231270222513,0.612685660579514,0.531154522314519,0.000258814706297342,missense|LC,8011708225,8,11708225,
ATAD5,ENSG00000176208,0.728272326289365,0.504416155279172,0.72801875577891,0.000192574256568781,missense|LC,17030832260,17,30832260,
ABHD12,ENSG00000100997,0.728420813346401,0.487061076129495,0.911765802667848,0.000558752380771141,missense|LC,20025290366,20,25290366,
FSCN3,ENSG00000106328,0.728793146701766,0.685653109729224,0.485215815562004,0.000152007683333196,missense|LC,7127588993,7,127588993,
KRTAP19-5,ENSG00000186977,0.728800964510587,0.515966554823612,0.685008609745847,0.000932592747177554,missense|LC,21030496762,21,30496762,
ZNF350,ENSG00000256683,0.728804395151634,0.653965311162049,0.518922918653246,0.000172373449387496,missense|LC,19051964754,19,51964754,
ARMC12,ENSG00000157343,0.728887527329337,0.514986133700302,0.765829935435638,-0.000324602739938874,missense|LC,6035737082,6,35737082,
UTP25,ENSG00000117597,0.729066015423787,0.672597636424667,0.497053968088903,0.000241951809823604,missense|LC,1209828015,1,209828015,
ZNF12,ENSG00000164631,0.729151571392124,0.656861775789381,0.523730757737621,-0.000183488904720318,missense|LC,7006690756,7,6690756,
CALM3,ENSG00000160014,0.729186725469908,0.499880069942141,0.803990020486488,0.00398570482542714,missense|LC,19046600810,19,46600810,
DEFB106B,ENSG00000187082,0.729192010905215,0.835124568257173,0.566268248452285,-0.000397855339290334,missense|LC,8007482624,8,7482624,
RGN,ENSG00000130988,0.729225704439923,0.884204438916953,0.52322331334243,0.0000808310586204096,missense|LC,23047081109,X,47081109,
FGB,ENSG00000171564,0.729321988971295,0.6345785467539,0.544158027536702,0.000225252537837021,missense|LC,4154563012,4,154563012,
VARS1,ENSG00000204394,0.729344988879325,0.568172974934895,0.50683729096487,-0.0001817420439635,missense|LC,6031772846,6,31772846,
ARL5C,ENSG00000141748,0.729409026719075,0.909580106013091,0.545781495771319,-0.0000951145430055791,missense|LC,17039152458,17,39152458,
SLC45A4,ENSG00000022567,0.729450136874584,0.514737482265904,0.813273405592323,-0.000197946320411899,missense|LC,8141211331,8,141211331,
VPS25,ENSG00000131475,0.729575955738833,0.501445345601554,0.755747357650636,0.00142997025174898,missense|LC,17042773381,17,42773381,
ATG13,ENSG00000175224,0.729580324341361,0.578155326361214,0.538148246010334,-0.000234508154421496,missense|LC,11046615512,11,46615512,
PP2D1,ENSG00000183977,0.729643812481036,0.800193935063921,0.508214550337107,-0.000158612346903099,missense|LC,3019983676,3,19983676,
MT4,ENSG00000102891,0.729651664712401,0.519472880069331,0.632698002593517,-0.000993004751585306,missense|LC,16056565034,16,56565034,
RAB12,ENSG00000206418,0.729675154628454,0.528935825701861,0.783687736866832,0.000705089488990194,missense|LC,18008609657,18,8609657,
WFDC6,ENSG00000243543,0.729689308457094,0.980542563374751,0.540861969277302,0.000032388586872893,missense|LC,20045534375,20,45534375,
ASTN2,ENSG00000148219,0.729782878302947,0.573509872754662,0.502771794877619,-0.000238389782517782,missense|LC,9116425494,9,116425494,
PAFAH1B3,ENSG00000079462,0.729792377162826,0.620857405917695,0.506240981709369,0.000578988829510497,missense|LC,19042292035,19,42292035,
LBX2,ENSG00000179528,0.729811856996858,0.587248454313058,0.51944508814153,0.000379292898020712,missense|LC,2074492518,2,74492518,
MRPL54,ENSG00000183617,0.729861845361753,0.632659945332348,0.596147702768052,-0.000291176640558238,missense|LC,19003759482,19,3759482,
PHGDH,ENSG00000092621,0.729944349469813,0.567423204215687,0.498289433491879,-0.000302214020476571,missense|LC,1119711943,1,119711943,
MRPL15,ENSG00000137547,0.730003740042326,0.734733735831385,0.570125227122359,-0.000157009707737971,missense|LC,8054135211,8,54135211,
MTHFS,ENSG00000136371,0.730020333940054,0.567993718779505,0.525433087814849,0.000412977599867152,missense|LC,15079845096,15,79845096,
CDCA5,ENSG00000146670,0.730071116544594,0.495338336843595,0.532849198883129,0.000698731885679516,missense|LC,11065077381,11,65077381,
CNPPD1,ENSG00000115649,0.730071925017421,0.526370420258665,0.671073179537448,0.000368628364385175,missense|LC,2219167898,2,219167898,
MCOLN1,ENSG00000090674,0.730090031868011,0.517484915171962,0.967458011364279,-0.000304978320466405,missense|LC,19007519082,19,7519082,
USP7,ENSG00000187555,0.730096874865181,0.707205727560055,0.516461485842324,0.000335197936340125,missense|LC,16008893931,16,8893931,
MT1G,ENSG00000125144,0.730161635018499,0.906049965116747,0.510781164480796,0.000191157794990671,missense|LC,16056666737,16,56666737,
CDH19,ENSG00000071991,0.730183788843808,0.831728565733792,0.513115909519412,0.0000917124688670154,missense|LC,18066504719,18,66504719,
BORA,ENSG00000136122,0.730309862330191,0.871914162816545,0.540072395957179,-0.0000777843268042263,missense|LC,13072727450,13,72727450,
MTREX,ENSG00000039123,0.730429991849987,0.540970720026021,0.852331245001694,0.000259075888479589,missense|LC,5055307318,5,55307318,
NCOA7,ENSG00000111912,0.730513672372789,0.991627650495337,0.505373253739833,-0.00000453322654484905,missense|LC,6125815304,6,125815304,
MME,ENSG00000196549,0.730514703195473,0.656133658621644,0.513882054054311,-0.000198668888398115,missense|LC,3155084113,3,155084113,
RDX,ENSG00000137710,0.730520421449532,0.538847491647817,0.630779214968225,-0.000374487816172418,missense|LC,11110231786,11,110231786,
TAAR9,ENSG00000237110,0.730547259228788,0.746841731286334,0.543149136181387,0.000151995423979247,missense|LC,6132538223,6,132538223,
GLIS3,ENSG00000107249,0.730550299407429,0.744141956989943,0.492854676735498,-0.000239810694273876,missense|LC,9003828178,9,3828178,
HGF,ENSG00000019991,0.730652583003534,0.621132794178521,0.513717703908759,0.000263070652506962,missense|LC,7081702537,7,81702537,
BTG1,ENSG00000133639,0.730682654353944,0.945816676797202,0.506638229666106,0.000149768035307045,missense|LC,12092143975,12,92143975,
LRP5,ENSG00000162337,0.730709915174595,0.522688150482469,0.964281250754313,-0.000146678256609041,missense|LC,11068312660,11,68312660,
RPS6KA4,ENSG00000162302,0.730804813006579,0.872394502205223,0.515469422779047,0.0000913162089705932,missense|LC,11064354164,11,64354164,
LRP8,ENSG00000157193,0.73095053750005,0.880375843540946,0.522151397156686,0.0000534313037938692,missense|LC,1053238295,1,53238295,
ZNF570,ENSG00000171827,0.73120876000487,0.53482200722694,0.570368506069102,-0.000406952460224326,missense|LC,19037467805,19,37467805,
GADD45A,ENSG00000116717,0.73125835438923,0.687061258018131,0.535269051520111,0.000713348735868863,missense|LC,1067685415,1,67685415,
RUBCNL,ENSG00000102445,0.731264173729979,0.522397405268971,0.925356803247683,0.000300821611091517,missense|LC,13046343253,13,46343253,
UBC,ENSG00000150991,0.731291300848501,0.798215141616043,0.482511446543113,-0.000412719104760833,missense|LC,12124911601,12,124911601,
CDC25A,ENSG00000164045,0.73144700478198,0.826054243876157,0.5018783473676,-0.000212190105213775,missense|LC,3048158846,3,48158846,
PLXDC2,ENSG00000120594,0.731466523082624,0.808454009084022,0.528530241034132,0.000552086130823848,missense|LC,10019817027,10,19817027,
MRM3,ENSG00000171861,0.731469437794549,0.592925991068598,0.524726211527195,-0.000241789113486841,missense|LC,17000778682,17,778682,
MARS2,ENSG00000247626,0.731522866615689,0.497578012044889,0.725337848633103,-0.000469116176040965,missense|LC,2197705324,2,197705324,
MGST2,ENSG00000085871,0.731538360538352,0.622866903014382,0.721513239835458,-0.000265303842688879,missense|LC,4139665942,4,139665942,
SEPTIN8,ENSG00000164402,0.731799846866152,0.542243867560763,0.769814592846783,-0.000263634913659855,missense|LC,5132747395,5,132747395,
SSX2IP,ENSG00000117155,0.731854766054348,0.48893341465444,0.612054773860447,-0.000508775194380195,missense|LC,1084647353,1,84647353,
TMEM179,ENSG00000258986,0.731874256220118,0.894853910770815,0.503740278840203,0.000142872605998944,missense|LC,14104586377,14,104586377,
AC093246.1,ENSG00000288639,0.731895848283943,0.592508363658433,0.572351315774108,0.00052300133242704,missense|LC,5171420115,5,171420115,
ZNF749,ENSG00000186230,0.731933738763716,0.501792911057671,0.543506202397625,-0.000258509509048841,missense|LC,19057435451,19,57435451,
H2AC11,ENSG00000196787,0.731961152027708,0.497990479668192,0.792754040201284,0.00109328516795016,missense|LC,6027132228,6,27132228,
CCDC90B,ENSG00000137500,0.732183817374041,0.904577695536951,0.564132066112003,-0.0000456584909725221,missense|LC,11083255783,11,83255783,
OR2L3,ENSG00000198128,0.732254368679674,0.551209974458438,0.570739106766118,-0.000318914898557631,missense|LC,1248060622,1,248060622,
DUSP18,ENSG00000167065,0.732314197812405,0.524367712434401,0.710864570306999,0.000448268643813144,missense|LC,22030663347,22,30663347,
EFNA5,ENSG00000184349,0.732383807300846,0.572162826692259,0.498765797549554,-0.000862801532823353,missense|LC,5107381120,5,107381120,
DNASE1L2,ENSG00000167968,0.732508021420877,0.527830589355502,0.751018998921697,-0.000243798986199847,missense|LC,16002232069,16,2232069,
UGT2B10,ENSG00000109181,0.732517819365835,0.502672507816077,0.992251308348956,-0.000301001734344061,missense|LC,4068815938,4,68815938,
FRZB,ENSG00000162998,0.732547987666571,0.626921619697386,0.552959219453816,0.000184880329326321,missense|LC,2182834824,2,182834824,
TRIM64B,ENSG00000189253,0.732565147831151,0.540450690509736,0.513870575488011,0.000272327146078312,missense|LC,11089870530,11,89870530,
CSRNP1,ENSG00000144655,0.732578762233544,0.61716620447004,0.541084031432922,0.000212469729317408,missense|LC,3039136858,3,39136858,
CHD9,ENSG00000177200,0.732591428357245,0.74759303228718,0.504157383369781,-0.000100105126499502,missense|LC,16053156007,16,53156007,
XBP1,ENSG00000100219,0.732593861096594,0.917544719692786,0.601949435781592,0.0000643758444331363,missense|LC,22028795086,22,28795086,
LAMTOR1,ENSG00000149357,0.732770677402495,0.944828499440537,0.575496980602942,0.0000715261792114616,missense|LC,11072093426,11,72093426,
THTPA,ENSG00000259431,0.732858501389427,0.720518462089738,0.504558003039152,0.000343928827068987,missense|LC,14023556659,14,23556659,
OTUD3,ENSG00000169914,0.732934367667633,0.823110636566201,0.529983716206763,0.000129916061424845,missense|LC,1019882235,1,19882235,
ABCB11,ENSG00000073734,0.732951521620834,0.495943881184944,0.536829588604904,0.000304151931061133,missense|LC,2168923573,2,168923573,
SNX4,ENSG00000114520,0.732985781138053,0.530758482320087,0.725354497419202,0.000398049424178777,missense|LC,3125447736,3,125447736,
RNF103-CHMP3,ENSG00000249884,0.733025801969738,0.506234503411427,0.847181699513536,0.00061210818223634,missense|LC,2086505669,2,86505669,
CENPS-CORT,ENSG00000251503,0.733042321318642,0.660151760470654,0.530078051216741,-0.000461447652512865,missense|LC,1010430378,1,10430378,
ASPHD2,ENSG00000128203,0.733061275360772,0.859043464574462,0.499373157375902,0.000202722678532806,missense|LC,22026433573,22,26433573,
AGPAT4,ENSG00000026652,0.733169610104306,0.801602767278779,0.506395006014974,-0.000239099021539389,missense|LC,6161136476,6,161136476,
MTRNR2L6,ENSG00000270672,0.733202770194014,0.532705417670753,0.52052543596711,-0.00167560351521275,missense|LC,7142667192,7,142667192,
PEX14,ENSG00000142655,0.733211619370737,0.517084260776252,0.788857959585778,-0.000418578152354391,missense|LC,1010472203,1,10472203,
PGM5,ENSG00000154330,0.733335373298958,0.927949339389535,0.517371883627072,-0.0000465000902360293,missense|LC,9068357025,9,68357025,
NSMCE4A,ENSG00000107672,0.73337149705757,0.936124701183268,0.521516865797685,-0.0000452669619634121,missense|LC,10121959267,10,121959267,
AC093512.2,ENSG00000285043,0.733372897737894,0.53592425233389,0.788856744817096,0.000352976431425815,missense|LC,16030066781,16,30066781,
PYGL,ENSG00000100504,0.733554023246235,0.960872850766861,0.541661588768631,0.0000156935509442863,missense|LC,14050901795,14,50901795,
ICE1,ENSG00000164151,0.73379499343473,0.853981779095314,0.486663837472494,-0.0000544735859521027,missense|LC,5005422833,5,5422833,
F3,ENSG00000117525,0.733890830856233,0.538730606696985,0.556324727979821,-0.000402928505499665,missense|LC,1094530345,1,94530345,
AC022400.5,ENSG00000272916,0.733923994681322,0.966501332470833,0.498308104111961,-0.0000183009132334042,missense|LC,10073791521,10,73791521,
USP24,ENSG00000162402,0.733974169899791,0.520550081246921,0.58223983634422,-0.000183206211092428,missense|LC,1055061368,1,55061368,
MTNR1A,ENSG00000168412,0.734061277698965,0.604194190904819,0.534240521327708,0.000254436916698099,missense|LC,4186533585,4,186533585,
DRAM1,ENSG00000136048,0.734086424935976,0.503452442160568,0.740048949316553,-0.000946544688245193,missense|LC,12101873388,12,101873388,
MAK16,ENSG00000198042,0.734102243412018,0.984950496544125,0.591369413729701,0.00000895749818501723,missense|LC,8033485085,8,33485085,
HMGB2,ENSG00000164104,0.734271655883338,0.569371982169568,0.502958539211508,0.000864200852083853,missense|LC,4173331956,4,173331956,
OR5D16,ENSG00000205029,0.73429731065423,0.517871302711416,0.970533768027205,0.000469749309760181,missense|LC,11055838688,11,55838688,
ELAC2,ENSG00000006744,0.734379704388275,0.952158793244099,0.535168671579185,0.0000369147329764986,missense|LC,17012987029,17,12987029,
AC093155.3,ENSG00000267561,0.734380875081001,0.544853701271502,0.891124770012864,-0.00236177210811637,missense|LC,1086992990,1,86992990,
TTBK2,ENSG00000128881,0.73449532103708,0.507170713733089,0.707929315103287,0.000253144447072697,missense|LC,15042733901,15,42733901,
ALDOA,ENSG00000149925,0.734508301701014,0.537468720826458,0.703908707223247,0.000352194345537296,missense|LC,16030066781,16,30066781,
FOXO6,ENSG00000204060,0.734528465980612,0.910301219708262,0.581641544056124,-0.0000338382417927731,missense|LC,1041361938,1,41361938,
ZC3H7B,ENSG00000100403,0.734570809807433,0.747069307620882,0.522547290815513,-0.000143665321384811,missense|LC,22041320567,22,41320567,
PASD1,ENSG00000166049,0.734660045738841,0.956645546671214,0.527945177302766,-0.0000126967961910934,missense|LC,23151601516,X,151601516,
GNAI2,ENSG00000114353,0.73472724669284,0.578815485816847,0.766349286260445,-0.000346944178750162,missense|LC,3050236109,3,50236109,
GNB2,ENSG00000172354,0.734860813440291,0.890907211477424,0.519714064530626,-0.000168290506713794,missense|LC,7100676229,7,100676229,
ZNF441,ENSG00000197044,0.734883654042896,0.530186078684022,0.570041429938385,-0.000358705539713632,missense|LC,19011767061,19,11767061,
IFNA17,ENSG00000234829,0.734897310053963,0.51427612176361,0.677101087189993,-0.000573737328508321,missense|LC,9021227467,9,21227467,
AIPL1,ENSG00000129221,0.734915060467035,0.886072249578699,0.535717224562806,-0.0000437726807437032,missense|LC,17006425345,17,6425345,
ATXN1,ENSG00000124788,0.734965730967279,0.962083596903604,0.530345983719935,-0.0000154742883888127,missense|LC,6016294954,6,16294954,
SLC39A14,ENSG00000104635,0.735085179663127,0.507504862749244,0.967694672730105,0.000602322075641717,missense|LC,8022393123,8,22393123,
IFI44,ENSG00000137965,0.735135941383071,0.523263738457971,0.653723821454794,-0.000249854720810957,missense|LC,1078650142,1,78650142,
PRPF38B,ENSG00000134186,0.735146617414001,0.778582861227507,0.517856606781581,0.00014687640090269,missense|LC,1108692479,1,108692479,
NFASC,ENSG00000163531,0.73524994377722,0.563131034627949,0.623665518012147,-0.000108557276382965,missense|LC,1204828547,1,204828547,
MRPL3,ENSG00000114686,0.735366985995967,0.69664428754646,0.532555600984948,-0.000166554322692618,missense|LC,3131462645,3,131462645,
VDAC2,ENSG00000165637,0.735390259891124,0.550031582782065,0.620012892650513,0.000697612538625208,missense|LC,10075211042,10,75211042,
DZIP1,ENSG00000134874,0.735529409818691,0.529567133755835,0.561627933662343,0.000248504026700306,missense|LC,13095577203,13,95577203,
ELOVL7,ENSG00000164181,0.735556961347776,0.970428144266311,0.526746252560173,-0.0000338814579049007,missense|LC,5060754563,5,60754563,
PARP11,ENSG00000111224,0.735661255307426,0.656510104024114,0.489633257734827,-0.000552949264572746,missense|LC,12003812069,12,3812069,
MEFV,ENSG00000103313,0.73594592404854,0.555430771197194,0.864807743494383,0.000146546639206565,missense|LC,16003243053,16,3243053,
CARM1,ENSG00000142453,0.735993929484982,0.817961157133327,0.591170182076397,-0.000124026123295216,missense|LC,19010869106,19,10869106,
MAP4,ENSG00000047849,0.73601821525279,0.910109828892938,0.520840558040483,-0.0000382649225432048,missense|LC,3047846871,3,47846871,
UFC1,ENSG00000143222,0.736282418017011,0.509614136106192,0.941459708560761,-0.000956131105937767,missense|LC,1161153863,1,161153863,
RAB6B,ENSG00000154917,0.736360683786599,0.588061829434764,0.848200794164995,-0.000508480852382561,missense|LC,3133819486,3,133819486,
OR1L6,ENSG00000171459,0.736544478256691,0.515246554347803,0.84457002468035,-0.000491776475460869,missense|LC,9122749784,9,122749784,
OR6V1,ENSG00000225781,0.736726077211972,0.584097012456507,0.555512779674263,0.000290120854838687,missense|LC,7143052312,7,143052312,
HTR1A,ENSG00000178394,0.736843201410414,0.576699565620623,0.615887859346458,-0.000283110257267363,missense|LC,5063960381,5,63960381,
ELMOD1,ENSG00000110675,0.736933279171829,0.767156814626208,0.511024811668676,0.000244964332454272,missense|LC,11107618096,11,107618096,
LYL1,ENSG00000104903,0.736945092224791,0.855724237515975,0.509385221467529,0.000182649088067676,missense|LC,19013094543,19,13094543,
ADAM11,ENSG00000073670,0.736952318349469,0.571397614385621,0.836719809219899,0.000281305178055999,missense|LC,17044759131,17,44759131,
OR4F15,ENSG00000182854,0.736988814492031,0.867673394768412,0.529221451270534,-0.0000832492600125796,missense|LC,15101818159,15,101818159,
DEFB128,ENSG00000185982,0.737057383648728,0.880876112146468,0.536939042364621,-0.000162042235382462,missense|LC,20000187813,20,187813,
HOXB7,ENSG00000260027,0.737206477410768,0.600584809891935,0.567404661330487,0.00027241902474685,missense|LC,17048607791,17,48607791,
TP53INP2,ENSG00000078804,0.737263861725857,0.51691755001251,0.517951303664775,-0.000642501258688748,missense|LC,20034708660,20,34708660,
CEBPD,ENSG00000221869,0.737268139061742,0.993257784704318,0.53054798883507,-0.00000516587717010646,missense|LC,8047735231,8,47735231,
AC117378.1,ENSG00000285625,0.737290337280728,0.634439765610987,0.895529564532904,0.000251308225797295,missense|LC,12056712453,12,56712453,
SLC37A3,ENSG00000157800,0.737313948928559,0.50626826868169,0.784822730789164,0.000486652125041601,missense|LC,7140335145,7,140335145,
NNT,ENSG00000112992,0.737363964846881,0.87448965138337,0.533369833771813,-0.000051773127446871,missense|LC,5043609137,5,43609137,
HPN,ENSG00000105707,0.737518504503865,0.507607477502685,0.665566605801875,0.000583779832178966,missense|LC,19035039025,19,35039025,
ZNF134,ENSG00000213762,0.737524681423823,0.891025367959639,0.520313358930561,0.0000617068142462847,missense|LC,19057619361,19,57619361,
PRSS36,ENSG00000178226,0.737554028543692,0.622965343884228,0.521102840461003,-0.000148638641638041,missense|LC,16031135043,16,31135043,
CDH5,ENSG00000179776,0.73756214169447,0.518952754315051,0.937617783462609,-0.00021365528643677,missense|LC,16066379271,16,66379271,
SPPL3,ENSG00000157837,0.737570532715169,0.772123937871673,0.534274628596974,-0.000304647080793343,missense|LC,12120764904,12,120764904,
RIOK1,ENSG00000124784,0.737583769773631,0.534834015297431,0.844216005735545,0.000214354216317006,missense|LC,6007385749,6,7385749,
PITX1,ENSG00000069011,0.737593328979725,0.812584280939946,0.503197492971183,0.000230281042832608,missense|LC,5135028700,5,135028700,
ITGA4,ENSG00000115232,0.737710708650842,0.612720270078199,0.529014761652079,-0.000164946899281122,missense|LC,2181457579,2,181457579,
MMP21,ENSG00000154485,0.737730931125386,0.515783535145079,0.954108848208417,0.000268728091849474,missense|LC,10125763225,10,125763225,
ZNF354A,ENSG00000169131,0.737750214878362,0.515313247030821,0.936809546939079,-0.000365674252718752,missense|LC,5178711945,5,178711945,
ACSF3,ENSG00000176715,0.737761328575355,0.540402287382084,0.536222629766417,-0.00019544714524374,missense|LC,16089100579,16,89100579,
GNL2,ENSG00000134697,0.737763841007814,0.879268267987652,0.495246748095865,-0.0000795192055965144,missense|LC,1037561820,1,37561820,
ADRA1A,ENSG00000120907,0.737814282095632,0.553093220972993,0.704149830015285,0.000358150121048925,missense|LC,8026756358,8,26756358,
SH2D6,ENSG00000152292,0.737840805796545,0.575038295439012,0.549009699999612,0.000341714020528376,missense|LC,2085432979,2,85432979,
TFE3,ENSG00000068323,0.737928763959973,0.847725713936826,0.520585623601091,0.0000970408502649641,missense|LC,23049030091,X,49030091,
KCNT1,ENSG00000107147,0.737931490722798,0.713127757082023,0.521865280531027,0.0000910973236793222,missense|LC,9135697372,9,135697372,
SPOP,ENSG00000121067,0.737942993245507,0.645524943986615,0.548439338079108,-0.000630946311264346,missense|LC,17049600265,17,49600265,
RNASEH2B,ENSG00000136104,0.738156906042512,0.539127968925165,0.529041068635034,0.000315941607403783,missense|LC,13050910002,13,50910002,
AC113189.9,ENSG00000286007,0.738171180810094,0.655960645925566,0.526272960184834,-0.00143315854850447,missense|LC,17007425592,17,7425592,
ACTL6A,ENSG00000136518,0.738175425542724,0.528000698308199,0.740510952392716,0.000636420753034121,missense|LC,3179562978,3,179562978,
ZSCAN21,ENSG00000166529,0.738190435927381,0.592054019529625,0.52253130604907,-0.000232827542732056,missense|LC,7100044781,7,100044781,
FAM229A,ENSG00000225828,0.73821560206147,0.805781161177778,0.535947603883572,0.000253769020711295,missense|LC,1032361388,1,32361388,
IGSF21,ENSG00000117154,0.738262609270777,0.661596919525335,0.523302707621278,0.000201416553966376,missense|LC,1018108108,1,18108108,
CSMD2,ENSG00000121904,0.73829493366552,0.511081722045094,0.824350072116262,0.000120928314996873,missense|LC,1033519444,1,33519444,
WNT4,ENSG00000162552,0.738368876478656,0.519156852839699,0.727266802259718,0.000567918266989361,missense|LC,1022119933,1,22119933,
ZC3H8,ENSG00000144161,0.738385553313529,0.857099060903686,0.537126371991528,0.000173873786029041,missense|LC,2112230845,2,112230845,
APBA1,ENSG00000107282,0.738460944378824,0.488899997327683,0.564443002431382,-0.000395551694321179,missense|LC,9069431264,9,69431264,
TTC33,ENSG00000113638,0.738548112332947,0.662492790853696,0.504113032922018,-0.000522780893530916,missense|LC,5040716080,5,40716080,
MT1F,ENSG00000198417,0.738656478090196,0.538567005261703,0.951135221739238,0.00112539398216379,missense|LC,16056652959,16,56652959,
MPPE1,ENSG00000154889,0.738755786308448,0.633492997011155,0.522494197496948,-0.000217927339899198,missense|LC,18011880906,18,11880906,
OR4C6,ENSG00000181903,0.738815403361266,0.510703989370627,0.699880805557033,-0.000356671251976591,missense|LC,11055665139,11,55665139,
EXTL1,ENSG00000158008,0.73884257685051,0.523036662258712,0.953027296621438,-0.000207001865438838,missense|LC,1026022578,1,26022578,
JAKMIP3,ENSG00000188385,0.738845309637965,0.861732055205702,0.493641760210472,-0.000110771336983797,missense|LC,10132104727,10,132104727,
ZNF611,ENSG00000213020,0.738876427982156,0.766619511705493,0.528213476343492,0.000102375930603099,missense|LC,19052704563,19,52704563,
GTF2E2,ENSG00000197265,0.738896751584315,0.92511545707968,0.556728625390086,0.0000417081114670093,missense|LC,8030578931,8,30578931,
HBM,ENSG00000206177,0.738957784527937,0.564017944375462,0.900155167576374,0.000434212787588047,missense|LC,16000162997,16,162997,
GPR183,ENSG00000169508,0.739043064326875,0.503943841562692,0.794624715250029,-0.000785881979985278,missense|LC,13099294967,13,99294967,
ZNF829,ENSG00000185869,0.739139830839337,0.518604577608961,0.715118516458447,0.000464999407918195,missense|LC,19036891394,19,36891394,
OR5L1,ENSG00000279395,0.739254804484427,0.938863983304174,0.50925692830391,0.0000627657644825467,missense|LC,11055811372,11,55811372,
MSRB3,ENSG00000174099,0.739270549716102,0.521745005744954,0.830920990678182,0.000698232207503069,missense|LC,12065278769,12,65278769,
IL17A,ENSG00000112115,0.739274401441623,0.53227474211373,0.861657787332746,0.000646369360685127,missense|LC,6052186354,6,52186354,
EXO5,ENSG00000164002,0.739281431612443,0.615994944336951,0.520457818948846,-0.000454845055439212,missense|LC,1040514460,1,40514460,
PILRB,ENSG00000121716,0.739321859994779,0.880348005772102,0.509669719283149,0.000139371834265953,missense|LC,7100352352,7,100352352,
RPL14,ENSG00000188846,0.739359457742258,0.829883854854332,0.543145458583754,-0.0000654492999721193,missense|LC,3040457299,3,40457299,
SMIM14,ENSG00000163683,0.739428050980844,0.794736581807913,0.549641013475337,-0.000333510104782868,missense|LC,4039552066,4,39552066,
MMP1,ENSG00000196611,0.739560111933256,0.86015290004856,0.526296936653888,-0.000078792634358854,missense|LC,11102790395,11,102790395,
SGPL1,ENSG00000166224,0.739560621899103,0.545496496724962,0.512688513700168,-0.000402026457975806,missense|LC,10070816781,10,70816781,
VAMP7,ENSG00000124333,0.73978196204032,0.72381752535816,0.576413507494585,0.000241610818675822,missense|LC,23155889330,X,155889330,
TTC27,ENSG00000018699,0.739815370090573,0.747296450586266,0.512603456274317,0.000136651310724097,missense|LC,2032628216,2,32628216,
LCE3A,ENSG00000185962,0.739910476374386,0.542114013465742,0.588676249386067,0.000920002106734827,missense|LC,1152622746,1,152622746,
CENPS,ENSG00000175279,0.739929224395026,0.597907453645043,0.815456363733434,-0.000504146001317963,missense|LC,1010430378,1,10430378,
AC003002.3,ENSG00000269533,0.740192062842026,0.715848283565487,0.552471415609353,-0.000415661696216053,missense|LC,19057389980,19,57389980,
RBL2,ENSG00000103479,0.740311287451289,0.950509943706047,0.52242046027705,0.0000256325640284831,missense|LC,16053434441,16,53434441,
AC010422.3,ENSG00000269242,0.740317462294724,0.661228802468102,0.534105793216916,0.000374461827131123,missense|LC,19012643174,19,12643174,
MRE11,ENSG00000020922,0.740359231784167,0.725370262748622,0.550624534106108,-0.000144233687624203,missense|LC,11094420091,11,94420091,
HES4,ENSG00000188290,0.74044204951105,0.65729507686405,0.5263606019729,0.000222495132576653,missense|LC,1000998959,1,998959,
DISC1,ENSG00000162946,0.740471618318578,0.697598937845271,0.527350922776979,-0.000118821089560901,missense|LC,1231626799,1,231626799,
ZNF629,ENSG00000102870,0.740557807294592,0.925716506843606,0.535482115005403,0.0000468377292915612,missense|LC,16030773853,16,30773853,
ZNF224,ENSG00000267680,0.740634269856032,0.665585791335719,0.506048706141201,-0.000222760270524792,missense|LC,19044097781,19,44097781,
SLC25A24,ENSG00000085491,0.740658258030414,0.95098076540805,0.503759004693261,-0.0000541957391029683,missense|LC,1108136598,1,108136598,
ABCA10,ENSG00000154263,0.740664814342874,0.844684604092712,0.526877472648018,0.0000497601703628533,missense|LC,17069148781,17,69148781,
LCN1,ENSG00000160349,0.740677974113049,0.770168255955332,0.628082426192068,-0.000154234901058752,missense|LC,9135521498,9,135521498,
NDUFS3,ENSG00000213619,0.740745443467382,0.959497450811975,0.601146510980213,0.000032122460717205,missense|LC,11047575572,11,47575572,
TMEM44,ENSG00000145014,0.740757064546312,0.644299978703715,0.518522980751483,-0.000187586246877426,missense|LC,3194588465,3,194588465,
ZNF394,ENSG00000160908,0.740844607841031,0.966453462445492,0.502221494233029,-0.0000307749310115474,missense|LC,7099493128,7,99493128,
C19orf67,ENSG00000188032,0.740847445122394,0.935663545703141,0.568393593329146,-0.000039463430108717,missense|LC,19014081759,19,14081759,
MYBL1,ENSG00000185697,0.740893272985521,0.53607698786561,0.599474352810687,0.000300540169437294,missense|LC,8066564629,8,66564629,
C5orf51,ENSG00000205765,0.741090802651444,0.593577972200953,0.663211478150268,-0.00022160239270916,missense|LC,5041904285,5,41904285,
IFI30,ENSG00000216490,0.741104385818264,0.733641630177082,0.570273047874784,0.000206893654052338,missense|LC,19018168821,19,18168821,
SH2B2,ENSG00000160999,0.741163998267083,0.512156918824208,0.716902287171176,0.000322408967721118,missense|LC,7102280157,7,102280157,
JRKL,ENSG00000183340,0.741293520373814,0.505803314311679,0.618156027150606,0.000745104299074449,missense|LC,11096390531,11,96390531,
HORMAD1,ENSG00000143452,0.74134387671286,0.854015698555093,0.510676474129411,-0.000274555868613503,missense|LC,1150694632,1,150694632,
COMMD7,ENSG00000149600,0.741393709022743,0.73355954336659,0.509791140215947,0.00041331770479935,missense|LC,20032703316,20,32703316,
C12orf50,ENSG00000165805,0.741583170456095,0.501265607231585,0.848455775805636,0.000340326104893851,missense|LC,12087980265,12,87980265,
TGIF2LX,ENSG00000153779,0.741587976464388,0.515410822666368,0.596753687981552,-0.000883078018679501,missense|LC,23089922014,X,89922014,
VWA8,ENSG00000102763,0.741594399963105,0.522414208483269,0.521306587588374,0.000150025921894084,missense|LC,13041568141,13,41568141,
POU3F1,ENSG00000185668,0.741690909157704,0.557453481726675,0.530217017667515,0.000352723961997552,missense|LC,1038045346,1,38045346,
AC000120.3,ENSG00000285772,0.741771065280187,0.548957261931964,0.890442292618257,0.00313783928817918,missense|LC,7092127433,7,92127433,
CRK,ENSG00000167193,0.741798344805336,0.780058624156199,0.522090184332784,-0.000338347066987645,missense|LC,17001423407,17,1423407,
RING1,ENSG00000204227,0.741832308313271,0.976504857088742,0.544368476165865,0.0000272393617650599,missense|LC,6033203500,6,33203500,
ATP6V1C2,ENSG00000143882,0.741929328089188,0.512328847571136,0.757645022130951,0.000403003541858637,missense|LC,2010722742,2,10722742,
ZNF835,ENSG00000127903,0.74194686793586,0.974966068306495,0.580855225853607,-0.00000726594879391139,missense|LC,19056663464,19,56663464,
CARD19,ENSG00000165233,0.741969201234562,0.997196975598804,0.529280553161295,0.00000501899572863799,missense|LC,9093096223,9,93096223,
EDRF1,ENSG00000107938,0.742003872668822,0.810663275491295,0.513247788575328,0.000137155047358227,missense|LC,10125719745,10,125719745,
SPARC,ENSG00000113140,0.742007553177516,0.913314204179955,0.553715801254948,-0.0000484500001887759,missense|LC,5151663505,5,151663505,
MAEA,ENSG00000090316,0.742054282450844,0.939410363321562,0.508379360147301,0.0000750918059925085,missense|LC,4001289840,4,1289840,
ST8SIA6,ENSG00000148488,0.742180052329499,0.578204371130673,0.79210729400361,-0.000319976875532677,missense|LC,10017320783,10,17320783,
RBBP7,ENSG00000102054,0.742271047649421,0.510291911956451,0.706893831667476,0.000904035743078181,missense|LC,23016839803,X,16839803,
HHIP,ENSG00000164161,0.742294083602033,0.527679597150911,0.624729019312444,0.00037686126264367,missense|LC,4144646590,4,144646590,
GADL1,ENSG00000144644,0.742354599248726,0.530846778745826,0.736714173646963,-0.000253453505092177,missense|LC,3030728183,3,30728183,
ORMDL3,ENSG00000172057,0.742355882233223,0.610438584935193,0.542844103974886,0.000534462730481575,missense|LC,17039917277,17,39917277,
TACC1,ENSG00000147526,0.74236023778897,0.831444816406636,0.504314507637622,-0.000131790277638624,missense|LC,8038785621,8,38785621,
RGS19,ENSG00000171700,0.742537976633593,0.875324154657298,0.590227249825108,0.0000816195241853001,missense|LC,20064068181,20,64068181,
CENPJ,ENSG00000151849,0.742552481141279,0.836280162919296,0.51005057737402,0.0000681563757428944,missense|LC,13024879146,13,24879146,
LILRB5,ENSG00000105609,0.742595210337816,0.721463871376155,0.524867291909143,-0.000116274607310841,missense|LC,19054250677,19,54250677,
GPR18,ENSG00000125245,0.742617219847183,0.596669412016943,0.936286658478072,-0.000286040198395428,missense|LC,13099254830,13,99254830,
FETUB,ENSG00000090512,0.742663111397134,0.513944119519506,0.606126984394332,0.000430157425318231,missense|LC,3186640414,3,186640414,
RDH10,ENSG00000121039,0.742724434536524,0.880532137033744,0.634878166301344,-0.0000900801877170642,missense|LC,8073291001,8,73291001,
HDAC10,ENSG00000100429,0.742742230839962,0.605583522073864,0.76155934054472,-0.0000905147546647613,missense|LC,22050240191,22,50240191,
TWSG1,ENSG00000128791,0.742748206278605,0.609900131639577,0.677734766349418,0.000293557127618957,missense|LC,18009337129,18,9337129,
IRAK2,ENSG00000134070,0.742768363153804,0.550422462442922,0.532367050047719,-0.000194905313763568,missense|LC,3010164909,3,10164909,
BPIFA1,ENSG00000198183,0.742802455469813,0.941198210795827,0.496276150823768,0.0000832062559154157,missense|LC,20033237612,20,33237612,
LHX9,ENSG00000143355,0.742889577827336,0.559151180812499,0.512777603401295,-0.00061722955958422,missense|LC,1197912446,1,197912446,
FNTA,ENSG00000168522,0.743029755551666,0.828324678690531,0.571857091887881,-0.000122326050516057,missense|LC,8043056227,8,43056227,
IL18BP,ENSG00000137496,0.743041256397195,0.56745142066419,0.980289724079334,0.00872804299927945,missense|LC,11071994619,11,71994619,
SH3BP4,ENSG00000130147,0.743147219279362,0.517972388518638,0.789462937955778,-0.000220052061585165,missense|LC,2235034945,2,235034945,
MANEAL,ENSG00000185090,0.743147871302008,0.78270703593399,0.534643906205983,-0.000164959752299563,missense|LC,1037794092,1,37794092,
MAP1A,ENSG00000166963,0.743204194815238,0.514764852965805,0.768879445310963,-0.000142404323220802,missense|LC,15043517611,15,43517611,
OR1N1,ENSG00000171505,0.743231603959789,0.698190057569716,0.533344697079208,0.000245984042170519,missense|LC,9122526317,9,122526317,
RELA,ENSG00000173039,0.743272415334448,0.56965431480908,0.834812832977481,0.000317169211899004,missense|LC,11065649209,11,65649209,
KRTAP4-3,ENSG00000196156,0.743294180431953,0.547650705103462,0.644703421243866,0.000324773681998117,missense|LC,17041167536,17,41167536,
TOP2A,ENSG00000131747,0.743303016187429,0.515657655264596,0.714164439529676,-0.000226196611099881,missense|LC,17040389411,17,40389411,
CPSF2,ENSG00000165934,0.743357353638845,0.548787566025474,0.54449493117586,-0.000428289218171204,missense|LC,14092117417,14,92117417,
CARD11,ENSG00000198286,0.743438120207019,0.516934896517127,0.556327785114519,0.000253722020041562,missense|LC,7002906562,7,2906562,
IL1RL2,ENSG00000115598,0.743441834877131,0.531228301767643,0.73207002833619,0.000260144569935311,missense|LC,2102186939,2,102186939,
CEP350,ENSG00000135837,0.743504632364415,0.577921608812097,0.657018468320428,0.000285731432762893,missense|LC,1179954961,1,179954961,
TLL2,ENSG00000095587,0.743516469616982,0.501791368959727,0.820880951476582,-0.000251667552145171,missense|LC,10096367973,10,96367973,
FOXB1,ENSG00000171956,0.74355054273195,0.554441056043802,0.739585106997218,-0.000720632102498683,missense|LC,15060004864,15,60004864,
BSND,ENSG00000162399,0.743594782186504,0.552992462883493,0.683565743560818,0.000750218176575247,missense|LC,1054999082,1,54999082,
EXOC3L2,ENSG00000283632,0.743681395796744,0.526635064753305,0.665553535282235,-0.000334110139408095,missense|LC,19045212955,19,45212955,
RAB2B,ENSG00000129472,0.743722901947053,0.658503957251974,0.51357483629593,-0.000699632400827342,missense|LC,14021461167,14,21461167,
ACP5,ENSG00000102575,0.7437503840774,0.536140692778009,0.637856827826902,-0.000278191986822837,missense|LC,19011574919,19,11574919,
ODAPH,ENSG00000174792,0.743874997746091,0.907123132509149,0.520455159032998,-0.000138749321901517,missense|LC,4075556017,4,75556017,
DLAT,ENSG00000150768,0.743999504699334,0.942647168681537,0.588865400764017,0.0000327138838833456,missense|LC,11112025347,11,112025347,
TNK1,ENSG00000174292,0.744063389102584,1,0.560899124339304,-0.00000107355721699977,missense|LC,17007382836,17,7382836,
NUFIP1,ENSG00000083635,0.744154134139616,0.81584218783858,0.528811354150236,-0.000127463317062832,missense|LC,13044941211,13,44941211,
BTG2,ENSG00000159388,0.744204793289178,0.538503373535516,0.836243533000717,0.000757921435058093,missense|LC,1203305479,1,203305479,
ASB5,ENSG00000164122,0.744328992339765,0.525459277565688,0.665557403731509,0.000549243910303775,missense|LC,4176215508,4,176215508,
UCK2,ENSG00000143179,0.744340047509797,0.509502785694507,0.874494478689363,-0.00139605586709755,missense|LC,1165827734,1,165827734,
TUBGCP2,ENSG00000130640,0.744347438106639,0.5288535809025,0.871829950307596,-0.000215063922603903,missense|LC,10133273647,10,133273647,
DOCK2,ENSG00000134516,0.744383138948749,0.542317155820295,0.721304416079354,0.000242157033511795,missense|LC,5169637219,5,169637219,
PRM2,ENSG00000122304,0.74448185774419,0.512056984114077,0.509343769733443,-0.000832290080286356,missense|LC,16011273091,16,11273091,
TXNDC11,ENSG00000153066,0.744506204466687,0.834654429018194,0.544966122431151,-0.0000494446954229064,missense|LC,16011675962,16,11675962,
CHMP7,ENSG00000147457,0.744620268212562,0.514313827995586,0.949236036938134,-0.000584479840994498,missense|LC,8023246626,8,23246626,
LSG1,ENSG00000041802,0.744789053592008,0.952995424545696,0.528386975416826,0.0000178844930107142,missense|LC,3194641978,3,194641978,
ADRA2A,ENSG00000150594,0.744812967851368,0.560072595143684,0.751437105263652,0.000277675687420276,missense|LC,10111077829,10,111077829,
C5orf52,ENSG00000187658,0.744977499030782,0.534803387586708,0.686858098280883,-0.000623389739627533,missense|LC,5157667668,5,157667668,
CNKSR2,ENSG00000149970,0.745102125999171,0.949959956661959,0.507154360162119,-0.0000476106968307335,missense|LC,23021374860,X,21374860,
STON1,ENSG00000243244,0.7452106993542,0.906384459201143,0.533369428390353,0.0000407873044503442,missense|LC,2048580471,2,48580471,
CSRNP2,ENSG00000110925,0.745247921918248,0.547031170748981,0.535389803111057,0.000338007710939663,missense|LC,12051056205,12,51056205,
MAP2K5,ENSG00000137764,0.745350174506378,0.508947587586385,0.554518374873366,-0.000743433041989685,missense|LC,15067543253,15,67543253,
DYNC1I2,ENSG00000077380,0.74544083153367,0.776506132111885,0.514852562880681,0.000226824808434711,missense|LC,2171690115,2,171690115,
C1orf50,ENSG00000164008,0.745441498449406,0.76318335180987,0.542099910268003,0.000238053522056992,missense|LC,1042762250,1,42762250,
MMP23B,ENSG00000189409,0.74558974528264,0.526696420554083,0.734776797874176,-0.0010391314938141,missense|LC,1001627173,1,1627173,
MED12L,ENSG00000144893,0.745628354917731,0.662890647701003,0.511922678522826,-0.000176187030043364,missense|LC,3151086889,3,151086889,
ZBTB45,ENSG00000119574,0.745634585725449,0.733240034775012,0.528170013969883,0.000151852045803494,missense|LC,19058509771,19,58509771,
SLITRK1,ENSG00000178235,0.745758424106929,0.607396904718517,0.525213895382151,-0.000378617684560553,missense|LC,13083879311,13,83879311,
DEFB132,ENSG00000186458,0.745921560285048,0.709114965645648,0.554602525549878,-0.000191451708790191,missense|LC,20000257702,20,257702,
SP100,ENSG00000067066,0.746032967062892,0.553218497690253,0.703193911205416,-0.000224957923372365,missense|LC,2230416240,2,230416240,
SHLD2,ENSG00000122376,0.746042671146392,0.509503028498777,0.838705536936167,0.000410861939209303,missense|LC,10087091549,10,87091549,
DYNC1LI1,ENSG00000144635,0.746079814663163,0.765843850659466,0.563363396149222,0.000137236678298816,missense|LC,3032526760,3,32526760,
RBAK-RBAKDN,ENSG00000272968,0.746085142137618,,,,missense|LC,7004983554,7,4983554,
ALS2,ENSG00000003393,0.74615257787004,0.70142084323491,0.526048294353008,-0.000147074497904044,missense|LC,2201697856,2,201697856,
WFS1,ENSG00000109501,0.746159260325517,0.518250087592217,0.677461969216172,0.000128970113571658,missense|LC,4006277374,4,6277374,
SGF29,ENSG00000176476,0.746194594224326,0.506983568898088,0.59411755932261,0.00132969660231557,missense|LC,16028581022,16,28581022,
DNASE1L1,ENSG00000013563,0.746197767647232,0.585849456634217,0.550726648915815,-0.000386525057161889,missense|LC,23154398435,X,154398435,
RHOXF2B,ENSG00000203989,0.746223364676418,0.557339999578856,0.878996625961957,0.000435991576235972,missense|LC,23120076972,X,120076972,
RGS21,ENSG00000253148,0.746226985845204,0.805272221987762,0.560431333174061,0.000210614981504743,missense|LC,1192342970,1,192342970,
DHTKD1,ENSG00000181192,0.7463543513039,0.543294613556361,0.737069048289999,0.000166464412566859,missense|LC,10012068925,10,12068925,
SLC6A14,ENSG00000268104,0.746376218474114,0.520570740595195,0.74342073971309,-0.000468647685893213,missense|LC,23116436638,X,116436638,
LCT,ENSG00000115850,0.746479289693799,0.538272434775037,0.513299670320695,-0.000279013975839126,missense|LC,2135782853,2,135782853,
ROCK1,ENSG00000067900,0.746531889041834,0.684914766250389,0.57253803801843,-0.00026579199330499,missense|LC,18020951314,18,20951314,
MAFA,ENSG00000182759,0.746567468521154,0.526705457081417,0.559406796252569,0.000363848033126015,missense|LC,8143429197,8,143429197,
NECTIN1,ENSG00000110400,0.746665949865874,0.871792230628472,0.547337610190883,-0.0000725469660183292,missense|LC,11119660923,11,119660923,
CD1C,ENSG00000158481,0.74679670147609,0.536749197942976,0.754534270505658,0.000325818373701446,missense|LC,1158290000,1,158290000,
DDX21,ENSG00000165732,0.746887404258066,0.778443008949322,0.51890075824358,-0.000185149586997433,missense|LC,10068956146,10,68956146,
BTG4,ENSG00000137707,0.746948732734216,0.531914351713711,0.986387079073236,-0.000618375267394468,missense|LC,11111494798,11,111494798,
ZFP36L2,ENSG00000152518,0.746997976765563,0.526257670965137,0.701513784407636,0.000254073790197664,missense|LC,2043224208,2,43224208,
KNSTRN,ENSG00000128944,0.747070781870078,0.989009875512048,0.564930370771452,0.00000996428593566591,missense|LC,15040382763,15,40382763,
CYP4X1,ENSG00000186377,0.747078744757525,0.717555326903982,0.517566141462038,-0.000285129607340591,missense|LC,1047023458,1,47023458,
MAGOHB,ENSG00000111196,0.747142683473023,0.564167868975719,0.804242961420909,0.00110795943061343,missense|LC,12010606271,12,10606271,
LCE1C,ENSG00000197084,0.747213193199937,0.977437413437615,0.54145418479194,0.0000332147890342583,missense|LC,1152805015,1,152805015,
HDAC11,ENSG00000163517,0.747234674266514,0.889145406084007,0.509826504978891,0.000118591387854139,missense|LC,3013480237,3,13480237,
IQCF5,ENSG00000214681,0.747263055568822,0.986249303252521,0.539443103131386,0.0000141700406643602,missense|LC,3051873690,3,51873690,
PACS2,ENSG00000179364,0.747369752916565,0.529757020045723,0.560600042548053,0.000281802274953083,missense|LC,14105314863,14,105314863,
VSIG10,ENSG00000176834,0.747440502230209,0.545272972747031,0.894881592637889,0.000216157785805309,missense|LC,12118060970,12,118060970,
GZMH,ENSG00000100450,0.747614999843371,0.611921068230727,0.550081353845196,-0.000304560894939607,missense|LC,14024606529,14,24606529,
IGLC1,ENSG00000211675,0.747631457391452,0.694319875519353,0.563085784407993,0.00018552488133242,missense|LC,22022893676,22,22893676,
STPG2,ENSG00000163116,0.747653387074121,0.823519550978468,0.573071226973079,0.000130515713884337,missense|LC,4097559010,4,97559010,
IKBIP,ENSG00000166130,0.747669684806767,0.54982060223135,0.696217409407184,-0.000259449843343658,missense|LC,12098624204,12,98624204,
DCST2,ENSG00000163354,0.747681126160095,0.941027542941508,0.506964063709678,0.0000261673034461729,missense|LC,1155013949,1,155013949,
TLCD5,ENSG00000181264,0.747688772175993,0.546922231911041,0.697542690714117,0.000418374218476494,missense|LC,11120327299,11,120327299,
AKAP8,ENSG00000105127,0.747689134146481,0.65540066512948,0.538137004297071,-0.000102268910388194,missense|LC,19015354812,19,15354812,
FLYWCH1,ENSG00000059122,0.7476968870883,0.526201338576702,0.546171742122578,0.000143243068755634,missense|LC,16002929566,16,2929566,
TAMM41,ENSG00000144559,0.747701165710428,0.733797135228154,0.531932582765918,-0.000290595479463199,missense|LC,3011790454,3,11790454,
BROX,ENSG00000162819,0.747776303581752,0.515705159205232,0.627701899666035,0.000629982309040122,missense|LC,1222712069,1,222712069,
POTEB3,ENSG00000278522,0.747781495603192,0.521391577613599,0.892019740218958,-0.000764522116602641,missense|LC,15021422031,15,21422031,
TUBA3C,ENSG00000198033,0.74779616251585,0.571111108832987,0.607826988376859,0.000285679888129423,missense|LC,13019173722,13,19173722,
ISG20L2,ENSG00000143319,0.747813910724985,0.567314539278543,0.571097654660853,-0.000332576742288929,missense|LC,1156723257,1,156723257,
UGP2,ENSG00000169764,0.747842471647366,0.905153530385256,0.515447173851547,-0.000120631604680014,missense|LC,2063842079,2,63842079,
RHBDL2,ENSG00000158315,0.747933630555106,0.751762989348461,0.598722032155264,0.000151839700591997,missense|LC,1038886449,1,38886449,
ULK1,ENSG00000177169,0.748024854464855,0.814171999747619,0.523534654652928,-0.0000657395048988261,missense|LC,12131894964,12,131894964,
CCDC86,ENSG00000110104,0.748081270081074,0.56571595315818,0.95260129077965,-0.000299602993238049,missense|LC,11060842008,11,60842008,
OR13C4,ENSG00000148136,0.74809380649214,0.536542235376692,0.807237588639324,-0.000436385623478862,missense|LC,9104526242,9,104526242,
SYCE3,ENSG00000217442,0.748161825725699,0.711668977918821,0.616536407712554,0.000189684523333139,missense|LC,22050548050,22,50548050,
ERC1,ENSG00000082805,0.748288187258824,0.513185274881618,0.896673804616581,0.000293613044438531,missense|LC,12001027831,12,1027831,
TUBD1,ENSG00000108423,0.748290545155072,0.694733151158703,0.557939636748182,-0.000242805913508854,missense|LC,17059860295,17,59860295,
KCNJ4,ENSG00000168135,0.748360297546123,0.512602188517757,0.732997976936951,0.000760878836726876,missense|LC,22038426686,22,38426686,
PI16,ENSG00000164530,0.748396653137365,0.815655494409031,0.548039971131846,-0.0000709859496964772,missense|LC,6036954622,6,36954622,
ZCWPW2,ENSG00000206559,0.748449855682486,0.592735071105371,0.879452008393083,0.000327906074254961,missense|LC,3028348868,3,28348868,
C15orf61,ENSG00000189227,0.748532043176904,0.52869555705431,0.957450854021449,0.000476413595898789,missense|LC,15067521169,15,67521169,
AVP,ENSG00000101200,0.748674571762938,0.57037933122737,0.881064758663309,-0.000506303301368309,missense|LC,20003082492,20,3082492,
MEX3A,ENSG00000254726,0.748684439007811,0.908548980666436,0.510838118305571,-0.000109630180450997,missense|LC,1156068209,1,156068209,
PLAC1,ENSG00000170965,0.748711177846076,0.541419676482399,0.662612586525874,-0.000685214399690782,missense|LC,23134566003,X,134566003,
SLC37A4,ENSG00000137700,0.748788951612847,0.712341330711179,0.550656273261674,0.0001432341881015,missense|LC,11119019357,11,119019357,
ALMS1,ENSG00000116127,0.748793180404164,0.785314318880014,0.520704506088943,0.0000473226913709739,missense|LC,2073385958,2,73385958,
AC005324.3,ENSG00000251537,0.748799790676411,0.752765956151676,0.513947331924627,-0.000150146014881975,missense|LC,17015568785,17,15568785,
TDRD9,ENSG00000156414,0.748828387170704,0.547512180285737,0.676463083130358,-0.000339230856099581,missense|LC,14103928353,14,103928353,
MAP2K4,ENSG00000065559,0.748859481486612,0.997257301451121,0.519735366677931,-0.00000611629216096904,missense|LC,17012020861,17,12020861,
PHYHD1,ENSG00000175287,0.748965127712701,0.553659752089507,0.563473664440939,-0.000417798896982702,missense|LC,9128916413,9,128916413,
LDLRAD3,ENSG00000179241,0.749035823322169,0.541169715892014,0.835206131278292,-0.00329643407012701,missense|LC,11035944015,11,35944015,
FAM227A,ENSG00000184949,0.749074648267549,0.620639569609926,0.543235766095936,-0.000151261140004675,missense|LC,22038582259,22,38582259,
GRM4,ENSG00000124493,0.749322045807207,0.497268469051147,0.866764789594298,-0.000350518423178082,missense|LC,6034022763,6,34022763,
LLPH,ENSG00000139233,0.749328260191708,0.913654213443474,0.554570018966917,0.000118356694103237,missense|LC,12066123750,12,66123750,
MZF1,ENSG00000099326,0.749367192192238,0.67829646396961,0.535453413867797,-0.00014319882051572,missense|LC,19058556933,19,58556933,
MINDY3,ENSG00000148481,0.749377597941346,0.505933152677286,0.726717388743249,0.00070782076671826,missense|LC,10015778920,10,15778920,
UBAP1L,ENSG00000246922,0.749590629424287,0.636253659786604,0.533696741259234,-0.000235532089086546,missense|LC,15065092975,15,65092975,
PFDN1,ENSG00000113068,0.749600910999868,0.619161661443685,0.820570526054305,-0.000638411490066286,missense|LC,5140243243,5,140243243,
RTL9,ENSG00000243978,0.749796708499517,0.53245892952326,0.758303388396215,0.00017438364435454,missense|LC,23110450571,X,110450571,
ERICH5,ENSG00000177459,0.749797383521845,0.835117766321808,0.548790598486825,-0.0000848654927438255,missense|LC,8098064591,8,98064591,
DDX39B,ENSG00000198563,0.749799466125934,0.748453622376818,0.522919927244565,-0.000693848424091029,missense|LC,6031528929,6,31528929,
CEACAM16,ENSG00000213892,0.749887533005189,0.541692896873726,0.557855214643026,-0.000266762614196826,missense|LC,19044701374,19,44701374,
KDM3A,ENSG00000115548,0.749899043640878,0.525395601799456,0.606425796582336,0.000240104733480591,missense|LC,2086441961,2,86441961,
CAMK1G,ENSG00000008118,0.749915466217617,0.811296817404922,0.555949706197156,-0.000133791364743888,missense|LC,1209594927,1,209594927,
SERINC5,ENSG00000164300,0.749953774400558,0.542423938078599,0.793707226505623,-0.000429040030881985,missense|LC,5080138737,5,80138737,
AL158151.3,ENSG00000235007,0.74998513978423,0.767495854312904,0.607969318276364,-0.000926113280700717,missense|LC,9129134742,9,129134742,
BMP6,ENSG00000153162,0.750114728062606,0.859713896907862,0.560525524720686,0.0000722866313556818,missense|LC,6007726874,6,7726874,
CDC42SE2,ENSG00000158985,0.75011923195517,0.548781810647417,0.90923905712091,-0.00136703846615209,missense|LC,5131359446,5,131359446,
TRRAP,ENSG00000196367,0.750153463370392,0.639952978388166,0.507016764489674,0.000185871359144313,missense|LC,7098881095,7,98881095,
LRIG1,ENSG00000144749,0.75068123751892,0.937466925064817,0.51541687078866,-0.0000198838016899938,missense|LC,3066377638,3,66377638,
AC084756.2,ENSG00000288645,0.750693455513576,0.734681160762168,0.529564547530239,0.000606669073049595,missense|LC,15050648618,15,50648618,
ZDHHC5,ENSG00000156599,0.750775918015054,0.545474632365456,0.717964828992323,0.000262947397461426,missense|LC,11057673026,11,57673026,
EP400,ENSG00000183495,0.750892587231686,0.7340643579366,0.502110920377596,0.000158220108220607,missense|LC,12131960501,12,131960501,
NEFM,ENSG00000104722,0.750958862362197,0.516236793223331,0.88231233256683,0.000279470331320163,missense|LC,8024913660,8,24913660,
TAX1BP3,ENSG00000213977,0.751127909834381,0.618597997338044,0.769967017169639,0.000284178625362222,missense|LC,17003657911,17,3657911,
DCTN4,ENSG00000132912,0.751142855521963,0.563303430342099,0.527941029433861,-0.000453208708513463,missense|LC,5150711097,5,150711097,
LMBRD1,ENSG00000168216,0.751145820763898,0.777097292432578,0.51974879739919,-0.000220269835045821,missense|LC,6069676114,6,69676114,
AL445989.1,ENSG00000237378,0.751306882567298,0.570925234621272,0.643773023640398,0.000488261378556261,missense|LC,13063746751,13,63746751,
DKK4,ENSG00000104371,0.751319719233946,0.511096604127359,0.716570294234084,-0.000771339637063138,missense|LC,8042369256,8,42369256,
GMFG,ENSG00000130755,0.751436940229349,0.897726223072683,0.5476743774144,-0.000165548503927541,missense|LC,19039328447,19,39328447,
FSCN1,ENSG00000075618,0.751558391543664,0.583814021108705,0.651120917045112,-0.000253974547878369,missense|LC,7005592895,7,5592895,
EXOC6B,ENSG00000144036,0.751567376514544,0.549359244468249,0.885681563964322,0.000273082653854098,missense|LC,2072179309,2,72179309,
IARS1,ENSG00000196305,0.751675737496576,0.536466575148444,0.644356032294547,-0.000192411934036726,missense|LC,9092210782,9,92210782,
AP003419.1,ENSG00000256514,0.751808847092813,0.614585063044307,0.702354165065294,0.000376912857185041,missense|LC,11067351903,11,67351903,
PCLAF,ENSG00000166803,0.751903300991352,0.649992256978872,0.531128747205962,0.00100176507215584,missense|LC,15064365987,15,64365987,
AC087632.2,ENSG00000259316,0.751903300991352,0.649992256978872,0.531128747205962,0.00100176507215584,missense|LC,15064251468,15,64251468,
ZNF568,ENSG00000198453,0.751926048816833,0.947183498545724,0.524212759807768,-0.0000390059904578593,missense|LC,19036914893,19,36914893,
ABCD1,ENSG00000101986,0.751927350437849,0.539780537983373,0.87601874442227,-0.000236953976360899,missense|LC,23153720816,X,153720816,
AC004687.2,ENSG00000285897,0.752127205506943,0.802203117051314,0.529608913800686,0.000113155310055508,missense|LC,17058346197,17,58346197,
ARID3B,ENSG00000179361,0.75219229872893,0.67183661721164,0.520737196657412,0.000216845012312452,missense|LC,15074543818,15,74543818,
DEFB129,ENSG00000125903,0.752203936636127,0.611099108595848,0.981736817756951,-0.000345293266743399,missense|LC,20000227199,20,227199,
LY6G5C,ENSG00000204428,0.752208194663065,0.604321436185994,0.811439955053879,0.00049429768102307,missense|LC,6031671762,6,31671762,
SDHA,ENSG00000073578,0.752265149488224,0.681760106341949,0.547764909648677,0.000184895525803944,missense|LC,5000216640,5,216640,
KRT35,ENSG00000197079,0.752404699659537,0.58931529742665,0.520697275624773,-0.000262254686256501,missense|LC,17041476976,17,41476976,
ZP1,ENSG00000149506,0.752412457272597,0.551851736762663,0.767633015142033,-0.00021939565421487,missense|LC,11060867450,11,60867450,
PTPN11,ENSG00000179295,0.752461925090373,0.552203703395376,0.685735442735454,0.000477980723897083,missense|LC,12112419113,12,112419113,
PKIG,ENSG00000168734,0.752476110720006,0.86517206875362,0.530027247540898,0.000498797378573184,missense|LC,20044614487,20,44614487,
CASC1,ENSG00000118307,0.752497867785439,0.551255283079138,0.957573215970337,-0.000316762309168759,missense|LC,12025103801,12,25103801,
WARS2,ENSG00000116874,0.752536843878045,0.569728335224515,0.870954315310702,-0.000261586079651009,missense|LC,1119032831,1,119032831,
CHPT1,ENSG00000111666,0.752541216655036,0.666263311473646,0.554058222115706,-0.000225325678394841,missense|LC,12101697826,12,101697826,
RNF43,ENSG00000108375,0.752567509088508,0.796219322166747,0.530016418715097,0.000116578994132215,missense|LC,17058351367,17,58351367,
AC026786.1,ENSG00000256825,0.752571688306216,0.52047651203176,0.808442751428759,0.000633840401074157,missense|LC,12133144402,12,133144402,
RAB5C,ENSG00000108774,0.752589373262129,0.589812838735685,0.856889628116833,0.000382271660809023,missense|LC,17042120671,17,42120671,
GLA,ENSG00000102393,0.752606709854584,0.972938805132762,0.564173775321657,0.0000152656404642513,missense|LC,23101395256,X,101395256,
ENO1,ENSG00000074800,0.752973829649012,0.592946636490566,0.964212298307063,0.000343501926583532,missense|LC,1008861276,1,8861276,
AC002985.1,ENSG00000268193,0.753189609088913,0.6209753699918,0.840548677972613,0.00042360338291598,missense|LC,19018903161,19,18903161,
IL6R,ENSG00000160712,0.753262295875818,0.750561471617422,0.553185081463637,-0.000168526573535005,missense|LC,1154405577,1,154405577,
GZMM,ENSG00000197540,0.753288273223732,0.741247441175776,0.551000683172583,0.0001213260462263,missense|LC,19000539056,19,539056,
TAS2R9,ENSG00000121381,0.753333267457404,0.612491486322348,0.802457490561986,-0.000150539494117793,missense|LC,12010805990,12,10805990,
DNAAF3,ENSG00000167646,0.753364063215064,0.687290207133461,0.535414549851957,-0.000176118404555025,missense|LC,19055153937,19,55153937,
ENPP1,ENSG00000197594,0.753375488789939,0.602335524521098,0.551495372411128,-0.000226262736924864,missense|LC,6131807905,6,131807905,
IL1RAPL1,ENSG00000169306,0.753379913582296,0.861194963856198,0.581004020062529,0.000466079315284715,missense|LC,23028789325,X,28789325,
AC024558.2,ENSG00000288436,0.753479637224172,0.82845508573123,0.536494286955492,0.000358866551124265,missense|LC,3126571895,3,126571895,
CCNL2,ENSG00000221978,0.753595414363049,0.726464808074655,0.546593364235727,-0.000148411878804004,missense|LC,1001387166,1,1387166,
FZR1,ENSG00000105325,0.753649428057967,0.863012115505218,0.520018779212508,0.000161431084556412,missense|LC,19003522948,19,3522948,
INTS3,ENSG00000143624,0.753689255099684,0.564396691473775,0.641635647876057,-0.000329550813160811,missense|LC,1153728520,1,153728520,
CPNE4,ENSG00000196353,0.753779535905514,0.93004143519902,0.54214924568768,0.0000658954116435617,missense|LC,3131535102,3,131535102,
LRRC8E,ENSG00000171017,0.753939792923568,0.970214381144646,0.540738900802302,-0.0000112334015349041,missense|LC,19007895493,19,7895493,
SRCIN1,ENSG00000277363,0.753943509149559,0.713897659023352,0.528048509971356,0.000151857627325079,missense|LC,17038533170,17,38533170,
PHYHIPL,ENSG00000165443,0.753962465047156,0.518412577089775,0.570214966232627,-0.00087352947427173,missense|LC,10059176780,10,59176780,
GOLGA6B,ENSG00000215186,0.754013547618032,0.552476283938466,0.657618642156801,0.000176210522271748,missense|LC,15072661173,15,72661173,
FTSJ3,ENSG00000108592,0.7540679289373,0.727190752489711,0.518165336163722,0.000158492317020053,missense|LC,17063815520,17,63815520,
CDK16,ENSG00000102225,0.754095234344397,0.673187112709387,0.549944048816783,-0.000224477115922208,missense|LC,23047218534,X,47218534,
LRRC71,ENSG00000160838,0.75410540100069,0.922305189158203,0.564990100731635,0.0000351671501534806,missense|LC,1156920674,1,156920674,
NUDT13,ENSG00000166321,0.754262653927618,0.76837113823128,0.563880458683039,0.000145673772883109,missense|LC,10073114346,10,73114346,
HOXD9,ENSG00000128709,0.754283511523382,0.637116647384537,0.560466924679494,-0.000226679189978606,missense|LC,2176118886,2,176118886,
MELK,ENSG00000165304,0.754342518741461,1,0.548773460786488,2.3199665050293e-7,missense|LC,9036581650,9,36581650,
ANKRD30B,ENSG00000180777,0.754342553399035,0.74723661009201,0.534439508354496,-0.0000839709589109343,missense|LC,18014748341,18,14748341,
ZBED5,ENSG00000236287,0.754379347851862,0.563976240883374,0.549142179300827,-0.000231842638221801,missense|LC,11010852710,11,10852710,
ADORA2A,ENSG00000128271,0.754436754038519,0.528785016775203,0.72409889911607,0.000498599946497278,missense|LC,22024433317,22,24433317,
ZNF608,ENSG00000168916,0.754458162200572,0.530330792082161,0.640759468658714,-0.000212655103899384,missense|LC,5124637826,5,124637826,
NUF2,ENSG00000143228,0.754503826354835,0.586315838896694,0.730516916952408,-0.00024747481598912,missense|LC,1163325982,1,163325982,
OR1J2,ENSG00000197233,0.754524465282061,0.621533143919479,0.77387014940876,0.000493482388208614,missense|LC,9122510802,9,122510802,
SLU7,ENSG00000164609,0.754529787889081,0.908510329060737,0.531874463935925,-0.0000887588608754898,missense|LC,5160403233,5,160403233,
SLC25A19,ENSG00000125454,0.754543790037528,0.872805554967487,0.536154904638859,0.000137951766059822,missense|LC,17075267996,17,75267996,
ZNF714,ENSG00000160352,0.754669521011794,0.932852692125842,0.5215374193171,-0.0000532855372321145,missense|LC,19021082241,19,21082241,
MRPS28,ENSG00000147586,0.75478580757812,0.547210492591378,0.757429826455119,0.00120457374945161,missense|LC,8079918920,8,79918920,
SPAM1,ENSG00000106304,0.754790263515698,0.867623779796141,0.560724157810517,0.000108576284635514,missense|LC,7123953539,7,123953539,
TNFRSF25,ENSG00000215788,0.7548223777359,0.53523492788327,0.629476700277712,0.000368546437791835,missense|LC,1006457112,1,6457112,
PCGF6,ENSG00000156374,0.754825879623131,0.517250337959353,0.980165496210471,-0.000533943306927717,missense|LC,10103303856,10,103303856,
OR10G9,ENSG00000236981,0.754854694341277,0.74770010722469,0.571421463127856,0.0000627737943207891,missense|LC,11124022923,11,124022923,
FHAD1,ENSG00000142621,0.754974519039852,0.766297935762374,0.510432140340164,0.0000970406861606437,missense|LC,1015251726,1,15251726,
SPRY1,ENSG00000164056,0.754984888609617,0.977733703539906,0.554878788801335,0.0000209047562981358,missense|LC,4123401475,4,123401475,
AFF2,ENSG00000155966,0.755055941142628,0.76617740710009,0.530856901369024,0.000102650357377112,missense|LC,23148501004,X,148501004,
SETD7,ENSG00000145391,0.755104353311102,0.568331091536811,0.65589948836227,0.000300867723873384,missense|LC,4139509626,4,139509626,
LIPC,ENSG00000166035,0.755255800860699,0.533316363631251,0.818635583013372,0.000291653631478763,missense|LC,15058431995,15,58431995,
DOC2A,ENSG00000149927,0.755270459257287,0.713106956628849,0.53491466316723,-0.000190078742480246,missense|LC,16030000701,16,30000701,
CAMK4,ENSG00000152495,0.755289677075098,0.952817403878174,0.535263335046506,0.0000459475968526428,missense|LC,5111224329,5,111224329,
MANSC1,ENSG00000111261,0.755430472590647,0.571225524939801,0.57177512408342,-0.000263249850510667,missense|LC,12012329964,12,12329964,
ATXN2L,ENSG00000168488,0.755570316778875,0.540148683743313,0.774340305917354,-0.000274860881807798,missense|LC,16028823194,16,28823194,
REPS1,ENSG00000135597,0.755620972454017,0.521438084485674,0.776452276212352,-0.000346853176166383,missense|LC,6138900853,6,138900853,
FAM160A2,ENSG00000051009,0.755740045016916,0.982732847825388,0.537442833817081,-0.00000708658710801517,missense|LC,11006209767,11,6209767,
EVC,ENSG00000072840,0.755999376027013,0.862192078885968,0.533519510907399,0.0000344726040249251,missense|LC,4005708203,4,5708203,
NRBP1,ENSG00000115216,0.75603033809237,0.975477695470904,0.52193160523247,-0.0000476811808592796,missense|LC,2027433226,2,27433226,
DEFB110,ENSG00000203970,0.756055597396224,0.559278958381276,0.582551922690033,-0.00125850401205532,missense|LC,6050018730,6,50018730,
KIR2DL3,ENSG00000243772,0.756063095362974,0.585439119915039,0.73139380110253,-0.0000899563837673691,missense|LC,19054735230,19,54735230,
HECA,ENSG00000112406,0.756207582091452,0.971459842039001,0.557812440628399,-0.0000224450421320648,missense|LC,6139135286,6,139135286,
PPP2R5E,ENSG00000154001,0.756308722418915,0.597796824423493,0.677991428771591,-0.000600672626185892,missense|LC,14063375976,14,63375976,
MRPS31,ENSG00000102738,0.756428380307511,0.910131718841696,0.59481345421459,0.0000519025152870422,missense|LC,13040729367,13,40729367,
CPA6,ENSG00000165078,0.756525628999852,0.587245576138925,0.588171620343347,-0.000195527639637754,missense|LC,8067422440,8,67422440,
NLGN4X,ENSG00000146938,0.756556837164517,0.612982940006643,0.527844831607978,0.000381278760349266,missense|LC,23005892711,X,5892711,
EFL1,ENSG00000140598,0.756796413976124,0.883786266108057,0.603136582678358,0.0000362467628865423,missense|LC,15082130285,15,82130285,
EMC2,ENSG00000104412,0.756865144872848,0.520418196357422,0.835592415956826,-0.00134300267031313,missense|LC,8108443579,8,108443579,
P2RY12,ENSG00000169313,0.756898204930844,0.519247249978535,0.544883931098827,-0.000854602901714464,missense|LC,3151337739,3,151337739,
MEIS1,ENSG00000143995,0.7569416477035,0.618674014457939,0.522208378726459,0.000581449911856938,missense|LC,2066435808,2,66435808,
ZNF232,ENSG00000167840,0.756989513973752,0.733264664533263,0.527370972801729,-0.000231764987829725,missense|LC,17005105747,17,5105747,
MIEF2,ENSG00000177427,0.756997289691088,0.526466203654374,0.667686322597147,0.000272979126366383,missense|LC,17018256467,17,18256467,
DPT,ENSG00000143196,0.757082885750546,0.803060588289706,0.569420455593979,-0.000122193737428376,missense|LC,1168696486,1,168696486,
MARVELD2,ENSG00000152939,0.757213271465814,0.749320632095048,0.556648282866366,0.000127814108029863,missense|LC,5069410443,5,69410443,
DRD4,ENSG00000069696,0.757280027107856,0.532502916020922,0.544330881294394,-0.000168216866154658,missense|LC,11000637168,11,637168,
TRIM39-RPP21,ENSG00000248167,0.757337125102662,0.92794660468789,0.526430925150846,0.0000761329066158421,missense|LC,6030329208,6,30329208,
ZFHX2,ENSG00000136367,0.757380080742747,0.763754903928722,0.518937505546406,0.0000789197937297216,missense|LC,14023521804,14,23521804,
EIF4G2,ENSG00000110321,0.757402915781943,0.75230647732115,0.544112742249383,-0.000199991895143275,missense|LC,11010797746,11,10797746,
NCOA5,ENSG00000124160,0.757474563664171,0.571443930423529,0.700247377538312,0.000280944739156672,missense|LC,20046056024,20,46056024,
KLHL21,ENSG00000162413,0.757526644749315,0.521549901676278,0.523587944165751,-0.000379862557997038,missense|LC,1006585844,1,6585844,
PRKACB,ENSG00000142875,0.757738513067703,0.968359007350912,0.545143304259164,0.0000458537164339988,missense|LC,1084144178,1,84144178,
LRCOL1,ENSG00000204583,0.757903747281482,0.933874438698386,0.545834562244444,-0.0000641611208998685,missense|LC,12132603263,12,132603263,
BLM,ENSG00000197299,0.757995686003269,0.534234131778251,0.777197757024236,0.000199380202514281,missense|LC,15090747338,15,90747338,
TNFSF8,ENSG00000106952,0.758002378962319,0.540965027979421,0.530681828431582,0.000689317133062987,missense|LC,9114903627,9,114903627,
SLC5A8,ENSG00000256870,0.758013155790233,0.851566064984651,0.56726996552914,0.0000809684069667361,missense|LC,12101157166,12,101157166,
ARHGEF19,ENSG00000142632,0.758020983751967,0.942579516411004,0.548104782754222,0.0000250394751107036,missense|LC,1016198469,1,16198469,
TNFSF13B,ENSG00000102524,0.75807722856648,0.79772140507293,0.528282798138304,0.000407756124765558,missense|LC,13108269825,13,108269825,
GOLGA6A,ENSG00000159289,0.758203647527765,0.560450945494839,0.694950519668351,-0.000422654448844628,missense|LC,15074070778,15,74070778,
CAND1,ENSG00000111530,0.758216082753781,0.555931732843184,0.685995802577646,-0.00030944555520906,missense|LC,12067269652,12,67269652,
ALX4,ENSG00000052850,0.75829332272107,0.516404756870718,0.900144057607807,0.000436898770934681,missense|LC,11044264754,11,44264754,
THUMPD1,ENSG00000066654,0.758421315046265,0.764696662559147,0.535007940550372,-0.000222204710417432,missense|LC,16020729303,16,20729303,
TEX47,ENSG00000164645,0.758658326023564,0.610555774666417,0.670728869673284,0.000248013925483182,missense|LC,7088794116,7,88794116,
WDR53,ENSG00000185798,0.758713031071871,0.543654761695978,0.778203670361152,0.000561869085024469,missense|LC,3196554172,3,196554172,
RNF10,ENSG00000022840,0.758812127089042,0.515969815114634,0.769703982461622,0.000314141588072666,missense|LC,12120534813,12,120534813,
CSF2,ENSG00000164400,0.758906484931357,0.612469747274505,0.749597263346351,0.00048427989061503,missense|LC,5132073742,5,132073742,
RIPK2,ENSG00000104312,0.759230001049042,0.783009634243902,0.523085880951339,-0.000262869259936647,missense|LC,8089757141,8,89757141,
CLECL1,ENSG00000184293,0.75931485117967,0.548881657974247,0.643558128365959,-0.000456402759636529,missense|LC,12009722457,12,9722457,
NDUFC1,ENSG00000109390,0.759334996453379,0.954242699284447,0.545160554424373,-0.000119816170017749,missense|LC,4139292535,4,139292535,
UBOX5,ENSG00000185019,0.759406463407664,0.561349450646726,0.565189928113269,0.00027287589648802,missense|LC,20003110009,20,3110009,
ENOPH1,ENSG00000145293,0.759449551494436,0.671351814908191,0.558429448685685,-0.000504577821008565,missense|LC,4082426030,4,82426030,
FAM83C,ENSG00000125998,0.75949100974111,0.585118709393108,0.526628157409676,0.000165856136873465,missense|LC,20035280734,20,35280734,
TIFA,ENSG00000145365,0.759528777751491,0.790026617037996,0.565181924301416,-0.000232345439831335,missense|LC,4112277771,4,112277771,
PABPN1,ENSG00000100836,0.759584360586837,0.553378198162621,0.842728538382041,-0.000343696947426304,missense|LC,14023319702,14,23319702,
S100Z,ENSG00000171643,0.759688795182856,0.540257200442711,0.69047876019108,-0.00135489990501957,missense|LC,5076875295,5,76875295,
NMS,ENSG00000204640,0.759724255770676,0.976959534234689,0.534057355442686,0.000041753007689739,missense|LC,2100470439,2,100470439,
FST,ENSG00000134363,0.759743256246881,0.610745395204705,0.900928473025769,-0.000257091374119306,missense|LC,5053480763,5,53480763,
PARVA,ENSG00000197702,0.759762611809599,0.537513498422586,0.704983173149499,0.000466268298659737,missense|LC,11012376661,11,12376661,
NR4A1,ENSG00000123358,0.759813605001986,0.533949072025865,0.804405438180926,-0.000340496477769752,missense|LC,12052037292,12,52037292,
LAMP5,ENSG00000125869,0.759877171295466,0.9764806058699,0.532154507714545,-0.000025952824215044,missense|LC,20009514782,20,9514782,
AKR1B15,ENSG00000227471,0.75992457939157,0.813956779187751,0.60438059428571,-0.000124771257111177,missense|LC,7134565344,7,134565344,
MGARP,ENSG00000137463,0.759969778536243,0.588627987071483,0.532074692304505,0.000533275336790296,missense|LC,4139266531,4,139266531,
CBR4,ENSG00000145439,0.760002711882587,0.646022395812951,0.899088834736505,-0.000277250296051271,missense|LC,4168987577,4,168987577,
NSG2,ENSG00000170091,0.76000324288072,0.527393643225016,0.86144374622934,-0.000882129985841114,missense|LC,5174046663,5,174046663,
BTN3A2,ENSG00000186470,0.760012679539006,0.669890898402474,0.540156742689375,-0.000298420752122963,missense|LC,6026365229,6,26365229,
NPIPA2,ENSG00000254852,0.760071069179121,0.553393292536277,0.999166079615356,-0.000868897665276727,missense|LC,16014765200,16,14765200,
ADRM1,ENSG00000130706,0.760094133466468,0.540572265615369,0.532049517804291,0.000540626154339036,missense|LC,20062303479,20,62303479,
CD86,ENSG00000114013,0.760294235726918,0.591382063934482,0.680821885723032,0.000357777172322857,missense|LC,3122055421,3,122055421,
AOAH,ENSG00000136250,0.760403388086586,0.553607160405464,0.69707759683294,-0.00020283424525002,missense|LC,7036513003,7,36513003,
SMPD2,ENSG00000135587,0.760408437423938,0.556473439627868,0.844723561531986,-0.000341279201323067,missense|LC,6109436101,6,109436101,
FASTKD3,ENSG00000124279,0.760422771731056,0.672225211148266,0.555574538197303,-0.000288264657114164,missense|LC,5007859408,5,7859408,
KCNK3,ENSG00000171303,0.760512895634777,0.941455702137384,0.547942742604714,0.0000699227509090551,missense|LC,2026692799,2,26692799,
DENND6A,ENSG00000174839,0.760624591319378,0.981540774331624,0.569327003082867,0.000012995755086722,missense|LC,3057628087,3,57628087,
MYBPHL,ENSG00000221986,0.760671185488432,0.832103004768666,0.549266927751224,0.0000873603062332952,missense|LC,1109294212,1,109294212,
KCNA1,ENSG00000111262,0.760747707562696,0.746169656468613,0.553101417893232,0.000284345080658504,missense|LC,12004911311,12,4911311,
NARF,ENSG00000141562,0.76081330763573,0.588619658775309,0.954078779530256,0.000240085865125506,missense|LC,17082458670,17,82458670,
Z83844.2,ENSG00000285304,0.760872184178975,0.565348332044701,0.938878797335297,-0.000188981594619624,missense|LC,22037639741,22,37639741,
PRAMEF18,ENSG00000279804,0.760874640347549,0.961335598274787,0.611905386970757,0.0000483983362532106,missense|LC,1013223374,1,13223374,
XPNPEP1,ENSG00000108039,0.76092769951711,0.781650705858591,0.544203133757149,-0.000206550442579579,missense|LC,10109865061,10,109865061,
MRPL13,ENSG00000172172,0.760930706288251,0.922596948114583,0.63358734787046,0.0000687517819278349,missense|LC,8120396042,8,120396042,
TTC26,ENSG00000105948,0.761045212645355,0.560826967885905,0.82975630975968,0.000391163961808795,missense|LC,7139133751,7,139133751,
PWP2,ENSG00000241945,0.761327741198813,,,,missense|LC,21044107359,21,44107359,
ZNF189,ENSG00000136870,0.761376321768973,0.583172251963882,0.867644142896668,0.000239639547425711,missense|LC,9101398446,9,101398446,
ATF2,ENSG00000115966,0.761591775807392,0.782455368804366,0.556400119775457,-0.000202543880222603,missense|LC,2175074488,2,175074488,
ITM2C,ENSG00000135916,0.761641070930829,0.604011153866696,0.755453559227846,-0.000247674280505242,missense|LC,2230864889,2,230864889,
TIMP2,ENSG00000035862,0.761643499436785,0.916379001165441,0.536820607566763,-0.000134438221042464,missense|LC,17078855575,17,78855575,
C11orf24,ENSG00000171067,0.761647262100878,0.812946626786419,0.554375449014706,0.000105933381282393,missense|LC,11068261576,11,68261576,
TBC1D28,ENSG00000189375,0.761737526026616,0.58426322029701,0.539570040820384,0.000307819457584941,missense|LC,17018635509,17,18635509,
FGF17,ENSG00000158815,0.761749762910848,0.585648925225819,0.526499262489568,0.00100535939651944,missense|LC,8022042841,8,22042841,
CAPN8,ENSG00000203697,0.761847980676328,0.79894544683728,0.566099111283575,-0.000104008588314232,missense|LC,1223541698,1,223541698,
IL17RC,ENSG00000163702,0.761899655470743,0.858951387000356,0.554768299894076,0.0000580437921658631,missense|LC,3009913905,3,9913905,
CFAP53,ENSG00000172361,0.761931843235182,0.955939696056668,0.541547405008475,-0.0000247675532214406,missense|LC,18050227343,18,50227343,
NXPH2,ENSG00000144227,0.762037267979592,0.929556251855076,0.602332607983738,0.0000723153868143246,missense|LC,2138670831,2,138670831,
CDK13,ENSG00000065883,0.762092120830068,0.562089423862076,0.838572171048106,-0.000213134907859473,missense|LC,7039949534,7,39949534,
ZNF764,ENSG00000169951,0.762161140794331,0.734259856209474,0.550517668244669,0.000137594713828568,missense|LC,16030555085,16,30555085,
ETV5,ENSG00000244405,0.762248216720938,0.554081563373483,0.6054764823501,-0.00036568254906973,missense|LC,3186048578,3,186048578,
UQCRC1,ENSG00000010256,0.762276338051111,0.558051691679858,0.934785611451344,0.000263922323776404,missense|LC,3048594269,3,48594269,
CARD17,ENSG00000255221,0.762492962193857,0.931796777491406,0.616373343342386,-0.0000479876635286636,missense|LC,11105099330,11,105099330,
ZNF461,ENSG00000197808,0.762567848321447,0.772100201841799,0.539297590189787,0.000163658157147041,missense|LC,19036638594,19,36638594,
CYP2A7,ENSG00000198077,0.762580069207835,0.925770591633971,0.554545705223536,0.000036611203480633,missense|LC,19040875558,19,40875558,
KRTAP20-1,ENSG00000244624,0.762606212595676,0.661606336853851,0.579076545987002,-0.000815678076229178,missense|LC,21030613507,21,30613507,
GAPT,ENSG00000175857,0.76268868536876,0.924266408845318,0.604128433515975,0.000047790776711204,missense|LC,5058494475,5,58494475,
PGAP2,ENSG00000148985,0.762730908615108,0.685381763317535,0.541615627622152,0.000269043033224763,missense|LC,11003807972,11,3807972,
TRIM35,ENSG00000104228,0.762740863931328,0.558463709390268,0.74384653209627,0.000203363996348624,missense|LC,8027287455,8,27287455,
NPY4R2,ENSG00000264717,0.762812954151087,0.80679180907559,0.557611437056903,0.000282522266890991,missense|LC,10047922593,10,47922593,
ZNF207,ENSG00000010244,0.762840096550587,0.539321323677586,0.584259664289674,-0.000532638904867834,missense|LC,17032349846,17,32349846,
RPL18A,ENSG00000105640,0.762874649520148,0.731215067383841,0.554911398272545,0.000397524983296353,missense|LC,19017859874,19,17859874,
TIGD3,ENSG00000173825,0.762906019526196,0.9879029815355,0.533540530054765,-0.0000109329428276831,missense|LC,11065351628,11,65351628,
SERPINE1,ENSG00000106366,0.76296741790822,0.527087294289592,0.541356748915355,0.000614766473806284,missense|LC,7101128284,7,101128284,
LIN54,ENSG00000189308,0.762970925529613,0.558007031525207,0.628620481778513,-0.00038086389265234,missense|LC,4082928050,4,82928050,
LHFPL1,ENSG00000182508,0.762985426353495,0.748611015244777,0.543088807286521,-0.00035226618727793,missense|LC,23112631367,X,112631367,
GON7,ENSG00000170270,0.763153062665507,0.796865123591124,0.555747024373594,-0.000515890460042244,missense|LC,14093203642,14,93203642,
PACS1,ENSG00000175115,0.76326610336716,0.600612851229682,0.517243852979176,0.000330003549736755,missense|LC,11066067887,11,66067887,
ABCA9,ENSG00000154258,0.763317236548616,0.612730822733825,0.729599187365473,-0.000235759999566274,missense|LC,17068975867,17,68975867,
NKX3-1,ENSG00000167034,0.763362941595839,0.612818691600628,0.746902698274429,-0.000314546196872986,missense|LC,8023681156,8,23681156,
CBLIF,ENSG00000134812,0.763428000955072,0.553588874523505,0.806600435955921,0.000262563327060841,missense|LC,11059829454,11,59829454,
ERBB4,ENSG00000178568,0.763430232183766,0.516019915272175,0.783176298844344,0.000359647847881353,missense|LC,2211383569,2,211383569,
REG4,ENSG00000134193,0.763552568100094,0.891540808244325,0.543976275115061,0.00019736402453079,missense|LC,1119794559,1,119794559,
SEC14L1,ENSG00000129657,0.763567138462042,0.696926077240075,0.574024444459785,0.000171213064444653,missense|LC,17077143546,17,77143546,
SEMA3D,ENSG00000153993,0.763611643954327,0.629771417812402,0.789330637954147,-0.000452345533298616,missense|LC,7084999390,7,84999390,
ESYT3,ENSG00000158220,0.763651263023987,0.730161659079884,0.542026672868414,0.000108120509500751,missense|LC,3138434719,3,138434719,
USPL1,ENSG00000132952,0.763679661086102,0.552502216730083,0.762829707721022,-0.00020569212501902,missense|LC,13030621081,13,30621081,
FBXL16,ENSG00000127585,0.763737324877946,0.532362470286955,0.74682832266283,0.000653838224201701,missense|LC,16000687503,16,687503,
SPATA45,ENSG00000185523,0.763795393098737,0.572351865749204,0.927323237348979,-0.000891223705196658,missense|LC,1212830207,1,212830207,
CHST3,ENSG00000122863,0.763802222558111,0.532193907926818,0.646758409892589,0.000431401553883269,missense|LC,10072005743,10,72005743,
TOGARAM1,ENSG00000198718,0.763805480419824,0.969128276710283,0.54578757579339,-0.000022607111988345,missense|LC,14044960877,14,44960877,
ARL8A,ENSG00000143862,0.763886366379938,0.743290079902357,0.549733218977528,-0.000625784181079003,missense|LC,1202128446,1,202128446,
RFX3,ENSG00000080298,0.76391312043561,0.614523443308718,0.956563016486738,-0.000221451660258217,missense|LC,9003224967,9,3224967,
AP002884.2,ENSG00000255292,0.763917961678936,0.594965342384,0.686453653797012,-0.000173113875926561,missense|LC,11112081924,11,112081924,
ZMAT3,ENSG00000172667,0.763960895572861,0.530628017514729,0.855403142785776,-0.000736312367905191,missense|LC,3179024957,3,179024957,
GPC5,ENSG00000179399,0.76396276473099,0.553137721766983,0.87177788921705,0.000295403484018281,missense|LC,13091398922,13,91398922,
GALNT6,ENSG00000139629,0.763972671694184,0.594686554868903,0.533418075337717,0.000289075099995861,missense|LC,12051346548,12,51346548,
MOG,ENSG00000204655,0.763996744802542,0.689795734343639,0.543165758853963,-0.000492467880114373,missense|LC,6029657171,6,29657171,
ERH,ENSG00000100632,0.76410099933267,0.708390186136913,0.532307879820755,-0.00255095831267043,missense|LC,14069380549,14,69380549,
BVES,ENSG00000112276,0.764113357803279,0.87566562075762,0.544239033317157,0.000114531830204207,missense|LC,6105100977,6,105100977,
WIZ,ENSG00000011451,0.764158940899234,0.964623273259779,0.546809925056102,-0.000021289676973104,missense|LC,19015418826,19,15418826,
ARRDC5,ENSG00000205784,0.764195613436633,0.577010922638361,0.699017591155776,0.000278499229539434,missense|LC,19004890977,19,4890977,
RCAN3,ENSG00000117602,0.764206219647587,0.946202792067851,0.558213296768616,0.0000535581861049419,missense|LC,1024514295,1,24514295,
TRABD,ENSG00000170638,0.7642448962761,0.683489655425664,0.537215937926,0.000308500742860839,missense|LC,22050193014,22,50193014,
APEX1,ENSG00000100823,0.764304883501196,0.54658402644567,0.539351321819804,-0.000463600651596332,missense|LC,14020451906,14,20451906,
RAP1A,ENSG00000116473,0.7643339432106,0.563208363482734,0.845196622918232,0.00108990121300873,missense|LC,1111691303,1,111691303,
SLC25A28,ENSG00000155287,0.764561619196889,0.541253617681925,0.942595780965573,0.000635612773103137,missense|LC,10099610738,10,99610738,
IRX4,ENSG00000113430,0.764567637227243,0.604938139480809,0.568513300358485,0.000207715076866997,missense|LC,5001877892,5,1877892,
ACTR3,ENSG00000115091,0.76460373401382,0.538704681323075,0.668992719984137,-0.000956434171109525,missense|LC,2113890168,2,113890168,
PTDSS1,ENSG00000156471,0.764626669665887,0.734392860310148,0.563413244753461,0.000247718428156682,missense|LC,8096256906,8,96256906,
CNTNAP1,ENSG00000108797,0.764646723075432,0.719631705545358,0.529213036410801,-0.0001538232238372,missense|LC,17042679506,17,42679506,
SCAMP1,ENSG00000085365,0.76471853207749,0.553451426635477,0.530829529708824,-0.000918853747586684,missense|LC,5078360589,5,78360589,
SLC35D3,ENSG00000182747,0.764838026506217,0.852551577068407,0.550013038139271,-0.000137035093219894,missense|LC,6136922321,6,136922321,
LARS1,ENSG00000133706,0.764870164336281,0.626665233469208,0.562131026083222,-0.000135777917071925,missense|LC,5146114064,5,146114064,
MBIP,ENSG00000151332,0.765004742888497,0.532470027417501,0.752048170722333,0.000639985517725955,missense|LC,14036299048,14,36299048,
RNF39,ENSG00000204618,0.765040546334801,0.571460751168964,0.590721188831243,0.000290018558407477,missense|LC,6030067330,6,30067330,
ZNF302,ENSG00000089335,0.765107921510515,0.921319041150802,0.56895873403961,0.0000431964877912265,missense|LC,19034678710,19,34678710,
SLC6A15,ENSG00000072041,0.765274724578006,0.912262549926256,0.558473176762508,0.0000532959074238333,missense|LC,12084861534,12,84861534,
SLC39A3,ENSG00000141873,0.765416303171867,0.847839159827235,0.565782587856476,-0.00010489487909488,missense|LC,19002732180,19,2732180,
ADIRF,ENSG00000148671,0.765530318016489,0.890862867352992,0.591526980457104,-0.000242926063891556,missense|LC,10086968445,10,86968445,
PRR16,ENSG00000184838,0.765537141951237,0.78071629221348,0.589625442921731,-0.000123782372387693,missense|LC,5120464384,5,120464384,
MOSPD1,ENSG00000101928,0.765610557887353,0.862605522160717,0.596414850446073,-0.000202603822695407,missense|LC,23134889119,X,134889119,
AQP4,ENSG00000171885,0.765635502954432,0.685031289584476,0.559026895678403,-0.000303729059354592,missense|LC,18026856114,18,26856114,
PXMP2,ENSG00000176894,0.765660531562842,0.955065087602288,0.577458109024153,-0.0000290107896511166,missense|LC,12132687193,12,132687193,
SCD5,ENSG00000145284,0.765925415816007,0.541344889666138,0.659110981668936,0.000488135412437172,missense|LC,4082631254,4,82631254,
ACP3,ENSG00000014257,0.765948658861854,0.546940453409609,0.67796095707055,0.000421242241805925,missense|LC,3132317354,3,132317354,
TTC22,ENSG00000006555,0.766023598694899,0.532419952062059,0.729788710270791,-0.000425545013485931,missense|LC,1054781178,1,54781178,
MAD2L1,ENSG00000164109,0.76604823915699,0.855738712275486,0.647369917727632,0.000102111325149549,missense|LC,4120060053,4,120060053,
KLHL28,ENSG00000179454,0.766084852179763,0.592000938525342,0.630491393557314,-0.000255715431561325,missense|LC,14044928954,14,44928954,
MMP13,ENSG00000137745,0.766307285962863,0.905084219606784,0.532491539158038,-0.0000711197793058695,missense|LC,11102944226,11,102944226,
GALR3,ENSG00000128310,0.766436213861069,0.557224630668184,0.97526461259894,-0.000162018147969307,missense|LC,22037823357,22,37823357,
OR52E2,ENSG00000176787,0.766566624834803,0.577772653000688,0.55937704715858,0.000334618057031171,missense|LC,11005058590,11,5058590,
DHFR,ENSG00000228716,0.766597095442319,0.553705443088702,0.818906449222433,0.00104162292066242,missense|LC,5080629103,5,80629103,
NDUFA1,ENSG00000125356,0.766608838797764,0.955350696310096,0.56433386943257,0.000172699094809013,missense|LC,23119870525,X,119870525,
HRH3,ENSG00000101180,0.766630247826857,0.531914790509039,0.653869114457128,0.000566126139720042,missense|LC,20062215921,20,62215921,
SALL2,ENSG00000165821,0.766709085329643,0.717062352833634,0.557230052040899,-0.000135517923688457,missense|LC,14021521891,14,21521891,
KIF21B,ENSG00000116852,0.76673154940161,0.967601216568793,0.554454419435518,-0.0000178172148081067,missense|LC,1200973806,1,200973806,
DYNLL2,ENSG00000264364,0.766741377558196,0.619447019388344,0.810205847480639,-0.0019074624347838,missense|LC,17058086980,17,58086980,
MAB21L1,ENSG00000180660,0.766754125134374,0.591655178839652,0.929365007352364,-0.000412376104220346,missense|LC,13035472303,13,35472303,
NGRN,ENSG00000182768,0.766768694550018,0.620062373790404,0.60237659300671,0.000295037240837356,missense|LC,15090261925,15,90261925,
JMJD7,ENSG00000243789,0.766836138497814,0.719080614255966,0.591381484872297,-0.000156791561398908,missense|LC,15041823098,15,41823098,
PGR,ENSG00000082175,0.766937844636606,0.774102333442806,0.553528201646942,-0.00011658685485375,missense|LC,11101039062,11,101039062,
SYT1,ENSG00000067715,0.766985248259006,0.836113244627363,0.639134127647659,-0.000154324827333958,missense|LC,12079217419,12,79217419,
CEP83,ENSG00000173588,0.767009534037423,0.828893229736587,0.544291714378329,0.000117908563859547,missense|LC,12094303680,12,94303680,
PMEPA1,ENSG00000124225,0.767308924879169,0.606619209799483,0.596311508128587,-0.000305660344871843,missense|LC,20057651975,20,57651975,
ZSCAN10,ENSG00000130182,0.767321327740157,0.625078832407892,0.892127954832019,0.00013198844409206,missense|LC,16003088905,16,3088905,
TCIM,ENSG00000176907,0.767338311039969,0.539799480761883,0.997468956258591,-0.00110541825715206,missense|LC,8040153471,8,40153471,
DIRAS1,ENSG00000176490,0.767362701140023,0.800104586914559,0.613294553569946,0.000308541621814045,missense|LC,19002717121,19,2717121,
CNTNAP2,ENSG00000174469,0.767395146025526,0.605956789667204,0.650751379622104,0.000376041582507103,missense|LC,7146116818,7,146116818,
STARD3,ENSG00000131748,0.767478001495722,0.568413404697436,0.693230629681382,-0.000333860319055643,missense|LC,17039633729,17,39633729,
LSS,ENSG00000160285,0.767702860693405,0.77597653256806,0.54209513802158,0.000128968337377508,missense|LC,21046191002,21,46191002,
FAS,ENSG00000026103,0.767869850149593,0.867024529307362,0.626873336100149,-0.00167162112800543,missense|LC,10088990769,10,88990769,
DIAPH3,ENSG00000139734,0.767940143189263,0.761175568060671,0.565398743738036,-0.0000973955830203349,missense|LC,13059666492,13,59666492,
KRT6A,ENSG00000205420,0.768091216362404,0.570279944313633,0.682263809491287,0.000211926455235602,missense|LC,12052487621,12,52487621,
SPIRE1,ENSG00000134278,0.768099731321954,0.674167405052569,0.544850499682674,-0.000229759990671245,missense|LC,18012449547,18,12449547,
CHRDL1,ENSG00000101938,0.768179821212043,0.978924958714793,0.536846096524788,-0.0000213079523399341,missense|LC,23110676169,X,110676169,
CREB3,ENSG00000107175,0.768190255580188,0.741985564763093,0.585513343404137,0.000161646310448108,missense|LC,9035732645,9,35732645,
PRDM14,ENSG00000147596,0.768190696005195,0.70549265496386,0.576605515234521,0.000204366510643905,missense|LC,8070052033,8,70052033,
MYOCD,ENSG00000141052,0.768433340123484,0.800231253667831,0.547028251685923,0.000102649949154091,missense|LC,17012666144,17,12666144,
UGT2B15,ENSG00000196620,0.768482401765565,0.981712260411247,0.55634213159267,0.00000809910840504667,missense|LC,4068646970,4,68646970,
NCF1,ENSG00000158517,0.768543923440653,0.687551866934424,0.588712062333805,-0.000329729267100153,missense|LC,7074777220,7,74777220,
CTBP1,ENSG00000159692,0.768576311912263,0.85509519298055,0.54409985641791,0.000167063386202411,missense|LC,4001212157,4,1212157,
RTN2,ENSG00000125744,0.768580208174886,0.566139325219923,0.714049433851316,-0.000317891569726589,missense|LC,19045485657,19,45485657,
PYY,ENSG00000131096,0.768751386252833,0.561997014614914,0.840807430040757,0.0013214746607216,missense|LC,17043952850,17,43952850,
IGLL5,ENSG00000254709,0.76891808855552,0.601891163989257,0.574863341455075,0.000228720388793216,missense|LC,22022887998,22,22887998,
MDFI,ENSG00000112559,0.768933347669519,0.551410453296428,0.766509490950578,0.000593169088620775,missense|LC,6041638657,6,41638657,
KRTAP9-4,ENSG00000241595,0.7689411044121,0.632010872094716,0.808260738613649,-0.000267368392495289,missense|LC,17041249551,17,41249551,
PPP3CA,ENSG00000138814,0.768990796619538,0.53018236128714,0.641915971151043,0.000901580273456023,missense|LC,4101025802,4,101025802,
CYLC1,ENSG00000183035,0.769157522889869,0.977382123880663,0.551890412121728,0.00000964100819593311,missense|LC,23083861148,X,83861148,
AC093668.1,ENSG00000270249,0.769228883828498,0.668428381911353,0.866880479189115,0.000294660807194024,missense|LC,7102541571,7,102541571,
ZNF341,ENSG00000131061,0.769266221232526,0.642540518525217,0.550583465212944,-0.000161917453888005,missense|LC,20033731885,20,33731885,
ABRA,ENSG00000174429,0.769274242052563,0.534426109862625,0.913788480230975,-0.000417288727125768,missense|LC,8106760967,8,106760967,
PRCD,ENSG00000214140,0.769355063904869,0.594931409608002,0.695965104573744,-0.000739728162222345,missense|LC,17076537282,17,76537282,
NMRK1,ENSG00000106733,0.769463495829847,0.82050954210247,0.584784857437188,0.0000892697439584412,missense|LC,9075061496,9,75061496,
PPAN-P2RY11,ENSG00000243207,0.76949903455248,0.55727318418089,0.555460945062705,-0.00015792259400205,missense|LC,19010102479,19,10102479,
TMEM132C,ENSG00000181234,0.769554274702521,0.555867590285662,0.552051326753733,-0.000166761330284229,missense|LC,12128267406,12,128267406,
SH2D4B,ENSG00000178217,0.769576922283551,0.749169423393934,0.551416609903328,-0.000192897465003718,missense|LC,10080538244,10,80538244,
UTF1,ENSG00000171794,0.76958069388638,0.780942149510038,0.553442596276596,-0.00017146471768672,missense|LC,10133230137,10,133230137,
PDZRN3,ENSG00000121440,0.769601025819886,0.552754828927067,0.619998208432692,-0.000181308453283976,missense|LC,3073383287,3,73383287,
L3MBTL4,ENSG00000154655,0.769607962324253,0.577887671001819,0.883581756329699,-0.000792981360366655,missense|LC,18005956162,18,5956162,
NPAS4,ENSG00000174576,0.769616956027209,0.576506966936999,0.742950222846869,-0.000196636617687122,missense|LC,11066421113,11,66421113,
GABRA3,ENSG00000011677,0.769638914222072,0.542780994689585,0.64997607047683,0.000721428711926402,missense|LC,23152168191,X,152168191,
BZW1,ENSG00000082153,0.769643558791346,0.697599279641603,0.607615896258443,-0.00032904404365044,missense|LC,2200812356,2,200812356,
PCMTD2,ENSG00000203880,0.769662879578518,0.797742067351642,0.534347322870917,0.000233973640727739,missense|LC,20064259938,20,64259938,
RABAC1,ENSG00000105404,0.769683153842177,0.544269170414482,0.663839281080673,0.000891156444432172,missense|LC,19041956765,19,41956765,
MPP5,ENSG00000072415,0.769692839853826,0.577727575083205,0.807899337900759,0.000236327831592026,missense|LC,14067279085,14,67279085,
TGDS,ENSG00000088451,0.76969941475103,0.883298890460714,0.568528726979604,-0.000104438140996439,missense|LC,13094574753,13,94574753,
ARL6,ENSG00000113966,0.769701087747973,0.678950615021292,0.545129377642026,0.00068901825606223,missense|LC,3097768023,3,97768023,
PLA2G4D,ENSG00000159337,0.769719961041844,0.550339058507893,0.876814260182906,0.000168449244276627,missense|LC,15042068633,15,42068633,
METTL16,ENSG00000127804,0.769748019402349,0.901646842506545,0.541532658876428,0.0000934919160337721,missense|LC,17002419877,17,2419877,
SEC22B,ENSG00000265808,0.769899563713177,0.989678122838577,0.554078844191281,0.0000216011341656639,missense|LC,1120157044,1,120157044,
TBC1D3B,ENSG00000274808,0.769931541897064,0.627117958649424,0.719412029082208,-0.00021935260993616,missense|LC,17036168990,17,36168990,
KRT3,ENSG00000186442,0.769934973064237,0.576316405237686,0.54009733114689,0.000251887269591639,missense|LC,12052789960,12,52789960,
STMN1,ENSG00000117632,0.76999800417941,0.578516640710502,0.925000098610273,-0.000996060341576775,missense|LC,1025885598,1,25885598,
EIF2AK3,ENSG00000172071,0.770046234927473,0.871493915352429,0.57496992138069,0.0000577711290545845,missense|LC,2088557658,2,88557658,
CRHR2,ENSG00000106113,0.770107590440568,0.619977001732012,0.897528089645935,-0.000128031919350963,missense|LC,7030653327,7,30653327,
KCTD12,ENSG00000178695,0.770200762086088,0.785542564827953,0.532495155438754,0.000314614785537831,missense|LC,13076885071,13,76885071,
OLFML2B,ENSG00000162745,0.770277732893816,0.987151696836959,0.582163069074462,0.00000911994001176141,missense|LC,1161983582,1,161983582,
IL16,ENSG00000172349,0.77029291741542,0.99182904498793,0.55381446569297,-0.00000367800726901469,missense|LC,15081225403,15,81225403,
KCNJ5,ENSG00000120457,0.770307087086408,0.524422931081391,0.619575787112516,0.000642605124667444,missense|LC,11128902441,11,128902441,
HELT,ENSG00000187821,0.770313119230114,0.558018557443969,0.610814385284599,0.00049180029994678,missense|LC,4185018840,4,185018840,
PIN4,ENSG00000102309,0.770318393208388,0.573466257789727,0.990885618667932,0.000878243557563735,missense|LC,23072181737,X,72181737,
FBXW2,ENSG00000119402,0.77041031056964,0.99152281122461,0.584942826540226,0.00000900930539823922,missense|LC,9120764470,9,120764470,
MAGEB4,ENSG00000120289,0.770420217516352,0.540582521845894,0.725967482372532,0.000586364736606446,missense|LC,23030237000,X,30237000,
INPP5D,ENSG00000168918,0.770519365174454,0.562832162177005,0.589846745431099,0.000244395926834271,missense|LC,2233060370,2,233060370,
SENP8,ENSG00000166192,0.770542221528904,0.737542631650041,0.601827503751002,0.000359005764947286,missense|LC,15072139504,15,72139504,
FER1L6,ENSG00000214814,0.770664763054431,0.602703875221832,0.804969921142278,-0.000226827396537985,missense|LC,8123939099,8,123939099,
CD5L,ENSG00000073754,0.770684940337526,0.534567400058552,0.687841834566449,-0.000562552382719686,missense|LC,1157830867,1,157830867,
TUBG1,ENSG00000131462,0.770727824590538,0.691774119473018,0.626643880133943,0.000352730133058275,missense|LC,17042609000,17,42609000,
PHPT1,ENSG00000054148,0.770772292396096,0.63530280632934,0.851775203422012,-0.000249628280819398,missense|LC,9136844413,9,136844413,
GRPEL2,ENSG00000164284,0.770819363878117,0.719230064055653,0.549289620002851,-0.000389276620436091,missense|LC,5149345461,5,149345461,
VCAN,ENSG00000038427,0.770826871257368,0.549975071518341,0.90666275072988,0.000108191142630496,missense|LC,5083483460,5,83483460,
ARPC5,ENSG00000162704,0.770849927918162,0.678088147066579,0.56730516028513,-0.000787087414706244,missense|LC,1183627484,1,183627484,
FCGR1B,ENSG00000198019,0.770924325836917,0.573656397123208,0.892935433869585,-0.000231398894654142,missense|LC,1121087224,1,121087224,
ZFYVE21,ENSG00000100711,0.771097944331431,0.538089574107403,0.606692354800251,-0.000605835086043125,missense|LC,14103710960,14,103710960,
TRUB1,ENSG00000165832,0.771124749488856,0.780951243128759,0.528819581466248,0.000299056596152851,missense|LC,10114938149,10,114938149,
ERICH3,ENSG00000178965,0.77115838850951,0.551111963614261,0.637803146904009,0.000135372038462428,missense|LC,1074570976,1,74570976,
POLR3GL,ENSG00000121851,0.77138722810057,0.614049424103236,0.662141814383144,-0.000360896786247287,missense|LC,1145960152,1,145960152,
RIPPLY3,ENSG00000183145,0.771401082563963,0.811652006508568,0.54437611950522,0.000216694915916992,missense|LC,21037006709,21,37006709,
SLC25A22,ENSG00000177542,0.77140849305198,0.954126754851986,0.565570165947841,-0.0000532625965412805,missense|LC,11000788065,11,788065,
OR5P2,ENSG00000183303,0.771511297909925,0.545393423317166,0.576038359797223,0.000370630628023234,missense|LC,11007795924,11,7795924,
NUFIP2,ENSG00000108256,0.771598828309271,0.879180548513711,0.576862757535685,0.0000613713969752476,missense|LC,17029251960,17,29251960,
OR9G1,ENSG00000174914,0.771646343232531,0.96007299438394,0.58412183189045,0.0000561191467521097,missense|LC,11056700228,11,56700228,
KIF5A,ENSG00000155980,0.771650400610324,0.570798567789448,0.845403961821993,0.000257603758239023,missense|LC,12057545944,12,57545944,
ZIC3,ENSG00000156925,0.771654631540058,0.606895887618532,0.656186346457215,-0.000196404774527085,missense|LC,23137566557,X,137566557,
RECQL,ENSG00000004700,0.771656845399311,0.598685953242531,0.829361306402715,0.000241206535852668,missense|LC,12021467402,12,21467402,
NOTUM,ENSG00000185269,0.771769773571765,0.689985651059379,0.566145630221182,0.000183384763817688,missense|LC,17081952898,17,81952898,
ANKRD10,ENSG00000088448,0.771782963855217,0.587080413130704,0.867646031195567,0.000307857214702045,missense|LC,13110879588,13,110879588,
ARL13A,ENSG00000174225,0.771785252112471,0.986922607399241,0.6310698567836,0.0000114679403133259,missense|LC,23100973630,X,100973630,
AC008758.6,ENSG00000269755,0.771834521622967,0.624265563260475,0.6686161113733,0.00103223418640893,missense|LC,19012430004,19,12430004,
TIMM23B-AGAP6,ENSG00000178440,0.771888723846849,0.560254646972482,0.92367159503908,0.000559385250881124,missense|LC,10049941464,10,49941464,
TIMM23B,ENSG00000204152,0.771888723846849,0.560254646972482,0.92367159503908,0.000559385250881124,missense|LC,10049941464,10,49941464,
RB1CC1,ENSG00000023287,0.771924659701963,0.910869151804543,0.589546280513727,-0.0000443867679173908,missense|LC,8052623743,8,52623743,
CPXM1,ENSG00000088882,0.77194538752961,0.565132330781926,0.743060940915745,-0.000170391167073727,missense|LC,20002794063,20,2794063,
CTSH,ENSG00000103811,0.772167638323104,0.589476356895836,0.540287413145877,0.000488042178237823,missense|LC,15078922056,15,78922056,
FAM167B,ENSG00000183615,0.772176534634826,0.587253720065667,0.607347816124822,0.000542282564248172,missense|LC,1032247285,1,32247285,
CYP2S1,ENSG00000167600,0.772208057646468,0.721501211187055,0.567314269279937,-0.000140401988116013,missense|LC,19041193107,19,41193107,
SGMS1,ENSG00000198964,0.772263592218683,0.909988121655521,0.549646109932764,0.00012494304148576,missense|LC,10050307068,10,50307068,
LEPROT,ENSG00000213625,0.772267730818881,0.759972629154909,0.610400560336501,0.000420003141623692,missense|LC,1065420620,1,65420620,
ZNF598,ENSG00000167962,0.772340841936644,0.721953587344178,0.587391069129726,0.000113207542065414,missense|LC,16001992658,16,1992658,
PNKD,ENSG00000127838,0.772389903063574,0.733920864485336,0.568886215649703,0.000155991544884889,missense|LC,2218265519,2,218265519,
STIM1,ENSG00000167323,0.772457057422284,0.559988313020248,0.888826280894042,0.0013087928996476,missense|LC,11003856161,11,3856161,
TMEM213,ENSG00000214128,0.772481770957663,0.871519606522598,0.57071862530954,-0.00017506455665103,missense|LC,7138797908,7,138797908,
AMZ2,ENSG00000196704,0.772569774414706,0.597893337193311,0.783409473469484,0.000255834779479414,missense|LC,17068247545,17,68247545,
OR52K2,ENSG00000181963,0.772579814169392,0.762006784147324,0.589822454987644,-0.000111558476929473,missense|LC,11004449305,11,4449305,
AAGAB,ENSG00000103591,0.772729741357905,0.579365617925587,0.821334193768218,0.000244134841789082,missense|LC,15067202739,15,67202739,
C17orf64,ENSG00000141371,0.772746405572322,0.62859340676496,0.587673588728818,-0.000287005745330676,missense|LC,17060421284,17,60421284,
SEPTIN4,ENSG00000108387,0.772799696495297,0.752846486394866,0.525765103439823,-0.000258462690350736,missense|LC,17058539068,17,58539068,
ABCD3,ENSG00000117528,0.772821826273778,0.777269158197988,0.593590131127751,-0.000160377207588357,missense|LC,1094418419,1,94418419,
GH2,ENSG00000136487,0.772928202346972,0.565641980346921,0.702361818455059,-0.000320465456425252,missense|LC,17063880155,17,63880155,
HAT1,ENSG00000128708,0.773060804699995,0.943651532067938,0.609279337065647,-0.0000693640300346735,missense|LC,2171922403,2,171922403,
UBR5,ENSG00000104517,0.773221932293529,0.650701332486032,0.583902736083536,0.000191287162371854,missense|LC,8102254241,8,102254241,
ST20-MTHFS,ENSG00000259332,0.773274473263487,0.790994157849271,0.58315963721834,0.000202166804399569,missense|LC,15079845196,15,79845196,
FGFR2,ENSG00000066468,0.773284718116625,0.597711781804118,0.755483187921858,-0.000271582033281868,missense|LC,10121479858,10,121479858,
PPIAL4H,ENSG00000270339,0.77330198118661,0.752346961002155,0.61838273189847,-0.000112398497505208,missense|LC,1146344124,1,146344124,
ZNF423,ENSG00000102935,0.773346962368686,0.815388464702009,0.541595171351369,-0.0000810039236466373,missense|LC,16049491177,16,49491177,
MSL2,ENSG00000174579,0.773363803377225,0.875732974871876,0.582273426639528,-0.0000597016312745867,missense|LC,3136144941,3,136144941,
ACTL6B,ENSG00000077080,0.773517505750666,0.865880492680045,0.622563208603741,0.000167749349759087,missense|LC,7100640588,7,100640588,
CYYR1,ENSG00000166265,0.773571604838422,0.632576612184506,0.56788673995426,0.000423896268687393,missense|LC,21026468481,21,26468481,
DNAJC17,ENSG00000104129,0.773652396574285,0.986115694010246,0.582158519732343,-0.00000743390202733143,missense|LC,15040764101,15,40764101,
AC093423.3,ENSG00000271949,0.773666870689369,0.668350763590547,0.566495528975975,-0.00157009470867763,missense|LC,1089686388,1,89686388,
CCDC77,ENSG00000120647,0.773675154163757,0.797633156601603,0.592364193809834,0.000112532777140343,missense|LC,12000409328,12,409328,
H4C12,ENSG00000273542,0.77377651375691,0.600800969478967,0.553776301605802,0.000955231400655205,missense|LC,6027831064,6,27831064,
MSLN,ENSG00000102854,0.773858498326857,0.848125704625075,0.55909030809087,-0.0000410889971231691,missense|LC,16000762628,16,762628,
ING1,ENSG00000153487,0.773874002066917,0.986566686361345,0.55288380222667,-0.000010700948267999,missense|LC,13110714985,13,110714985,
COL14A1,ENSG00000187955,0.773958390515087,0.681237386020711,0.550404345699412,-0.0000860526594983012,missense|LC,8120147798,8,120147798,
NQO1,ENSG00000181019,0.77397407390212,0.615483272777034,0.572406571810236,-0.000386637005747716,missense|LC,16069710884,16,69710884,
TMPRSS5,ENSG00000166682,0.773978075449406,0.562333835467186,0.920445152115304,0.000288084829139256,missense|LC,11113688098,11,113688098,
CX3CR1,ENSG00000168329,0.774017262645707,0.583096995506996,0.712709492132071,-0.000202319573787876,missense|LC,3039265350,3,39265350,
ERBB3,ENSG00000065361,0.774169422661579,0.702463986760518,0.55768269439075,0.000137253212223708,missense|LC,12056080241,12,56080241,
RNF144A,ENSG00000151692,0.774245323254268,0.858722578149582,0.561896370453564,0.000693969198504053,missense|LC,2006996829,2,6996829,
NLGN3,ENSG00000196338,0.774259314743864,0.843427921685286,0.626557082999365,-0.000091733728931767,missense|LC,23071140502,X,71140502,
CEBPE,ENSG00000092067,0.774270489509376,0.803576485364094,0.6219922868113,0.000117860122188837,missense|LC,14023117398,14,23117398,
MFAP3,ENSG00000037749,0.774288425850275,0.903996878799199,0.548957332868201,-0.0000910917681120294,missense|LC,5154034253,5,154034253,
OR6B2,ENSG00000182083,0.774429661385203,0.976441689010416,0.583437841990985,0.0000117131232548171,missense|LC,2240025197,2,240025197,
SIGLEC6,ENSG00000105492,0.774441136194989,0.573259373808985,0.891805568247022,0.000235750101301998,missense|LC,19051520006,19,51520006,
MT1A,ENSG00000205362,0.77444917582076,0.572723820662416,0.855004274001223,-0.00206884972253365,missense|LC,16056633666,16,56633666,
SHISA6,ENSG00000188803,0.774502875414954,0.591196716986588,0.687321530399,0.000211541731442747,missense|LC,17011241333,17,11241333,
SAR1B,ENSG00000152700,0.774632963704745,0.554221727291333,0.613951020741591,0.000863881752829971,missense|LC,5134606926,5,134606926,
KARS1,ENSG00000065427,0.774656865270627,0.570021991827152,0.600269497970247,-0.000223354097292898,missense|LC,16075627888,16,75627888,
BHLHE41,ENSG00000123095,0.774740755847258,0.758781331941774,0.574785530743862,0.000102230682282843,missense|LC,12026121861,12,26121861,
KAZN,ENSG00000189337,0.774947962015659,0.770821013644421,0.547596254507519,0.000433902275727447,missense|LC,1014598585,1,14598585,
SCGB3A2,ENSG00000164265,0.775028224937868,0.813192372086704,0.590974809895326,-0.000411290453305654,missense|LC,5147878755,5,147878755,
SLIT1,ENSG00000187122,0.775173448862601,0.54535193893604,0.549799512751095,0.000243181074052644,missense|LC,10097001057,10,97001057,
ZFYVE28,ENSG00000159733,0.775273360678274,0.542039348532093,0.884033437962862,0.000205878169472246,missense|LC,4002270608,4,2270608,
TAS2R14,ENSG00000212127,0.775305120580844,0.549504958073349,0.699349014747052,-0.000493810588813432,missense|LC,12010938217,12,10938217,
BMERB1,ENSG00000166780,0.775307692424963,0.61628973914389,0.647609945194781,0.000287772685921253,missense|LC,16015434583,16,15434583,
ANAPC16,ENSG00000166295,0.775436326398472,0.806609113129075,0.596236959524117,0.000228911919743037,missense|LC,10072213154,10,72213154,
TMEM183A,ENSG00000163444,0.775550759765682,0.585079064529358,0.598776162293762,0.000338700771402173,missense|LC,1203007356,1,203007356,
MRPL11,ENSG00000174547,0.775554823629526,0.795927832100779,0.616408859144902,-0.000223439442689231,missense|LC,11066435959,11,66435959,
RPS21,ENSG00000171858,0.775600563101763,0.824178090007175,0.631052699875555,-0.000347715952814062,missense|LC,20062387264,20,62387264,
RNF17,ENSG00000132972,0.775655139151406,0.577860913133427,0.936877417753017,0.000166688867627649,missense|LC,13024764123,13,24764123,
NBEAL1,ENSG00000144426,0.775702618054106,0.825868226773835,0.551905349883961,0.000042209335024377,missense|LC,2203016331,2,203016331,
CCDC93,ENSG00000125633,0.775713662772027,0.547477098230644,0.767345298649834,0.000379238086175053,missense|LC,2117920301,2,117920301,
DGLUCY,ENSG00000133943,0.775716489441485,0.563882848773176,0.865989700815397,0.000191237733329254,missense|LC,14091160246,14,91160246,
C1orf116,ENSG00000182795,0.775740981419924,0.874115053681247,0.594540892936773,0.000035165305335661,missense|LC,1207021869,1,207021869,
TCF7L2,ENSG00000148737,0.775746815585377,0.560594716461477,0.559824960734022,-0.000936897959493446,missense|LC,10112950647,10,112950647,
BUD31,ENSG00000106245,0.775754419558936,0.687278478087966,0.546127467633065,0.000748001046579078,missense|LC,7099404808,7,99404808,
SPRR2G,ENSG00000159516,0.775835788370884,0.565876840749306,0.661671991099699,0.00108084891553353,missense|LC,1153149788,1,153149788,
SNRPG,ENSG00000143977,0.775918083508059,0.578040705675904,0.8249632133762,0.00386104142141236,missense|LC,2070276706,2,70276706,
SLC17A4,ENSG00000146039,0.776084688154905,0.574144930913773,0.558197856448416,0.000350949637492104,missense|LC,6025761915,6,25761915,
PNMA3,ENSG00000183837,0.776141438448052,0.550610645641351,0.950868141587057,-0.000361047020912362,missense|LC,23153057036,X,153057036,
PPIAL4D,ENSG00000256374,0.77618079759376,0.672707181103269,0.942355362568215,0.00022654192892365,missense|LC,1145241633,1,145241633,
C1orf232,ENSG00000282872,0.776181051227641,0.599714165767179,0.733544307225534,-0.000897838234639427,missense|LC,1026161202,1,26161202,
SASH3,ENSG00000122122,0.776228519810723,0.556472615810834,0.776352398275363,-0.000449817935659881,missense|LC,23129780042,X,129780042,
WDR18,ENSG00000065268,0.776326703019365,0.536809315210801,0.74929425248769,-0.000392740489398507,missense|LC,19000984347,19,984347,
HMGCL,ENSG00000117305,0.776327984260253,0.856590912529695,0.552977413579511,0.00020405844468432,missense|LC,1023796888,1,23796888,
ZDHHC3,ENSG00000163812,0.77645832547283,0.896622862128367,0.604252449401095,-0.000103287731668803,missense|LC,3044926534,3,44926534,
NRIP3,ENSG00000175352,0.776460653658944,0.796741357898084,0.617176299378969,0.000145432156590676,missense|LC,11008983473,11,8983473,
CAV1,ENSG00000105974,0.776469814954634,0.558364181959528,0.960165244332437,-0.000631635297489681,missense|LC,7116524960,7,116524960,
C2orf78,ENSG00000187833,0.776470419222747,0.7312460201912,0.583335085847063,-0.000143452381819695,missense|LC,2073779737,2,73779737,
LBP,ENSG00000129988,0.776566047122606,0.561066116853023,0.826186324981908,-0.000137004915123024,missense|LC,20038346396,20,38346396,
AIG1,ENSG00000146416,0.776603160056929,0.56613538556818,0.914829385803109,0.000578341086043278,missense|LC,6143060839,6,143060839,
NLRP10,ENSG00000182261,0.776699174391752,0.542455215761511,0.908573447213438,-0.000373794940682711,missense|LC,11007959636,11,7959636,
OCM2,ENSG00000135175,0.776708158353609,0.549247472871567,0.72748578406468,-0.00129705399030225,missense|LC,7097984896,7,97984896,
CISD1,ENSG00000122873,0.776714356971988,0.913419357118346,0.560897804290337,-0.000263020616086113,missense|LC,10058267341,10,58267341,
CKLF-CMTM1,ENSG00000254788,0.776753347979097,0.736959752022859,0.54788864217295,0.000549078554139679,missense|LC,16066547822,16,66547822,
PDE1C,ENSG00000154678,0.776774748639705,0.745507640366169,0.599549024102202,-0.000119292191461371,missense|LC,7031753272,7,31753272,
SLC25A41,ENSG00000181240,0.776912732655893,0.578397800517169,0.627703459695746,-0.000193303069446847,missense|LC,19006421204,19,6421204,
C1QTNF3-AMACR,ENSG00000273294,0.776951387162646,0.786181950963868,0.675941566948653,0.000306006761239033,missense|LC,5033982176,5,33982176,
SUGCT,ENSG00000175600,0.776971998226271,0.590650908346324,0.865002579983042,-0.000199053285939949,missense|LC,7040133000,7,40133000,
DOK4,ENSG00000125170,0.776977156786138,0.76213978838805,0.587853850695052,-0.000208470727389522,missense|LC,16057469092,16,57469092,
GPRASP2,ENSG00000158301,0.777082493750372,0.71613463275619,0.585014736647916,-0.000103591274576614,missense|LC,23102714753,X,102714753,
RAB21,ENSG00000080371,0.777110518710132,0.574483211241456,0.593263120435467,-0.000548334062712064,missense|LC,12071755004,12,71755004,
SYS1,ENSG00000204070,0.777111818008865,0.551538440742701,0.964362488731631,-0.00111289038491431,missense|LC,20045359971,20,45359971,
B3GNT4,ENSG00000176383,0.777121927920231,0.885806018690285,0.584489948299175,-0.0000607149666067498,missense|LC,12122200103,12,122200103,
EFCAB14,ENSG00000159658,0.77721513159873,0.638980661892072,0.549260862319305,-0.000357802238730073,missense|LC,1046671852,1,46671852,
TIGD7,ENSG00000140993,0.777278720917123,0.572423149472753,0.615214516444609,-0.000264421104040881,missense|LC,16003298950,16,3298950,
HIF3A,ENSG00000124440,0.777282927611171,0.553880552179307,0.980950150761758,0.000261917752736811,missense|LC,19046297011,19,46297011,
FBXW4,ENSG00000107829,0.77737615599425,0.935497419295323,0.625804487512289,-0.0000393223989556114,missense|LC,10101608794,10,101608794,
TMEM131L,ENSG00000121210,0.777412015918109,0.556695623386702,0.601657612606323,0.00014289177744022,missense|LC,4153466288,4,153466288,
CBR3,ENSG00000159231,0.777462953247883,0.640598521239785,0.605197559455273,-0.000247873717057439,missense|LC,21036130425,21,36130425,
SLC38A3,ENSG00000188338,0.777508308693562,0.61797457414758,0.5467719897957,0.000540966126967368,missense|LC,3050214121,3,50214121,
HOXB4,ENSG00000182742,0.777541276015941,0.597098881908798,0.713356257568218,0.000343373170940822,missense|LC,17048576692,17,48576692,
LAMA2,ENSG00000196569,0.777665400176985,0.772658195490749,0.589461807876414,0.000778422455048324,missense|LC,6128883169,6,128883169,
FAU,ENSG00000149806,0.77768367812882,0.555639733915565,0.618397715104381,0.00129388403501477,missense|LC,11065115632,11,65115632,
NOP10,ENSG00000182117,0.777712423608755,0.688025029845732,0.56581809852777,0.00139349131224462,missense|LC,15034336719,15,34336719,
GDPD1,ENSG00000153982,0.777759333876571,0.544983265577068,0.782554783969855,0.00096985813045376,missense|LC,17059220515,17,59220515,
FXYD5,ENSG00000089327,0.777865634998771,0.552579062944685,0.679445273890553,0.00055179787893766,missense|LC,19035151229,19,35151229,
DCAF4L2,ENSG00000176566,0.7779494012366,0.892753386385352,0.58604988131356,0.0000595927105144519,missense|LC,8087872688,8,87872688,
VAMP2,ENSG00000220205,0.778028103104583,0.60060491077825,0.744112326075387,-0.000848046858396869,missense|LC,17008160823,17,8160823,
FNTB,ENSG00000257365,0.778060691035195,0.677501697031381,0.572377899967023,0.000980218334732679,missense|LC,14064986859,14,64986859,
PAXX,ENSG00000148362,0.778079225167669,0.73535944236144,0.617168277131324,0.0002469803140997,missense|LC,9136992440,9,136992440,
CAP1,ENSG00000131236,0.778173757029657,0.927161798219517,0.556558287672062,0.0000752063527527187,missense|LC,1040059334,1,40059334,
PRR23B,ENSG00000184814,0.778184585138624,0.931846675795974,0.565106235607581,-0.000058306740675717,missense|LC,3139019771,3,139019771,
FAM32A,ENSG00000105058,0.778236251007562,0.586741611316204,0.675414481829768,0.00070998019639985,missense|LC,19016185376,19,16185376,
AL109827.1,ENSG00000272897,0.778267519981842,0.557197638931394,0.627745853196139,0.00133317010056933,missense|LC,20035627343,20,35627343,
PRR30,ENSG00000186143,0.778446145672343,0.809897536015188,0.588203543597681,-0.000109520536810357,missense|LC,2027131848,2,27131848,
FBL,ENSG00000105202,0.778467730790763,0.798465315833497,0.603576364195335,0.000127766098069178,missense|LC,19039829778,19,39829778,
PLAG1,ENSG00000181690,0.778473333294528,0.941774153929761,0.582124808475784,0.0000601786404993309,missense|LC,8056166196,8,56166196,
PBLD,ENSG00000108187,0.778527952588366,0.59275796911256,0.668013092976119,-0.000365050861362069,missense|LC,10068284112,10,68284112,
WDR76,ENSG00000092470,0.778555403183355,0.593993317887967,0.847145650159991,0.000202034893331588,missense|LC,15043824410,15,43824410,
CASP3,ENSG00000164305,0.77856870772756,0.573044485263387,0.738026783566795,0.000450898293913878,missense|LC,4184629245,4,184629245,
PPBP,ENSG00000163736,0.778586726580421,0.609004481844067,0.56194576567422,0.000922881635674281,missense|LC,4073981441,4,73981441,
MDM2,ENSG00000135679,0.778707534525872,0.583588241308061,0.646234032523433,0.000515306925499214,missense|LC,12068808364,12,68808364,
INS,ENSG00000254647,0.778762148651264,0.571288261093867,0.835789810181216,-0.00105584754374831,missense|LC,11002159756,11,2159756,
UCP2,ENSG00000175567,0.778825651910534,0.542405866573321,0.554404895759966,-0.000523040360544853,missense|LC,11073969841,11,73969841,
DYNC1I1,ENSG00000158560,0.778888214508225,0.554715853325417,0.751953982823001,0.00059315564954086,missense|LC,7095804290,7,95804290,
NCDN,ENSG00000020129,0.778920016142837,0.720259194338584,0.535035825708914,0.000287775647973064,missense|LC,1035554291,1,35554291,
SHD,ENSG00000105251,0.779185813446906,0.612179060826322,0.964242838309477,0.000206884486408592,missense|LC,19004279954,19,4279954,
CA6,ENSG00000131686,0.779222362450325,0.851796780057824,0.548965919814669,-0.000154379233224008,missense|LC,1008945851,1,8945851,
PRAMEF20,ENSG00000204478,0.779247955014864,0.74658153240411,0.561210546799875,-0.000130015556476971,missense|LC,1013416201,1,13416201,
OR4E2,ENSG00000221977,0.779280231421437,0.583832196349391,0.944715317536864,-0.000261156258069402,missense|LC,14021665064,14,21665064,
ZMAT2,ENSG00000146007,0.77940682441715,0.916414887926075,0.56285457987707,-0.000244063021799274,missense|LC,5140695448,5,140695448,
HEG1,ENSG00000173706,0.779500381879583,0.792075036356355,0.576250740899234,-0.000277594827953327,missense|LC,3124970573,3,124970573,
EME2,ENSG00000197774,0.779576749744748,0.861525695361484,0.549383607572371,-0.0000679354283248323,missense|LC,16001767815,16,1767815,
RPUSD2,ENSG00000166133,0.779581188178385,0.838371260065922,0.554959834521671,-0.000101130810718264,missense|LC,15040564651,15,40564651,
FXR1,ENSG00000114416,0.779612653357912,0.543579097499288,0.593293166093425,-0.000654198667165374,missense|LC,3180912215,3,180912215,
ID1,ENSG00000125968,0.779658019531302,0.729448607909713,0.592007496825777,-0.000221423109284016,missense|LC,20031605311,20,31605311,
FAM72C,ENSG00000263513,0.779686259452567,0.625123732206788,0.961927477684436,-0.000916110621776217,missense|LC,1143964812,1,143964812,
GTPBP6,ENSG00000178605,0.779808499331983,0.984365488058729,0.572117590141108,-0.00000724067155552698,missense|LC,23000304750,X,304750,
TRPV1,ENSG00000196689,0.779817127252545,0.874758793962169,0.554991892105901,-0.0000516677753187325,missense|LC,17003566702,17,3566702,
SLC5A5,ENSG00000105641,0.779822059386388,0.995693115914352,0.535895620824934,0.00000538669665544901,missense|LC,19017872275,19,17872275,
WFDC13,ENSG00000168634,0.779879647778499,0.625022271672466,0.603773113275355,0.000353554380327026,missense|LC,20045702049,20,45702049,
RIMBP3,ENSG00000275793,0.779888048552932,0.566335419689596,0.977752268904901,-0.000188921424042068,missense|LC,22018607057,22,18607057,
POLR3D,ENSG00000168495,0.779937344717136,0.645064333022892,0.579702750005157,-0.000291265799392449,missense|LC,8022245366,8,22245366,
LTB4R,ENSG00000213903,0.780093791148102,0.737560832085409,0.546233974731102,-0.000310426258339449,missense|LC,14024310591,14,24310591,
LRMDA,ENSG00000148655,0.780133709059876,0.677188419215999,0.57075282313678,0.000889088941403969,missense|LC,10075431624,10,75431624,
POLR2I,ENSG00000105258,0.780172235651438,0.775350502959085,0.562115660677805,0.000696262443464824,missense|LC,19036111137,19,36111137,
LEMD3,ENSG00000174106,0.780391839657188,0.873302831226963,0.552019836933023,-0.000073915217576019,missense|LC,12065169503,12,65169503,
NABP1,ENSG00000173559,0.780462811523859,0.66620979268507,0.555441555772766,-0.000460721717339697,missense|LC,2191678567,2,191678567,
DHRSX,ENSG00000169084,0.780677390269391,0.588135834347131,0.54774624169977,-0.000454472008139491,missense|LC,23002220964,X,2220964,
SLC12A3,ENSG00000070915,0.780760308716614,0.547022872486976,0.95833088169129,-0.000179216649522613,missense|LC,16056865138,16,56865138,
COL1A2,ENSG00000164692,0.780833191759635,0.604284259595408,0.558533483975761,-0.00017946492246299,missense|LC,7094394971,7,94394971,
COASY,ENSG00000068120,0.780930052575415,0.56178820434823,0.822503603776805,-0.000294847479484924,missense|LC,17042562349,17,42562349,
ROPN1B,ENSG00000114547,0.780989216319666,0.566631348960284,0.776246684166971,0.000719723582733966,missense|LC,3125971967,3,125971967,
VCAM1,ENSG00000162692,0.781001994658103,0.57499964855308,0.709354582749384,-0.000296634048726494,missense|LC,1100719770,1,100719770,
RSPH14,ENSG00000100218,0.781034389757884,0.689228235262271,0.565237824464395,-0.000230922282049293,missense|LC,22023059342,22,23059342,
PABPC1L,ENSG00000101104,0.781037187399988,0.730379065007438,0.577206352355952,-0.000120796736782975,missense|LC,20044905068,20,44905068,
SASS6,ENSG00000156876,0.781054580439007,0.703143439399727,0.606866078240756,-0.00022585569121784,missense|LC,1100078570,1,100078570,
DPEP2NB,ENSG00000263201,0.78110429956876,0.559291569954714,0.830424527697299,0.00095056917688042,missense|LC,16068014024,16,68014024,
FGD3,ENSG00000127084,0.781134065580958,0.745071508037673,0.664279156134045,-0.000197254446090053,missense|LC,9092976170,9,92976170,
CCL22,ENSG00000102962,0.781139299418954,0.641400366320166,0.912509390445062,0.000214027777475814,missense|LC,16057358776,16,57358776,
ABCC3,ENSG00000108846,0.781166202213878,0.945874632407101,0.562522499933072,-0.0000137143000412028,missense|LC,17050634830,17,50634830,
MTMR14,ENSG00000163719,0.781196344016853,0.89781453601552,0.579324418964877,0.0000602777603653155,missense|LC,3009649413,3,9649413,
NEBL,ENSG00000078114,0.781210184498366,0.86532370051796,0.573596793861974,0.0000508186770952175,missense|LC,10020785659,10,20785659,
ZFP1,ENSG00000184517,0.781232589136982,0.656002387321732,0.591157516523175,-0.000241064927908804,missense|LC,16075152833,16,75152833,
COL4A3,ENSG00000169031,0.781277222511744,0.933935808410458,0.566738597002999,-0.0000231472815277316,missense|LC,2227164593,2,227164593,
SLC47A2,ENSG00000180638,0.781280790695989,0.577976738797416,0.857967788320637,0.000221729596838984,missense|LC,17019673294,17,19673294,
RFWD3,ENSG00000168411,0.781290355003496,0.542252113370284,0.623086340958253,-0.000364967884021865,missense|LC,16074623841,16,74623841,
ZMIZ2,ENSG00000122515,0.7813173836237,0.662002400598128,0.563200812340071,-0.00016597771530655,missense|LC,7044756131,7,44756131,
LELP1,ENSG00000203784,0.781405997910753,0.651554094012703,0.898406005375807,-0.000481812620314004,missense|LC,1153204651,1,153204651,
UCK1,ENSG00000130717,0.781500293422389,0.724919860930568,0.567012217503381,-0.000362433398967927,missense|LC,9131518803,9,131518803,
RHBDL1,ENSG00000103269,0.781525177944034,0.598742166309376,0.795250191150009,0.00024392280610696,missense|LC,16000671075,16,671075,
MASP1,ENSG00000127241,0.781537546554508,0.545711554224913,0.647555696013977,-0.000341529368015413,missense|LC,3187229648,3,187229648,
SRGAP3,ENSG00000196220,0.781542272403746,0.988358412759612,0.552730514190398,-0.00000984781632880363,missense|LC,3008985332,3,8985332,
SLC5A1,ENSG00000100170,0.781577436415452,0.555858412980599,0.546442662381615,0.000326736802445362,missense|LC,22032039468,22,32039468,
GRIK3,ENSG00000163873,0.781696177450335,0.637708350879494,0.539799074997945,0.000311898446630981,missense|LC,1036801782,1,36801782,
CPN2,ENSG00000178772,0.781781190614428,0.828073911860528,0.565261007752758,0.0000933026878220497,missense|LC,3194340917,3,194340917,
CCR4,ENSG00000183813,0.781952113056932,0.723711787573454,0.571881891347855,-0.000369212322116174,missense|LC,3032953323,3,32953323,
KIAA2012,ENSG00000182329,0.781960879678025,0.563597248051197,0.656236149044059,-0.000212295026297114,missense|LC,2202073562,2,202073562,
XKR5,ENSG00000275591,0.782100959895835,0.593806672755578,0.564438297440966,0.000146521638324052,missense|LC,8006811120,8,6811120,
DET1,ENSG00000140543,0.782200170004116,0.551132664306523,0.557163652281511,0.00042239203919698,missense|LC,15088512485,15,88512485,
SLC25A45,ENSG00000162241,0.782225073609445,0.622797542536015,0.906594773279884,-0.000228659048206841,missense|LC,11065376292,11,65376292,
KCNH7,ENSG00000184611,0.782240553179121,0.594346556365353,0.98005888451697,-0.000227286870056478,missense|LC,2162371271,2,162371271,
MBOAT7,ENSG00000125505,0.782297891626307,0.579437784498473,0.566848195737082,-0.000306175721856676,missense|LC,19054168417,19,54168417,
TAGAP,ENSG00000164691,0.782313717721052,0.583532988527737,0.871195989169564,0.000218840941898716,missense|LC,6159035734,6,159035734,
ABCA12,ENSG00000144452,0.782389320089248,0.982612487776021,0.570582528359146,-0.00000696200404536759,missense|LC,2214932598,2,214932598,
CORT,ENSG00000241563,0.782468744688011,0.876006143869514,0.57516821577012,-0.000154931236443259,missense|LC,1010449903,1,10449903,
ZC3H12D,ENSG00000178199,0.782576371623413,0.939427124197502,0.547110237600164,0.0000601131923547298,missense|LC,6149450593,6,149450593,
SEPTIN9,ENSG00000184640,0.782631708618425,0.896729656122106,0.559723994599195,0.0000609511034446934,missense|LC,17077281439,17,77281439,
GABRB2,ENSG00000145864,0.782835177960565,0.599680843011882,0.98632944272399,0.000458325441488149,missense|LC,5161294035,5,161294035,
PLAC8,ENSG00000145287,0.782899843112418,0.742093314687161,0.565658812676984,0.000565703029795872,missense|LC,4083094692,4,83094692,
SSX2,ENSG00000241476,0.782928027772926,0.803313708839807,0.672334810908381,0.000466363094765526,missense|LC,23052697925,X,52697925,
C16orf87,ENSG00000155330,0.782946671573501,0.960097189440872,0.55961217248337,0.000132163527154358,missense|LC,16046802955,16,46802955,
NEK9,ENSG00000119638,0.782977503685692,0.927826262088472,0.574411882718034,-0.0000385729170057572,missense|LC,14075077425,14,75077425,
C9orf116,ENSG00000160345,0.78299627205888,0.881945012194102,0.579029399773553,0.000193165871248585,missense|LC,9135495357,9,135495357,
NATD1,ENSG00000274180,0.783144991201362,0.543582753255137,0.626493361731436,0.00104819961969662,missense|LC,17021243254,17,21243254,
SPANXN2,ENSG00000268988,0.783153053336533,0.980145763950726,0.649149612179682,0.0000161700520389988,missense|LC,23143711912,X,143711912,
KDELR1,ENSG00000105438,0.783303110499129,0.705086476957016,0.549019695691775,0.00100250772663464,missense|LC,19048383206,19,48383206,
XRCC3,ENSG00000126215,0.783326850629151,0.765098332215055,0.555932201532807,-0.000209271941842411,missense|LC,14103693412,14,103693412,
ABCG8,ENSG00000143921,0.78336687122528,0.926179522708335,0.561008733994997,0.0000360327248099731,missense|LC,2043837728,2,43837728,
LILRB4,ENSG00000186818,0.783387218909015,0.560735115310424,0.730427917862215,0.000164801721659967,missense|LC,19054662819,19,54662819,
ITIH2,ENSG00000151655,0.783567810717749,0.579461281959626,0.865009061248207,-0.000170358375823716,missense|LC,10007703400,10,7703400,
MRPL35,ENSG00000132313,0.783737193523291,0.667321335957769,0.872968497382337,0.000216209418489463,missense|LC,2086195228,2,86195228,
SETD6,ENSG00000103037,0.783778986469445,0.931681926971493,0.606719232175987,-0.0000329565704207927,missense|LC,16058510579,16,58510579,
RGMA,ENSG00000182175,0.783961333752507,0.546885232238742,0.920763254062141,0.000400926942991883,missense|LC,15093044931,15,93044931,
C1orf174,ENSG00000198912,0.784139062643554,0.582808415371435,0.683444853146527,0.000232229109080727,missense|LC,1003889919,1,3889919,
TBC1D10C,ENSG00000175463,0.784280459967775,0.609799856275861,0.555483140228029,0.00026448948683776,missense|LC,11067399093,11,67399093,
MPV17L,ENSG00000156968,0.784402542853781,0.55531357860945,0.818264933522847,0.000763341589246485,missense|LC,16015395815,16,15395815,
MICOS10-NBL1,ENSG00000270136,0.784427512180779,0.58712490075868,0.572661721796444,0.00132521246514596,missense|LC,1019596961,1,19596961,
AL590764.2,ENSG00000285171,0.784454046471733,0.944048113416302,0.56566334150622,0.000059361240665641,missense|LC,23071100648,X,71100648,
RTKN2,ENSG00000182010,0.784504233227198,0.568077681488253,0.579034676846422,0.00030317056948378,missense|LC,10062193187,10,62193187,
FRAT2,ENSG00000181274,0.784517381121508,0.629007652431711,0.657679434720228,-0.000187034151534242,missense|LC,10097333754,10,97333754,
GPX8,ENSG00000164294,0.784585773458572,0.919979332483206,0.573022100291902,0.000139189690833376,missense|LC,5055160148,5,55160148,
LLCFC1,ENSG00000165131,0.784601690888247,0.951307232918957,0.636156620440021,-0.0000404684482293845,missense|LC,7142939463,7,142939463,
BHLHE22,ENSG00000180828,0.784786353290162,0.879529807598771,0.577343552045063,-0.0000485801989730991,missense|LC,8064580704,8,64580704,
IQCK,ENSG00000174628,0.784987220545944,0.883367996762398,0.625672965056195,-0.0000813854988871062,missense|LC,16019711456,16,19711456,
TFDP2,ENSG00000114126,0.784997378827736,0.677813335750276,0.652070249870259,0.000203505724263654,missense|LC,3141952430,3,141952430,
ZMYND12,ENSG00000066185,0.785138802126469,0.744168176626169,0.639086287787968,0.000177494875751092,missense|LC,1042430616,1,42430616,
HDAC2,ENSG00000196591,0.785264976036016,0.634504012687799,0.615085940734306,-0.000529167194350336,missense|LC,6113941010,6,113941010,
ZBED1,ENSG00000214717,0.785269664566631,0.552743072972465,0.759759230166097,0.00034506149147883,missense|LC,23002488519,X,2488519,
MAJIN,ENSG00000168070,0.785283828910491,0.556856457529147,0.586241902553177,-0.000584225315171881,missense|LC,11064933241,11,64933241,
CCDC82,ENSG00000149231,0.785401007855835,0.561036007050097,0.915564258996984,-0.000388514134753474,missense|LC,11096353615,11,96353615,
TMEM71,ENSG00000165071,0.785531062377356,0.616829952989053,0.707342979532097,-0.000381123003609466,missense|LC,8132710902,8,132710902,
DDI1,ENSG00000170967,0.785612221835614,0.599312722154024,0.64718805733379,0.000301990678092379,missense|LC,11104036764,11,104036764,
SLC39A12,ENSG00000148482,0.785761689051411,0.556798085509563,0.84782017484284,0.000336867138338448,missense|LC,10017953178,10,17953178,
GYPE,ENSG00000197465,0.785791981912389,0.610989856541751,0.66817005103022,0.00105835437530708,missense|LC,4143875386,4,143875386,
PRR5-ARHGAP8,ENSG00000248405,0.785836675185983,0.564625365155744,0.694957720843245,-0.000113320545003075,missense|LC,22044702178,22,44702178,
GJA10,ENSG00000135355,0.785844587260191,0.678680458440057,0.598669270937343,-0.000123088174324305,missense|LC,6089894400,6,89894400,
RAB43,ENSG00000172780,0.785848703708407,0.921720454649433,0.548007965298385,-0.000167349716428606,missense|LC,3129091020,3,129091020,
SLX4IP,ENSG00000149346,0.785857949485566,0.672649015612781,0.66453785197304,0.000207272680351193,missense|LC,20010458133,20,10458133,
AC020915.4,ENSG00000283515,0.785886140578461,0.849444094672897,0.657147731401739,-0.000155416965157882,missense|LC,19058242163,19,58242163,
FOXD4L6,ENSG00000273514,0.785950722503169,0.874018976530446,0.578874964585415,0.000136309667545976,missense|LC,9041126902,9,41126902,
FAM110C,ENSG00000184731,0.785955142395196,0.823988146640838,0.603890480417417,-0.000133674517691295,missense|LC,2000041516,2,41516,
SIX2,ENSG00000170577,0.785967283679944,0.60525248614358,0.749442080739447,-0.000350300178884025,missense|LC,2045006089,2,45006089,
PTTG1IP,ENSG00000183255,0.785968286642671,0.637781278097621,0.8680046078428,-0.000237079179998669,missense|LC,21044851256,21,44851256,
KRTAP19-2,ENSG00000186965,0.786144711261187,0.951964510110446,0.641873063179992,-0.0000521904948100563,missense|LC,21030487116,21,30487116,
KIF1A,ENSG00000130294,0.786440058129288,0.68902528270687,0.572338177739843,0.000106937881232407,missense|LC,2240717294,2,240717294,
LPXN,ENSG00000110031,0.786449938704041,0.656423708509684,0.570382808942801,-0.000275908154844564,missense|LC,11058527372,11,58527372,
SMIM10L2B,ENSG00000196972,0.786514664385411,0.889080389510366,0.64068008558787,0.000468988477678036,missense|LC,23135098466,X,135098466,
SORD,ENSG00000140263,0.786516033300332,0.628494290909898,0.745531162475136,-0.000250898227770871,missense|LC,15045023203,15,45023203,
KCNG3,ENSG00000171126,0.786530214426514,0.548575290161261,0.860181078932842,-0.00075973564085481,missense|LC,2042443856,2,42443856,
ADGRG6,ENSG00000112414,0.786708820093124,0.556094231735996,0.740096824061402,0.000248884749724254,missense|LC,6142302228,6,142302228,
NEU4,ENSG00000204099,0.786762128667673,0.802424945236918,0.578596920791417,0.0000797155151921849,missense|LC,2241809162,2,241809162,
TMEM25,ENSG00000149582,0.786770326026044,0.63296884753008,0.854646928323105,0.000204685861931017,missense|LC,11118527454,11,118527454,
SPIN2A,ENSG00000147059,0.786819085257502,0.594179832233704,0.937436862763723,-0.000431609785925074,missense|LC,23057135648,X,57135648,
RUNDC3B,ENSG00000105784,0.7868200427228,0.548165743547603,0.678976577699369,-0.00065173822850613,missense|LC,7087628769,7,87628769,
IRGM,ENSG00000237693,0.78683071495546,0.905300835418872,0.616256116403583,0.00011251133305207,missense|LC,5150848058,5,150848058,
OGFOD1,ENSG00000087263,0.786907035177472,0.571018147296391,0.831742351000061,-0.000309299796027749,missense|LC,16056446606,16,56446606,
SCAMP4,ENSG00000227500,0.786925153542182,0.932290419725895,0.547579282694554,0.0000660440967915959,missense|LC,19001911921,19,1911921,
AGK,ENSG00000006530,0.786970898309276,0.648237719367035,0.570747293608844,-0.000273630319984634,missense|LC,7141555430,7,141555430,
MYH3,ENSG00000109063,0.78699245720092,0.574520821559547,0.581265630613805,0.000136757538070385,missense|LC,17010628571,17,10628571,
PRKAA1,ENSG00000132356,0.786996193411741,0.558750334554219,0.625028161042326,0.000552561246125936,missense|LC,5040762776,5,40762776,
NRP2,ENSG00000118257,0.787091519341738,0.983154117279655,0.584318267609625,-0.00000937663457728424,missense|LC,2205683256,2,205683256,
FAM240A,ENSG00000283473,0.787248189066521,0.61002715740526,0.964332320151504,0.000243592930813715,missense|LC,3046612628,3,46612628,
RAB24,ENSG00000169228,0.787354424518733,0.559288552776324,0.856967459807648,-0.00102500305326808,missense|LC,5177301652,5,177301652,
ALOX15B,ENSG00000179593,0.787693980208207,0.897159617741981,0.58231424185634,0.0000395676085495616,missense|LC,17008039030,17,8039030,
TMEM88B,ENSG00000205116,0.787700189641767,0.558848261427731,0.865808758875052,0.000490324878438266,missense|LC,1001425977,1,1425977,
DOCK9,ENSG00000088387,0.787829530428613,0.719153024702322,0.554923371878864,-0.000128706852682809,missense|LC,13098794530,13,98794530,
TOMM70,ENSG00000154174,0.7878636291335,0.963377840756089,0.584158418533381,-0.000030465634447628,missense|LC,3100365427,3,100365427,
RGS14,ENSG00000169220,0.787879994712103,0.679112915500705,0.554289820722759,0.000333048658848257,missense|LC,5177357928,5,177357928,
SPDYE2,ENSG00000205238,0.787986567206465,0.679061185291848,0.675799971971672,-0.000362617267703858,missense|LC,7102554098,7,102554098,
AP1G2,ENSG00000213983,0.788124135353904,0.927360276452914,0.559267236429872,0.000040838084222147,missense|LC,14023556659,14,23556659,
TMC3,ENSG00000188869,0.788222415744083,0.914870904367778,0.560262663957235,0.0000349648816290966,missense|LC,15081332282,15,81332282,
PSRC1,ENSG00000134222,0.788250497149025,0.872964342777836,0.615816645117152,-0.0000631943023255585,missense|LC,1109280044,1,109280044,
NKX2-6,ENSG00000180053,0.788319144996248,0.696286341812865,0.558896735788998,0.000268636771394306,missense|LC,8023702350,8,23702350,
MGAM,ENSG00000257335,0.788486094054835,0.567290867968434,0.641922109305309,-0.000146876169776543,missense|LC,7142005481,7,142005481,
PRAMEF7,ENSG00000204510,0.788566066607345,0.690733605416919,0.637323343701912,-0.000190516665790611,missense|LC,1012920062,1,12920062,
LALBA,ENSG00000167531,0.788591553946066,0.602307204437147,0.62667994036238,0.000556756421163117,missense|LC,12048567915,12,48567915,
GPKOW,ENSG00000068394,0.788639006010137,0.642843726678446,0.598832893044271,-0.000205060155799589,missense|LC,23049113571,X,49113571,
ZNF525,ENSG00000203326,0.788875451536197,0.827040323641188,0.660631810301355,0.000168047622183174,missense|LC,19053375623,19,53375623,
FAM219B,ENSG00000178761,0.788880098497724,0.975986828447543,0.644000742547296,-0.0000213049097378743,missense|LC,15074896053,15,74896053,
ACR,ENSG00000100312,0.788897655790018,0.549844144335496,0.755263331259952,0.000516247380782642,missense|LC,22050738161,22,50738161,
OSGIN2,ENSG00000164823,0.78890826731205,0.785597999254076,0.571366442398051,-0.00020392294929856,missense|LC,8089902734,8,89902734,
KLHDC3,ENSG00000124702,0.788930029293094,0.587652305942668,0.97454909314356,-0.000575498976152391,missense|LC,6043009250,6,43009250,
AHCY,ENSG00000101444,0.788950003221959,0.960438913748549,0.629642451377358,0.0000203374828463546,missense|LC,20034280899,20,34280899,
MDN1,ENSG00000112159,0.789037475764552,0.918734568798268,0.559979587574203,-0.0000154212550033035,missense|LC,6089637663,6,89637663,
KCND2,ENSG00000184408,0.789038600618632,0.563159098632738,0.807435434734992,-0.000618678518913662,missense|LC,7120274558,7,120274558,
SLC24A3,ENSG00000185052,0.789068687629907,0.939796661582739,0.58349241380328,-0.0000245103077418524,missense|LC,20019212727,20,19212727,
FOXP2,ENSG00000128573,0.789112272801475,0.931356551460201,0.558248567349816,-0.0000630710212561164,missense|LC,7114426437,7,114426437,
HSDL1,ENSG00000103160,0.789164903491949,0.550780603539112,0.566253196498899,-0.00054406406093293,missense|LC,16084124603,16,84124603,
RORB,ENSG00000198963,0.78924061512373,0.680733523624605,0.563318388649548,0.000514834932345852,missense|LC,9074497871,9,74497871,
GNAT3,ENSG00000214415,0.789244656341287,0.645045906720494,0.898907821807855,0.000234152833638627,missense|LC,7080458646,7,80458646,
CD8B2,ENSG00000254126,0.789262500633968,0.602539835961844,0.581980393650878,-0.000381182462843139,missense|LC,2106487377,2,106487377,
JMJD8,ENSG00000161999,0.789304858514194,0.703150563958799,0.596932083662219,-0.000147879554429034,missense|LC,16000676673,16,676673,
NAT16,ENSG00000167011,0.789310714692845,0.554147259314636,0.67542907925047,-0.000435514474672762,missense|LC,7101165497,7,101165497,
MOSMO,ENSG00000185716,0.789378868642193,0.553984686791826,0.748801939446347,-0.00118313951934237,missense|LC,16022008251,16,22008251,
NUTM2D,ENSG00000214562,0.789411061703924,0.584911163322002,0.873387318357221,-0.000422762877465285,missense|LC,10087358001,10,87358001,
IFNA8,ENSG00000120242,0.789489595836104,0.584396062311526,0.620474975702421,0.000466270903129753,missense|LC,9021409121,9,21409121,
LRRC27,ENSG00000148814,0.789495160479889,0.599780346212292,0.699764581762003,-0.000263393975994236,missense|LC,10132331345,10,132331345,
ACTR6,ENSG00000075089,0.789524927070307,0.880781550807369,0.619280801567554,0.000136956610845712,missense|LC,12100200759,12,100200759,
P2RX6,ENSG00000099957,0.789555346206414,0.572986310200738,0.554752358387393,0.00040173622211597,missense|LC,22021015136,22,21015136,
AC098650.1,ENSG00000283563,0.78956992939162,0.665714850796559,0.947281430991202,0.000291937241912161,missense|LC,3028348868,3,28348868,
H4C5,ENSG00000276966,0.789607453507539,0.970511637861695,0.572839150105992,-0.0000695039875236211,missense|LC,6026199548,6,26199548,
FAM89A,ENSG00000182118,0.789635753120123,0.854372549696935,0.606413475905645,0.000100092196032807,missense|LC,1231019763,1,231019763,
DDX10,ENSG00000178105,0.789661845551916,0.579207925525201,0.847222558577559,0.000174612112588787,missense|LC,11108665020,11,108665020,
AK6,ENSG00000085231,0.789716931771037,0.588610657756396,0.72759918140882,0.000545581829052245,missense|LC,5069352005,5,69352005,
SCRN1,ENSG00000136193,0.789813667789307,0.641004548396543,0.593582218629057,-0.000295472853607987,missense|LC,7029923863,7,29923863,
ZEB1,ENSG00000148516,0.789892023468006,0.665835295508871,0.591568737589277,-0.000160742418270595,missense|LC,10031319181,10,31319181,
LBX1,ENSG00000138136,0.789961465784176,0.788655913816833,0.583320934798705,0.000224181646343104,missense|LC,10101227184,10,101227184,
GHSR,ENSG00000121853,0.790180464531246,0.564848650994835,0.992541480510997,-0.000435266664439535,missense|LC,3172445071,3,172445071,
UBE4B,ENSG00000130939,0.790187813214069,0.636064965455078,0.608577893317336,0.000179583353276308,missense|LC,1010033552,1,10033552,
WDR82,ENSG00000164091,0.79022037576375,0.556391043826565,0.634256971877769,0.00141900417113256,missense|LC,3052249435,3,52249435,
PSMD13,ENSG00000185627,0.790294803176649,0.648906569292481,0.877155774314156,0.000216238457928901,missense|LC,11000232908,11,232908,
TAS2R7,ENSG00000121377,0.79043350014542,0.763143735980228,0.68861922466287,-0.0000549699295848249,missense|LC,12010801595,12,10801595,
PPT1,ENSG00000131238,0.79051330837421,0.731571237463605,0.588831565533893,-0.000265079613416107,missense|LC,1040067714,1,40067714,
TMEM45A,ENSG00000181458,0.790580158281816,0.712702385076268,0.585095999212984,-0.000367885135274428,missense|LC,3100519482,3,100519482,
ACSF2,ENSG00000167107,0.790644860313802,0.61862916776794,0.567791291687883,0.000245087451838185,missense|LC,17050426144,17,50426144,
GABRR2,ENSG00000111886,0.790669416690971,0.597921098051882,0.771272724540201,0.000178303731581025,missense|LC,6089257612,6,89257612,
PFKL,ENSG00000141959,0.790683564586199,0.575167182677944,0.939938072042276,-0.000191187118678947,missense|LC,21044296319,21,44296319,
KRTAP17-1,ENSG00000186860,0.790859695153732,0.560678462594696,0.766236229410577,0.00112091882732153,missense|LC,17041315262,17,41315262,
SULT1A2,ENSG00000197165,0.790892388958741,0.600074444959019,0.736200261048667,-0.000265894423020235,missense|LC,16028589021,16,28589021,
H2BC6,ENSG00000274290,0.790976776898001,0.886496951321446,0.656396145025131,0.000107081938536542,missense|LC,6026183652,6,26183652,
MMUT,ENSG00000146085,0.790982065221745,0.629783316997405,0.578090150892205,0.000214927101480889,missense|LC,6049431643,6,49431643,
CAPN1,ENSG00000014216,0.790990213780483,0.903281136637496,0.581263894472216,0.0000434167810366015,missense|LC,11065182595,11,65182595,
ZSCAN32,ENSG00000140987,0.790999625451477,0.795442517171186,0.579454062384823,0.0000858977137205093,missense|LC,16003382704,16,3382704,
KRTAP5-8,ENSG00000241233,0.791003844949055,0.677647596999534,0.765915378365349,-0.00022813897114512,missense|LC,11071537875,11,71537875,
SEMA4G,ENSG00000095539,0.79101331340402,0.567825622282095,0.722138032505293,0.000223826851998138,missense|LC,10100972836,10,100972836,
LHPP,ENSG00000107902,0.791023963903756,0.914422194976944,0.596221260044513,0.0000621088686186794,missense|LC,10124461755,10,124461755,
DUOXA1,ENSG00000140254,0.791041160934316,0.701634951337803,0.578669127511749,-0.000212892651818282,missense|LC,15045112446,15,45112446,
AC010646.1,ENSG00000269095,0.79105100130218,0.590650106131994,0.873107764259763,0.000737984003702423,missense|LC,19017232237,19,17232237,
VNN3,ENSG00000093134,0.791074665414822,0.963788780889484,0.601962844201633,0.0000354084070232212,missense|LC,6132726656,6,132726656,
TMC7,ENSG00000170537,0.791113414768354,0.936758244970358,0.621518284652641,-0.000136705618869637,missense|LC,16018983951,16,18983951,
CYTH3,ENSG00000008256,0.791209660427819,0.68976366379307,0.597321358312803,-0.000362832305404244,missense|LC,7006156779,7,6156779,
P4HB,ENSG00000185624,0.791288603102077,0.819955499594227,0.56690167412332,-0.000137125770082369,missense|LC,17081843974,17,81843974,
TRIM22,ENSG00000132274,0.791346348928304,0.877306995220018,0.602872515642926,-0.0000609317894257225,missense|LC,11005696164,11,5696164,
IMMT,ENSG00000132305,0.791346532069307,0.621006369005005,0.914526981843992,-0.000257674918877928,missense|LC,2086144172,2,86144172,
RFPL4AL1,ENSG00000229292,0.791414097438743,0.817736825968548,0.575094937114744,0.000178231425290563,missense|LC,19055771710,19,55771710,
GCGR,ENSG00000215644,0.79143069144173,0.995548106930354,0.60351660785962,0.0000041524203596433,missense|LC,17081808919,17,81808919,
LIX1,ENSG00000145721,0.79172496922689,0.659922404991616,0.895752662894368,-0.000242428618829368,missense|LC,5097094671,5,97094671,
METTL2B,ENSG00000165055,0.791784607975551,0.706024379649346,0.55953718513268,-0.000386406788230486,missense|LC,7128476644,7,128476644,
ST8SIA2,ENSG00000140557,0.791901678479913,0.604568517177141,0.570630096681929,0.000503009103443176,missense|LC,15092393999,15,92393999,
FDXACB1,ENSG00000255561,0.791924090401763,0.607506609428303,0.983681669271657,0.000196840952514692,missense|LC,11111870140,11,111870140,
AC011452.2,ENSG00000269179,0.791934065251434,0.98497846132704,0.591185185549471,-0.0000653500151105827,missense|LC,19049908050,19,49908050,
CD2,ENSG00000116824,0.791986392382828,0.754699597117589,0.603045170401375,-0.000188669287334476,missense|LC,1116754433,1,116754433,
ZDHHC15,ENSG00000102383,0.79202854361286,0.610045997555964,0.681476801194667,0.000410273973282138,missense|LC,23075379091,X,75379091,
ZNF17,ENSG00000186272,0.792140278582157,0.872917776155167,0.577735100977835,0.0000684282566804474,missense|LC,19057411266,19,57411266,
PPP1R3D,ENSG00000132825,0.792210966510905,0.751573617057518,0.608808368830946,0.000140609372208311,missense|LC,20059938938,20,59938938,
UPF3A,ENSG00000169062,0.792521913918508,0.587674829236252,0.899009476432603,-0.000238594060278511,missense|LC,13114281544,13,114281544,
PDZD11,ENSG00000120509,0.792735358249233,0.883901697555265,0.608899332457031,0.000255554348172136,missense|LC,23070281638,X,70281638,
YBX2,ENSG00000006047,0.792770498938689,0.783005840322212,0.57759741161809,0.000150038644868674,missense|LC,17007283266,17,7283266,
SUV39H1,ENSG00000101945,0.793042391309146,0.573930096217999,0.57009304505126,-0.000760435354518486,missense|LC,23048691054,X,48691054,
NANOGP8,ENSG00000255192,0.793082640019235,0.800793540935542,0.643269121916143,-0.000158962686667172,missense|LC,15035084281,15,35084281,
RPL36A-HNRNPH2,ENSG00000257529,0.793178084105748,0.859862197605193,0.574361437332269,0.000626633458206604,missense|LC,23101390880,X,101390880,
ANKRD6,ENSG00000135299,0.793193696443836,0.569249042446089,0.795450743271204,0.000228207987558832,missense|LC,6089566852,6,89566852,
PEBP4,ENSG00000134020,0.793201275262778,0.611868612274892,0.881410648785321,0.000403005059608308,missense|LC,8022713181,8,22713181,
C2orf68,ENSG00000168887,0.793232500365423,0.668496834997748,0.868306664839619,0.000263188183978943,missense|LC,2085600266,2,85600266,
FBXW12,ENSG00000164049,0.793234711007714,0.637342631265301,0.596774059573015,0.000232222746745982,missense|LC,3048372192,3,48372192,
SUMO2,ENSG00000188612,0.793285868324308,0.757316956937991,0.59799620371379,-0.00201047438991959,missense|LC,17075168290,17,75168290,
OR6Y1,ENSG00000197532,0.793340917868237,0.584226400094341,0.891229283080861,-0.000191401290294165,missense|LC,1158547048,1,158547048,
CSMD1,ENSG00000183117,0.793342609827312,0.745475264288968,0.621070011991293,0.000125237881026974,missense|LC,8002938504,8,2938504,
LRRC74A,ENSG00000100565,0.793360550217552,0.791543267028819,0.605759811546974,0.000124430210125623,missense|LC,14076826439,14,76826439,
NAPEPLD,ENSG00000161048,0.793427371839544,0.645785749692446,0.948767927764956,-0.000232007181302602,missense|LC,7103097229,7,103097229,
NPB,ENSG00000183979,0.793495505143828,0.898182940856612,0.615370676529209,0.00008582073232943,missense|LC,17081899154,17,81899154,
CFAP221,ENSG00000163075,0.793760148209912,0.54786515814302,0.738205132886774,-0.000283699621107135,missense|LC,2119546033,2,119546033,
ZNRF2,ENSG00000180233,0.794042150401856,0.601593855949725,0.61975813953039,-0.000328083637140694,missense|LC,7030285263,7,30285263,
UPP1,ENSG00000183696,0.794235505205632,0.67644868417172,0.5658082391399,-0.000305483780288868,missense|LC,7048094700,7,48094700,
LYZL4,ENSG00000157093,0.794236504966447,0.649124974033177,0.965827695515785,-0.000251616840866891,missense|LC,3042397245,3,42397245,
NFATC2,ENSG00000101096,0.794260185701071,0.901351778102783,0.565044439830205,-0.0000653753544040606,missense|LC,20051391315,20,51391315,
WBP1L,ENSG00000166272,0.794310282713936,0.887984999436042,0.570457709654947,0.000125664464153192,missense|LC,10102744012,10,102744012,
NFE2L2,ENSG00000116044,0.794345334693219,0.627527380116335,0.960867533088997,0.000205224753057785,missense|LC,2177230677,2,177230677,
CXCL5,ENSG00000163735,0.794380943410929,0.571801155170301,0.656087919645101,-0.000802719663466806,missense|LC,4073997585,4,73997585,
RTL3,ENSG00000179300,0.794383388549008,0.61307346702523,0.560341916509682,-0.000288295331597266,missense|LC,23078656932,X,78656932,
KLHL38,ENSG00000175946,0.794484602669377,0.892541184475962,0.57875323143519,-0.0000573994246186962,missense|LC,8123645644,8,123645644,
POLDIP2,ENSG00000004142,0.794553867161002,0.795392812965851,0.561569180818936,-0.000383710568035398,missense|LC,17028342168,17,28342168,
RGS5,ENSG00000143248,0.794574731134246,0.612501241243153,0.630569320216549,0.00042512467570605,missense|LC,1163147249,1,163147249,
VXN,ENSG00000169085,0.79457531990709,0.677486603025091,0.567375307915344,0.000553711498231585,missense|LC,8066493590,8,66493590,
CXCL9,ENSG00000138755,0.794596342975225,0.95662088559757,0.653871727653479,-0.0000548053844112438,missense|LC,4076003598,4,76003598,
KIF18B,ENSG00000186185,0.794601823831721,0.810366657607944,0.579331329218783,-0.0000704039906998571,missense|LC,17044925996,17,44925996,
RPL35,ENSG00000136942,0.794608914452321,0.63913842012173,0.67339184150278,-0.000434497312872453,missense|LC,9124853471,9,124853471,
CCDC85B,ENSG00000175602,0.794667420048295,0.599089102428185,0.564235049292905,-0.000902419599369732,missense|LC,11065885673,11,65885673,
SPCS3,ENSG00000129128,0.794727808955722,0.592334595663429,0.753443976787691,0.00114589754548225,missense|LC,4176319945,4,176319945,
PPM1E,ENSG00000175175,0.794759992502329,0.832927570023977,0.606150238542593,0.0000724607398972662,missense|LC,17058755800,17,58755800,
OR8H1,ENSG00000181693,0.794876884672167,0.814049349923017,0.611617789088923,0.000157312909410205,missense|LC,11056290091,11,56290091,
TLR10,ENSG00000174123,0.794880213459654,0.584819835522363,0.820789053585595,0.000165463316332337,missense|LC,4038773063,4,38773063,
CTAG2,ENSG00000126890,0.795044946173269,0.729273912120458,0.575133043585094,0.000201106910540443,missense|LC,23154651972,X,154651972,
KDM2A,ENSG00000173120,0.795096944751303,0.627864469077233,0.558215236942385,0.000378767892969796,missense|LC,11067117721,11,67117721,
LRRD1,ENSG00000240720,0.795177489306485,0.719446379792021,0.608780742648776,-0.000145655753444921,missense|LC,7092144852,7,92144852,
EMP2,ENSG00000213853,0.795219327899299,0.686993525578201,0.592045435949677,-0.000219695874610059,missense|LC,16010532821,16,10532821,
CHST5,ENSG00000135702,0.795268904636055,0.586056910532305,0.633823676359245,0.0002630324109018,missense|LC,16075529047,16,75529047,
MTMR6,ENSG00000139505,0.795278606455829,0.942005619233789,0.584920013608227,0.0000370897014481769,missense|LC,13025249135,13,25249135,
KHDRBS2,ENSG00000112232,0.795280707015313,0.613894943541304,0.676762028933642,0.000306347863948496,missense|LC,6061680943,6,61680943,
SGMS2,ENSG00000164023,0.795302611616299,0.96544356679232,0.55569610852568,0.0000557789948601012,missense|LC,4107895473,4,107895473,
CIB1,ENSG00000185043,0.795355848817764,0.608518521565367,0.603417168497184,0.000387284369217693,missense|LC,15090225249,15,90225249,
KCTD7,ENSG00000243335,0.795377138860919,0.569022356115977,0.911556603666411,-0.000490199140944212,missense|LC,7066628959,7,66628959,
COPS6,ENSG00000168090,0.795383154284304,0.962379431593502,0.660329084650686,-0.0000263571571134747,missense|LC,7100088895,7,100088895,
TEX37,ENSG00000172073,0.795423839353437,0.61696029199226,0.624181211425794,-0.000222697848710346,missense|LC,2088525552,2,88525552,
FAM199X,ENSG00000123575,0.79547784878904,0.584625178302772,0.595244355569788,-0.000722738416786747,missense|LC,23104166730,X,104166730,
OR2A7,ENSG00000243896,0.795534842082893,0.703445636859307,0.68003890615336,0.000127695877780364,missense|LC,7144258669,7,144258669,
ALDH6A1,ENSG00000119711,0.795556033309233,0.618792190936858,0.761054671807368,-0.00021891724864128,missense|LC,14074055556,14,74055556,
LASP1,ENSG00000002834,0.795584091053092,0.572864036714363,0.717681715103033,0.000689670779287519,missense|LC,17038870102,17,38870102,
AC097637.1,ENSG00000173366,0.795654611545833,0.896958193862075,0.58362394990037,0.0000487542649129418,missense|LC,3052221136,3,52221136,
CHFR,ENSG00000072609,0.795686907912826,0.561781246597598,0.811610900885064,-0.000331889239526126,missense|LC,12132841512,12,132841512,
PWWP2A,ENSG00000170234,0.795735115044661,0.569979189600633,0.660787282681489,0.000322732671818465,missense|LC,5160089462,5,160089462,
LECT2,ENSG00000145826,0.795765223950759,0.594149346865953,0.609389328949634,-0.000560041619676648,missense|LC,5135947255,5,135947255,
ISX,ENSG00000175329,0.795827554739171,0.601449311292496,0.571781977125057,-0.000382367805544145,missense|LC,22035067047,22,35067047,
BCORL1,ENSG00000085185,0.795861987346007,0.564575699788328,0.607032314108483,-0.000175540291802239,missense|LC,23130005199,X,130005199,
MIPEP,ENSG00000027001,0.795893271707569,0.560933878041451,0.621408501644187,0.000253515069721406,missense|LC,13023730320,13,23730320,
SYCE1,ENSG00000171772,0.795958450785857,0.590244082059874,0.63720698322879,0.000453794287262203,missense|LC,10133554295,10,133554295,
ZNF653,ENSG00000161914,0.796037499312738,0.916323144768388,0.601575409942606,0.0000430373762075254,missense|LC,19011480477,19,11480477,
ANXA10,ENSG00000109511,0.79606340145456,0.85601813867131,0.613746074577294,-0.000101868951350678,missense|LC,4168092636,4,168092636,
PATE1,ENSG00000171053,0.796095951792207,0.597514361631445,0.950064461654494,-0.000817650285720105,missense|LC,11125746224,11,125746224,
EEF1B2,ENSG00000114942,0.796122841201432,0.690021542630292,0.80457987244129,0.000211506648221265,missense|LC,2206159006,2,206159006,
PDZD4,ENSG00000067840,0.796175917011851,0.673474922424171,0.627978560337925,0.00013104964689368,missense|LC,23153797411,X,153797411,
YPEL4,ENSG00000166793,0.796204033056048,0.575691348691944,0.926873436615089,0.00141765504190406,missense|LC,11057645903,11,57645903,
TPD52L1,ENSG00000111907,0.796312547143933,0.736684702190971,0.614314489233482,0.000259781109205271,missense|LC,6125153845,6,125153845,
CADPS,ENSG00000163618,0.796338209923615,0.954369758481902,0.617555075711724,0.0000217051851107553,missense|LC,3062399334,3,62399334,
MRGPRX4,ENSG00000179817,0.796428260436069,0.664201633308674,0.565403559622961,-0.000337356351528157,missense|LC,11018173138,11,18173138,
HNRNPLL,ENSG00000143889,0.796606536071371,0.855324000490037,0.565063805527525,0.000173982053641831,missense|LC,2038564169,2,38564169,
MIA,ENSG00000261857,0.796646600949245,0.650001706175135,0.80766674770555,0.000478039310080463,missense|LC,19040775412,19,40775412,
THEM6,ENSG00000130193,0.796708412232088,0.917812988380783,0.568835084237363,-0.000120302759631789,missense|LC,8142727245,8,142727245,
DNER,ENSG00000187957,0.796845721988944,0.88907651811175,0.612563533793459,0.0000544658924549286,missense|LC,2229358475,2,229358475,
FANCL,ENSG00000115392,0.797043782536658,0.934443082495688,0.621835217268022,-0.0000419252754842932,missense|LC,2058159297,2,58159297,
MAN2A2,ENSG00000196547,0.797123574670273,0.74083300705849,0.564524573212907,-0.00012637865542058,missense|LC,15090904108,15,90904108,
NNMT,ENSG00000166741,0.797166496650507,0.572286382937504,0.851975924813421,0.000534583122298846,missense|LC,11114296469,11,114296469,
NMD3,ENSG00000169251,0.797187703521058,0.920736550333432,0.573266575813607,0.0000739888372168746,missense|LC,3161221985,3,161221985,
IWS1,ENSG00000163166,0.797199429557243,0.856659650630279,0.549183344666557,0.000119903752027661,missense|LC,2127480950,2,127480950,
TADA3,ENSG00000171148,0.797259027336568,0.723578308086784,0.571524862241261,0.000304087201343202,missense|LC,3009780274,3,9780274,
AC140504.1,ENSG00000261130,0.797259671687723,0.585514906735186,0.571735670614773,0.000895620849860433,missense|LC,16015395815,16,15395815,
FGF14,ENSG00000102466,0.797272812495304,0.576902974684882,0.922488263109627,0.00135265071844023,missense|LC,13101706669,13,101706669,
CD1E,ENSG00000158488,0.797297018654496,0.819750352056447,0.5702318760108,-0.000156266194285049,missense|LC,1158353940,1,158353940,
CCDC168,ENSG00000175820,0.797454995861333,0.67186517100957,0.567382922728597,0.0000477830086005099,missense|LC,13102729381,13,102729381,
NEK3,ENSG00000136098,0.797496363865297,0.622122224852653,0.757915512547625,0.000198910731327455,missense|LC,13052133093,13,52133093,
ADRA1B,ENSG00000170214,0.797681827988031,0.623499828045936,0.915955192380697,0.000232172685325661,missense|LC,5159916833,5,159916833,
CCND1,ENSG00000110092,0.797700537590378,0.559197373083079,0.609878133477503,-0.000778604797121554,missense|LC,11069641243,11,69641243,
RIMKLA,ENSG00000177181,0.797718762996487,0.978990253262621,0.571490628268405,-0.000025764497120281,missense|LC,1042380855,1,42380855,
TENT4B,ENSG00000121274,0.797934962875731,0.592241698026716,0.860343994419573,-0.000251034082020616,missense|LC,16050152875,16,50152875,
FASTKD2,ENSG00000118246,0.797956051855358,0.622873560048734,0.730353310037634,0.000174533039148209,missense|LC,2206760885,2,206760885,
UBE2K,ENSG00000078140,0.797993012910024,0.578478796279134,0.638570587952619,-0.00328218176875212,missense|LC,4039698254,4,39698254,
SMARCB1,ENSG00000099956,0.798011279326144,0.797520933236864,0.626395010307921,0.000271551470483339,missense|LC,22023782103,22,23782103,
TCTN2,ENSG00000168778,0.798012508291324,0.586220598247812,0.639767936137134,0.000286361783433458,missense|LC,12123671165,12,123671165,
CST9,ENSG00000173335,0.798100384186912,0.933655472564765,0.68084140783612,-0.0000477331506627561,missense|LC,20023602629,20,23602629,
PPP2R2B,ENSG00000156475,0.798138318985275,0.781489440868324,0.578535524129821,0.00024290182448663,missense|LC,5146589869,5,146589869,
GALP,ENSG00000197487,0.798192385337217,0.679993474012974,0.949295104041426,0.0002559608482017,missense|LC,19056177066,19,56177066,
DDI2,ENSG00000197312,0.798206960024639,0.915210888312673,0.59432904245762,-0.000103936743967322,missense|LC,1015617575,1,15617575,
RABL2B,ENSG00000079974,0.79822674391585,0.608561096940219,0.646489634484171,0.000475908499212537,missense|LC,22050768579,22,50768579,
TEX55,ENSG00000163424,0.798359118050792,0.814639015994392,0.624450509180051,-0.000103706996414263,missense|LC,3119146137,3,119146137,
WDR5,ENSG00000196363,0.798426956024513,0.694264119467914,0.603746593180059,0.000639301052206485,missense|LC,9134139793,9,134139793,
MID2,ENSG00000080561,0.798576217217084,0.807249089330821,0.56850753604501,-0.000207910971651294,missense|LC,23107826323,X,107826323,
TOMM40L,ENSG00000158882,0.798684737519005,0.634203265494371,0.78453294043429,0.000398433203574182,missense|LC,1161222368,1,161222368,
CLASP1,ENSG00000074054,0.798691058485607,0.947192003340738,0.59955467828925,0.0000222950571327137,missense|LC,2121340812,2,121340812,
DCAF4L1,ENSG00000182308,0.798714271612131,0.631118622885822,0.821400177195552,0.000279708604897313,missense|LC,4041981697,4,41981697,
CACUL1,ENSG00000151893,0.798726355640879,0.571218834411031,0.608064912771555,-0.000490262294854034,missense|LC,10118686085,10,118686085,
AC091057.6,ENSG00000284906,0.798869066112443,0.821184885327889,0.610039620498811,0.000179483449550074,missense|LC,15030626689,15,30626689,
CHST4,ENSG00000140835,0.798936998771813,0.696418837784262,0.631619411661335,0.000190284528661392,missense|LC,16071536589,16,71536589,
TPRKB,ENSG00000144034,0.799001932207121,0.568903638190361,0.581134210705889,0.00102164637900819,missense|LC,2073729074,2,73729074,
BCL2L13,ENSG00000099968,0.799148158524953,0.622347269285389,0.758038858478097,0.000197509523498838,missense|LC,22017638607,22,17638607,
KLHL6,ENSG00000172578,0.799183682445706,0.569333433255968,0.695704542042296,-0.000413349585480974,missense|LC,3183491840,3,183491840,
GJB2,ENSG00000165474,0.799402095979776,0.970709455140155,0.590387371676006,-0.0000146834712902399,missense|LC,13020188859,13,20188859,
OR1B1,ENSG00000280094,0.799408893008011,0.80176656078326,0.640774428913513,-0.000106165115926085,missense|LC,9122628580,9,122628580,
MYBPC3,ENSG00000134571,0.799464015515844,0.571092580940722,0.606758467443409,-0.000148201453649495,missense|LC,11047326470,11,47326470,
NPLOC4,ENSG00000182446,0.799490058974311,0.648997354458585,0.880979297719536,-0.00025299436431127,missense|LC,17081551876,17,81551876,
MS4A12,ENSG00000071203,0.799537714206222,0.923199177535218,0.589379701409541,-0.000083122874467879,missense|LC,11060497217,11,60497217,
MFRP,ENSG00000235718,0.799653323963541,0.609658655666832,0.811853301868659,0.000159995032709597,missense|LC,11119335069,11,119335069,
SRPX,ENSG00000101955,0.799686963168223,0.642694095459172,0.584738680947486,0.000208463070544049,missense|LC,23038149651,X,38149651,
KCTD19,ENSG00000168676,0.799783387297488,0.835530860257433,0.591767182117434,0.0000573211601440474,missense|LC,16067284435,16,67284435,
ITGB8,ENSG00000105855,0.79984667428284,0.890717505928188,0.603766276039582,0.0000702708579745881,missense|LC,7020331691,7,20331691,
FRMD7,ENSG00000165694,0.799846718568575,0.570292837635709,0.600532949845727,0.000361005594350807,missense|LC,23132072242,X,132072242,
CDK9,ENSG00000136807,0.79991141017722,0.878888321787297,0.564716906427909,0.000187478141574556,missense|LC,9127786095,9,127786095,
HMOX1,ENSG00000100292,0.799954331834845,0.919053743405809,0.604488450367061,-0.0000553324011114968,missense|LC,22035381063,22,35381063,
PIGS,ENSG00000087111,0.800110851939195,0.673616150395151,0.619231902425788,-0.000162769609960563,missense|LC,17028548537,17,28548537,
CTPS1,ENSG00000171793,0.800159163674113,0.798903232014172,0.602514923091826,0.000454894534700492,missense|LC,1040981909,1,40981909,
CCNQ,ENSG00000262919,0.80018729949127,0.6585115042752,0.93242511473004,0.0001836841618827,missense|LC,23153588336,X,153588336,
PLAGL1,ENSG00000118495,0.800241550080313,0.956097081690055,0.649800601926091,0.0000311774698124143,missense|LC,6143937570,6,143937570,
UNC79,ENSG00000133958,0.800272607538169,0.986767226772714,0.573240617290931,-0.00000654467837627339,missense|LC,14093332669,14,93332669,
MYL7,ENSG00000106631,0.800393884413884,0.967184876641661,0.673234591481559,0.00002141876936963,missense|LC,7044138876,7,44138876,
SERPINA11,ENSG00000186910,0.800405425305963,0.9261401245298,0.617200010364221,-0.0000518642227242958,missense|LC,14094442556,14,94442556,
HOXC12,ENSG00000123407,0.800432464657559,0.620847379668106,0.6846851502913,0.000214608770820776,missense|LC,12053954809,12,53954809,
ZNF131,ENSG00000172262,0.800568480285728,0.665263025786088,0.650755579393411,-0.000235889280399804,missense|LC,5043121934,5,43121934,
KIAA1143,ENSG00000163807,0.800572015362783,0.921665091763663,0.670708644811337,-0.0000555901969794495,missense|LC,3044753304,3,44753304,
CD3D,ENSG00000167286,0.800627244508134,0.883909752177446,0.590372435633618,0.00023143122315201,missense|LC,11118339128,11,118339128,
LRRC3,ENSG00000160233,0.800728502865813,0.653250102380994,0.60319835218549,-0.000271288427599761,missense|LC,21044456554,21,44456554,
COL22A1,ENSG00000169436,0.800728881984139,0.819464460334409,0.581384716005994,0.0000540843921394632,missense|LC,8138589183,8,138589183,
GLRA3,ENSG00000145451,0.800861018960039,0.626679694286759,0.614565435330102,-0.000271913338348104,missense|LC,4174642070,4,174642070,
SIX6,ENSG00000184302,0.800890267448922,0.64797126303594,0.843111651787774,0.00021493301734027,missense|LC,14060509340,14,60509340,
HAS3,ENSG00000103044,0.800918134239321,0.823732953277279,0.639189834105621,0.00011718143448382,missense|LC,16069107542,16,69107542,
CARMIL2,ENSG00000159753,0.801046992883441,0.668052119579313,0.59626251992352,-0.0000971155515721808,missense|LC,16067645189,16,67645189,
GAGE1,ENSG00000205777,0.801083903195142,0.66455004336243,0.916258514344495,-0.000458170989884962,missense|LC,23049603542,X,49603542,
TLR9,ENSG00000239732,0.801209984097035,0.715676263400433,0.597633912231941,-0.000144966585793857,missense|LC,3052221136,3,52221136,
MMD,ENSG00000108960,0.80132834267484,0.682443302991924,0.570255244736174,-0.000728358206961107,missense|LC,17055394268,17,55394268,
MRPL47,ENSG00000136522,0.801358150378575,0.774459377334164,0.663427569750673,0.000210593868826577,missense|LC,3179583303,3,179583303,
RLBP1,ENSG00000140522,0.801395564446329,0.588082899297177,0.625875073969313,-0.000328004271842004,missense|LC,15089210189,15,89210189,
TAS2R8,ENSG00000121314,0.801644710841825,0.628007113603435,0.755875025042323,-0.000176513717034982,missense|LC,12010801595,12,10801595,
KLF17,ENSG00000171872,0.801652389758661,0.572396816552511,0.925571171499462,0.000434115776151403,missense|LC,1044118845,1,44118845,
POU4F2,ENSG00000151615,0.801741705626826,0.599775529737249,0.942982715850278,-0.000160439437064618,missense|LC,4146639025,4,146639025,
ZNF337,ENSG00000130684,0.80174233857756,0.826550921133346,0.589551654737605,-0.0000675226368592384,missense|LC,20025674961,20,25674961,
HNRNPC,ENSG00000092199,0.801766614441311,0.576330185953846,0.857286889695094,0.00132148710325366,missense|LC,14021211151,14,21211151,
RINT1,ENSG00000135249,0.801770238505333,0.988513394029899,0.612022381572455,0.00000660197316593594,missense|LC,7105532214,7,105532214,
ZNF37A,ENSG00000075407,0.801783209978091,0.588342036090039,0.675110068670601,0.000219763650328305,missense|LC,10038096528,10,38096528,
FAM153A,ENSG00000170074,0.801830098327585,0.923060503466749,0.636357528602812,-0.0000447930852349676,missense|LC,5177724034,5,177724034,
HPR,ENSG00000261701,0.801844103090867,0.666347686346313,0.619294159837687,-0.000163007937262828,missense|LC,16072059039,16,72059039,
C2orf50,ENSG00000150873,0.801847888065965,0.9050065351792,0.619514559682683,-0.0000696949300108071,missense|LC,2011133214,2,11133214,
COPB1,ENSG00000129083,0.801861563642604,1,0.582159849579744,-9.35259617700123e-7,missense|LC,11014457807,11,14457807,
KRTAP9-3,ENSG00000204873,0.801873995700269,0.642404714500257,0.625044846249418,-0.000340076869454373,missense|LC,17041232335,17,41232335,
PI4K2A,ENSG00000155252,0.801893439082292,0.615317500496338,0.824771311089816,0.000221035636447215,missense|LC,10097640677,10,97640677,
OR2K2,ENSG00000171133,0.801897596852384,0.879578296227794,0.583111201831251,0.000115461989887895,missense|LC,9111327489,9,111327489,
TNFSF15,ENSG00000181634,0.801959757191462,0.798829708994981,0.613717743500953,-0.000206946491085276,missense|LC,9114790362,9,114790362,
TRMT12,ENSG00000183665,0.802029009579516,0.571257192942039,0.713909825387181,-0.00045786070666442,missense|LC,8124450819,8,124450819,
AC026464.4,ENSG00000260914,0.802054245124716,0.626106765753155,0.870134053592035,-0.000398166540437485,missense|LC,16069299517,16,69299517,
CD300A,ENSG00000167851,0.802059661836068,0.715958143939185,0.632848100854008,-0.000275845372002471,missense|LC,17074466619,17,74466619,
EBI3,ENSG00000105246,0.802104993883159,0.760546908476101,0.572440378616869,-0.00027421642255247,missense|LC,19004224523,19,4224523,
ATP5MG,ENSG00000167283,0.80211181428739,0.588940003288002,0.818735550823364,0.00112669436280255,missense|LC,11118401571,11,118401571,
ZC3HAV1L,ENSG00000146858,0.802149785505306,0.571027022129105,0.588123164827281,-0.000787663212566763,missense|LC,7139026398,7,139026398,
STOML1,ENSG00000067221,0.802280603251737,0.939053217551215,0.57531733806398,0.0000563244737337041,missense|LC,15073983826,15,73983826,
MARK3,ENSG00000075413,0.802303140494662,0.748987977153728,0.596997940780685,0.000181186114261229,missense|LC,14103385972,14,103385972,
AC092042.3,ENSG00000273291,0.802381589634725,0.62849952650878,0.575413372339818,-0.00106423209614302,missense|LC,3042938844,3,42938844,
ATF3,ENSG00000162772,0.802483865113198,0.576081529127243,0.600096725568833,0.000873497527922781,missense|LC,1212614876,1,212614876,
WIPI2,ENSG00000157954,0.802503701746031,0.708273468329141,0.575388901280216,-0.000264048048358983,missense|LC,7005190343,7,5190343,
MYL9,ENSG00000101335,0.802555528308191,0.659975472795526,0.573030753647106,0.000683853122550929,missense|LC,20036544791,20,36544791,
JPT2,ENSG00000206053,0.802580186326886,0.788321680138556,0.676330124581295,-0.000201129157124713,missense|LC,16001673807,16,1673807,
NPEPL1,ENSG00000215440,0.802650810693251,0.82545863220681,0.591421437569897,0.000110843979971458,missense|LC,20058691755,20,58691755,
FEM1C,ENSG00000145780,0.802792302053325,0.888305309629914,0.589389750970072,-0.000127888477961195,missense|LC,5115524254,5,115524254,
LCN9,ENSG00000148386,0.802879053620586,0.720616590206063,0.641401986468352,-0.000212796174645455,missense|LC,9135663281,9,135663281,
HGD,ENSG00000113924,0.802879955954021,0.579573529076607,0.915201800224591,-0.000393870411778859,missense|LC,3120628300,3,120628300,
GAREM1,ENSG00000141441,0.802947711336614,0.858726984308929,0.604846820820738,0.0000808021726961524,missense|LC,18032267810,18,32267810,
AQP2,ENSG00000167580,0.803106292519357,0.637742754855134,0.576061014209772,0.000506621799333338,missense|LC,12049950707,12,49950707,
HGFAC,ENSG00000109758,0.803151913723452,0.744675462945697,0.598975134478679,-0.000107151504387167,missense|LC,4003439379,4,3439379,
NT5C3A,ENSG00000122643,0.80325315204613,0.689887811340445,0.633690932389418,-0.000207348481725266,missense|LC,7033014598,7,33014598,
LIPT1,ENSG00000144182,0.803376080925115,0.919077942371469,0.574510745520664,-0.00010187537774839,missense|LC,2099150473,2,99150473,
TRMT13,ENSG00000122435,0.803407255742618,0.646608211030948,0.642214456225002,0.000258382767555045,missense|LC,1100132700,1,100132700,
IL17RB,ENSG00000056736,0.803435218552174,0.626079859563296,0.873982039677261,0.000213311444774797,missense|LC,3053846490,3,53846490,
RPS18,ENSG00000231500,0.803504161381821,0.579341057719222,0.603016945241329,-0.00242393159287879,missense|LC,6033267079,6,33267079,
DARS2,ENSG00000117593,0.803521342392608,0.920398188494673,0.607909073976076,-0.0000580722259479827,missense|LC,1173825103,1,173825103,
PRKAR1B,ENSG00000188191,0.803562563242139,0.590658178254267,0.598043341533791,0.000324568253297944,missense|LC,7000550350,7,550350,
TMPRSS11B,ENSG00000185873,0.803654562231411,0.988713090731774,0.602997886601057,-0.00000957575423175854,missense|LC,4068227836,4,68227836,
MAP3K1,ENSG00000095015,0.80374249079415,0.857238800145744,0.568387331995045,-0.0000729292629967175,missense|LC,5056815458,5,56815458,
HNF1B,ENSG00000275410,0.803863750094365,0.81015343644214,0.594957793051405,0.000170836937578056,missense|LC,17037687238,17,37687238,
DNAJB4,ENSG00000162616,0.803968881071763,0.867801281962178,0.596927474901725,-0.000166013457604956,missense|LC,1078005029,1,78005029,
BTBD11,ENSG00000151136,0.803980610793398,0.968237038615975,0.568491158976148,0.0000219702645040953,missense|LC,12107318832,12,107318832,
SLC6A9,ENSG00000196517,0.803990355629189,0.954546201690223,0.577270038704226,0.000102503344648691,missense|LC,1043992529,1,43992529,
C12orf75,ENSG00000235162,0.803996059232453,0.843865772787405,0.601583834883277,0.000382671798442416,missense|LC,12105330772,12,105330772,
DROSHA,ENSG00000113360,0.804095664159958,0.609482852023216,0.621558348220399,-0.000161853788123649,missense|LC,5031401322,5,31401322,
GALC,ENSG00000054983,0.804129918186315,0.621309349100704,0.88471957121187,-0.000228766266107216,missense|LC,14087933918,14,87933918,
CDH7,ENSG00000081138,0.804237078552276,0.99471181387355,0.593406112131968,-0.00000521696160663012,missense|LC,18065762774,18,65762774,
EDDM3B,ENSG00000181552,0.804330572691044,0.662584256172973,0.599413408887789,0.000446341721133979,missense|LC,14020770069,14,20770069,
RAP1GAP,ENSG00000076864,0.804438299802678,0.603760923674953,0.674168376391302,0.000246353338304121,missense|LC,1021597598,1,21597598,
LEUTX,ENSG00000213921,0.80444364585446,0.984207306198254,0.622493400687524,-0.0000269685937146552,missense|LC,19039784567,19,39784567,
AIFM3,ENSG00000183773,0.804534042147502,0.915932544500449,0.591292850755063,0.0000444269568269495,missense|LC,22020967856,22,20967856,
NDST3,ENSG00000164100,0.804711856502276,0.850725363225532,0.628666720049138,-0.0000995556695841976,missense|LC,4118053814,4,118053814,
SPATA24,ENSG00000170469,0.804813980929456,0.696504843016716,0.935310914846489,-0.000213159230907928,missense|LC,5139391958,5,139391958,
GOLGA8O,ENSG00000206127,0.804828067248457,0.899359975474896,0.623621466061842,-0.000106085099733105,missense|LC,15032446413,15,32446413,
PAK4,ENSG00000130669,0.80482868563183,1,0.578365028418577,0.00000188735157167223,missense|LC,19039169498,19,39169498,
ZNF681,ENSG00000196172,0.804920754444791,0.581037894700333,0.593050088358801,-0.00029595229326241,missense|LC,19023743525,19,23743525,
PRKY,ENSG00000099725,0.805011902936098,0.589477419964679,0.69125852979657,-0.00118083471940526,missense|LC,24007303889,Y,7303889,
RASGRP2,ENSG00000068831,0.805022071292599,0.611920517199,0.754242296712683,0.00023914180376201,missense|LC,11064727233,11,64727233,
CA13,ENSG00000185015,0.805038696022376,0.9122463010904,0.583521275528475,0.000117581483064601,missense|LC,8085245733,8,85245733,
AMY2B,ENSG00000240038,0.805080519201115,0.592553164129419,0.864131988490178,-0.000209019565741814,missense|LC,1103550863,1,103550863,
CLEC4E,ENSG00000166523,0.805341262419756,0.693209643497145,0.583755330742433,0.000557616939703789,missense|LC,12008534583,12,8534583,
TSPAN16,ENSG00000130167,0.805355588144247,0.721479775514931,0.662029399666282,0.000176007492843554,missense|LC,19011296214,19,11296214,
WTAP,ENSG00000146457,0.805411699313886,0.625309984642865,0.704686503225738,-0.000306262494809422,missense|LC,6159726693,6,159726693,
JUND,ENSG00000130522,0.805451244179758,0.591767607084155,0.696231798438378,0.000287500144541864,missense|LC,19018280347,19,18280347,
PSEN2,ENSG00000143801,0.805578488935814,0.744304235373487,0.605505525468963,-0.000144796086166852,missense|LC,1226880437,1,226880437,
HYAL2,ENSG00000068001,0.805619076016447,0.577074293263789,0.715534622562116,0.000411884944931743,missense|LC,3050318035,3,50318035,
ANKRD13D,ENSG00000172932,0.805650145930842,0.944103222167522,0.579752505596403,-0.0000489316755982345,missense|LC,11067284307,11,67284307,
HIC2,ENSG00000169635,0.805818566734458,0.605006413524209,0.603952032609822,-0.000251757300835956,missense|LC,22021442807,22,21442807,
GFAP,ENSG00000131095,0.805919927651387,0.896360463236853,0.635311411910284,-0.0000565280986805906,missense|LC,17044900906,17,44900906,
TOGARAM2,ENSG00000189350,0.805944857351043,0.945698793738541,0.602527793736576,0.0000579315063280502,missense|LC,2028994747,2,28994747,
PINK1,ENSG00000158828,0.806065437906359,0.813475813314184,0.577678572803123,0.000113975273557984,missense|LC,1020633432,1,20633432,
CD55,ENSG00000196352,0.806113399943276,0.580200313619631,0.585956978340252,-0.00056968402794962,missense|LC,1207321713,1,207321713,
TOR2A,ENSG00000160404,0.806348011797195,0.581441649202743,0.58241760294237,0.000406277647498787,missense|LC,9127726869,9,127726869,
DLD,ENSG00000091140,0.806369344173191,0.769743834487911,0.606296356008036,0.000186315985158422,missense|LC,7107891148,7,107891148,
EIF2A,ENSG00000144895,0.806412773605137,0.59807253113587,0.90336133121789,-0.000255484734664135,missense|LC,3150544401,3,150544401,
LGI1,ENSG00000108231,0.806433457418992,0.577515612416739,0.697174010790686,0.000512371438006807,missense|LC,10093758081,10,93758081,
PDLIM2,ENSG00000120913,0.806522470686761,0.576400355022277,0.809734350922217,-0.000264016516628462,missense|LC,8022574590,8,22574590,
GPR22,ENSG00000172209,0.806543997549654,0.969024101933871,0.608597992173485,0.0000447070894109543,missense|LC,7107474041,7,107474041,
TPSB2,ENSG00000197253,0.806590622377571,0.617105699236223,0.880997001831892,0.00020134044716869,missense|LC,16001223339,16,1223339,
AC129492.3,ENSG00000263620,0.806687179412634,0.638459232236814,0.740031558542747,-0.000764747164968386,missense|LC,17008145856,17,8145856,
C8orf48,ENSG00000164743,0.806788075704528,0.962044721666814,0.615138573620996,-0.0000124992638944944,missense|LC,8013566863,8,13566863,
DRC1,ENSG00000157856,0.806792659555904,0.721772453663872,0.60036125421382,-0.0001207401628531,missense|LC,2026401847,2,26401847,
FUT1,ENSG00000174951,0.806898523477341,0.591612261687812,0.752065286704139,-0.00034619033568095,missense|LC,19048743372,19,48743372,
COL13A1,ENSG00000197467,0.806943180765039,0.977352353428424,0.607917358904132,0.0000100099843210746,missense|LC,10069802305,10,69802305,
IFNA1,ENSG00000197919,0.806983023083568,0.620154821269696,0.836457822687602,-0.000344782951964756,missense|LC,9021440399,9,21440399,
MGST1,ENSG00000008394,0.80704022365491,0.75899281663315,0.657517505047943,0.000276190433649797,missense|LC,12016354183,12,16354183,
VPS52,ENSG00000223501,0.807058758666406,0.608861724897751,0.640881304479474,-0.000249638129485329,missense|LC,6033250720,6,33250720,
TSPAN14,ENSG00000108219,0.807123519355085,0.571885659144412,0.647815229927777,-0.000789546974088494,missense|LC,10080485556,10,80485556,
SMC3,ENSG00000108055,0.807216722463454,0.705254421491897,0.636584053316628,0.000327050935246809,missense|LC,10110567716,10,110567716,
ZNF135,ENSG00000176293,0.807278861684469,0.638152155786249,0.603489672943212,-0.000131603425158325,missense|LC,19058059121,19,58059121,
DBN1,ENSG00000113758,0.807326512781426,0.737146196474784,0.598527711998543,-0.000134207856492899,missense|LC,5177454914,5,177454914,
ORC3,ENSG00000135336,0.807327972014121,0.983265600140146,0.577073529666811,-0.0000144643056469348,missense|LC,6087589588,6,87589588,
RYR3,ENSG00000198838,0.807475229956819,0.574223934303011,0.687892914916849,-0.0000945816454913769,missense|LC,15033310995,15,33310995,
ZNF730,ENSG00000183850,0.807482000555714,0.611463744657512,0.901738200344393,-0.000238796216879427,missense|LC,19023117013,19,23117013,
TRMT5,ENSG00000126814,0.807589614828005,0.889741526229219,0.621316583308105,0.0000753369405020149,missense|LC,14060968200,14,60968200,
ABI3BP,ENSG00000154175,0.807594844762946,0.835025314403718,0.601524517341821,-0.0000449331578397411,missense|LC,3100744802,3,100744802,
SNX6,ENSG00000129515,0.807619756710958,0.586292935177622,0.607104169974401,-0.000681268948241355,missense|LC,14034563048,14,34563048,
TPRG1,ENSG00000188001,0.807685762498759,0.674510594413311,0.947112563423134,-0.000275705933935472,missense|LC,3189190885,3,189190885,
RWDD2A,ENSG00000013392,0.80772179780022,0.640928771394484,0.585699621732522,0.000742240999296728,missense|LC,6083188570,6,83188570,
TEDDM1,ENSG00000203730,0.807769113471649,0.690356294320267,0.877543367895156,-0.000220560037939241,missense|LC,1182399618,1,182399618,
PTGR1,ENSG00000106853,0.807805283338961,0.627802328743466,0.799574774657145,-0.00019348062189078,missense|LC,9111562866,9,111562866,
MLLT10,ENSG00000078403,0.807924451126209,0.620663226133961,0.584442370123215,-0.000225391551399964,missense|LC,10021534539,10,21534539,
PARVG,ENSG00000138964,0.807972243470536,0.77171907349958,0.664878662988609,0.000145996382942089,missense|LC,22044180843,22,44180843,
SLC4A3,ENSG00000114923,0.80807432547049,0.689056764285115,0.594609708418723,-0.000121056628240022,missense|LC,2219627953,2,219627953,
NRIP2,ENSG00000053702,0.808134695446325,0.923535501451124,0.616372816268633,-0.000050093525743722,missense|LC,12002820679,12,2820679,
ZNF593,ENSG00000142684,0.808224907757927,0.87469701419047,0.616466759793493,-0.000162395383478858,missense|LC,1026165645,1,26165645,
C15orf41,ENSG00000186073,0.80838425028155,0.980184881768591,0.664630353548305,0.0000143517534652664,missense|LC,15036579799,15,36579799,
MSANTD2,ENSG00000120458,0.80838504087005,0.910958030324918,0.571277727164442,0.000104854028919912,missense|LC,11124762014,11,124762014,
KCTD6,ENSG00000168301,0.808404494069258,0.963401405067365,0.632130912701501,0.0000662343122223683,missense|LC,3058498716,3,58498716,
USP35,ENSG00000118369,0.808427490450762,0.938217048643081,0.587561118737711,0.0000221082582281522,missense|LC,11078186624,11,78186624,
PABPC4L,ENSG00000254535,0.808645682507177,0.910786527613624,0.671653115445436,-0.0000523980847686334,missense|LC,4134199788,4,134199788,
ACAA2,ENSG00000167315,0.808717217068346,0.990141445019761,0.616240666530057,0.00000813247161417361,missense|LC,18049783788,18,49783788,
VNN2,ENSG00000112303,0.808734661002795,0.96262334022648,0.610640424605463,-0.0000169022832627417,missense|LC,6132744221,6,132744221,
ZBTB7B,ENSG00000160685,0.808777599382539,0.610970212635443,0.61865323967706,0.000273910718819167,missense|LC,1155010854,1,155010854,
ATOH1,ENSG00000172238,0.808841641967714,0.642010508621635,0.687237262333975,-0.000194511416722231,missense|LC,4093828816,4,93828816,
KAT6B,ENSG00000156650,0.80885513480652,0.778455550881123,0.576052128548543,-0.000181771570036693,missense|LC,10074842778,10,74842778,
LYPD6,ENSG00000187123,0.808933617626143,0.598906390819024,0.91961413851718,-0.00055485819399412,missense|LC,2149437566,2,149437566,
OGFRL1,ENSG00000119900,0.808938341492033,0.63127619559809,0.57617915004798,-0.000413695026893222,missense|LC,6071288835,6,71288835,
IL25,ENSG00000166090,0.809305577663683,1,0.682629576888891,0.00000150219501253116,missense|LC,14023372900,14,23372900,
MAN1B1,ENSG00000177239,0.809314364854845,0.59410516946303,0.667790811300804,-0.00019073496111611,missense|LC,9137081977,9,137081977,
SMAD4,ENSG00000141646,0.809371768850312,0.797379344638437,0.652925182115849,0.00021885425356324,missense|LC,18051046978,18,51046978,
TCHP,ENSG00000139437,0.809510740494109,0.710091401688595,0.591461069632841,-0.000219321948984993,missense|LC,12109902952,12,109902952,
LAG3,ENSG00000089692,0.809535266641745,0.819594359376101,0.626061717935294,-0.0000874244848774731,missense|LC,12006769530,12,6769530,
ZIC5,ENSG00000139800,0.80968469380654,0.704613841859068,0.595041568263005,0.0000762891983012076,missense|LC,13099965299,13,99965299,
NPY4R,ENSG00000204174,0.809721429068103,0.624264515471469,0.798968202287169,0.00051816135359513,missense|LC,10046462292,10,46462292,
BET1,ENSG00000105829,0.809898815340598,0.592643477838646,0.611807260756379,-0.00127074402260898,missense|LC,7093991712,7,93991712,
MBTPS1,ENSG00000140943,0.809937310787385,1,0.611358825714238,-6.22657718706507e-7,missense|LC,16084054362,16,84054362,
OR1A1,ENSG00000172146,0.809987444785117,0.647131258298664,0.637030104452989,0.000288350184739087,missense|LC,17003215582,17,3215582,
RMI2,ENSG00000175643,0.810051048295369,0.631303581088872,0.7023748604968,0.000359798552906932,missense|LC,16011345359,16,11345359,
H2AJ,ENSG00000246705,0.810185184543184,0.678317101245002,0.885400451248125,0.000386539240859471,missense|LC,12014770678,12,14770678,
MRPS33,ENSG00000090263,0.810189374148891,0.621164215995877,0.59615502741314,-0.00079098703866426,missense|LC,7141006377,7,141006377,
ZNF260,ENSG00000254004,0.810251919916116,0.729199338021847,0.608817256229926,0.000332086988709896,missense|LC,19036513913,19,36513913,
MFAP1,ENSG00000140259,0.810265705878631,0.924839943446964,0.678678438669258,0.0000720044687501748,missense|LC,15043799496,15,43799496,
P2RY1,ENSG00000169860,0.810294406643197,0.953347901807977,0.584551747227664,0.0000785490578682371,missense|LC,3152835693,3,152835693,
ALG5,ENSG00000120697,0.810586284300069,0.648593659329969,0.636122522152587,-0.000403094629535176,missense|LC,13036949915,13,36949915,
TGM2,ENSG00000198959,0.810643015537067,0.596399341298581,0.969373349046259,0.000262839408000093,missense|LC,20038127268,20,38127268,
SYNGAP1,ENSG00000197283,0.810651887661529,0.758489396252608,0.563447932988182,0.000232415615126308,missense|LC,6033415062,6,33415062,
NOL9,ENSG00000162408,0.810663498316467,0.722580665715013,0.589751526628646,-0.000196830461458633,missense|LC,1006519400,1,6519400,
OLIG1,ENSG00000184221,0.810776700668242,0.647767135488298,0.910755462708339,-0.000194650809943116,missense|LC,21033070091,21,33070091,
HOXA6,ENSG00000106006,0.810782119566761,0.777145076869334,0.589166744365829,0.000327731141410674,missense|LC,7027141722,7,27141722,
IFT88,ENSG00000032742,0.810783326069048,0.588110622689174,0.735751559242846,-0.000324900020651764,missense|LC,13020567662,13,20567662,
MRPS22,ENSG00000175110,0.810846528148226,0.674486204235595,0.626010869338911,0.000189286357386673,missense|LC,3139005395,3,139005395,
STX18,ENSG00000168818,0.810971803690219,0.842166620589426,0.60186858150729,-0.00014893688271423,missense|LC,4004417178,4,4417178,
FTSJ1,ENSG00000068438,0.811004230661132,0.633059565264843,0.611073874080496,0.000493785059034324,missense|LC,23048477938,X,48477938,
TAF2,ENSG00000064313,0.81113550602428,0.606115369625139,0.704693461540575,0.000227482728435221,missense|LC,8119731849,8,119731849,
TUBA4B,ENSG00000243910,0.811146674536475,0.751518222981661,0.604602494998697,-0.000315870333186256,missense|LC,2219248249,2,219248249,
GNPTG,ENSG00000090581,0.811257902909955,0.574420424422096,0.802976842815742,0.00038327293677321,missense|LC,16001346931,16,1346931,
LINGO3,ENSG00000220008,0.811314029709203,0.660243853276806,0.943369399619557,0.000185619824745055,missense|LC,19002289924,19,2289924,
ZNF677,ENSG00000197928,0.811376667739612,0.639995866612866,0.770684785072116,-0.000202297278934542,missense|LC,19053236898,19,53236898,
ZNF823,ENSG00000197933,0.811848865614917,0.690235709181487,0.651485187559735,0.000200207558869698,missense|LC,19011721618,19,11721618,
HS1BP3,ENSG00000118960,0.812053208123304,0.670904294051341,0.620058587304761,-0.000157559041435307,missense|LC,2020618628,2,20618628,
F10,ENSG00000126218,0.812057742239865,0.613511474866346,0.859155670245904,-0.000251057507812468,missense|LC,13113118317,13,113118317,
AGPS,ENSG00000018510,0.812109317930576,0.757452082088573,0.632142398543594,-0.00023026380394212,missense|LC,2177392660,2,177392660,
AC063943.3,ENSG00000288623,0.812120339454992,0.636349626715004,0.916936731436798,0.0006482662532698,missense|LC,12120534596,12,120534596,
SLC26A5,ENSG00000170615,0.812157243076173,0.634470223462249,0.773825325172339,0.000213112424707455,missense|LC,7103374112,7,103374112,
RPS6KA3,ENSG00000177189,0.812255218668624,0.866230754292556,0.663486916054594,-0.000137181523203978,missense|LC,23020155326,X,20155326,
ATP6V1A,ENSG00000114573,0.812259104497079,0.601095112499181,0.868009106146536,-0.000495635988600534,missense|LC,3113745837,3,113745837,
LRRC25,ENSG00000175489,0.812348451294403,0.7278820907533,0.613396829488314,0.000263203696315586,missense|LC,19018386138,19,18386138,
SOCS7,ENSG00000274211,0.812576079505734,0.964780733207669,0.683659186121013,-0.0000235503721954935,missense|LC,17038352271,17,38352271,
CARF,ENSG00000138380,0.81266118432584,0.963207409219229,0.657251791120732,0.0000154109999350436,missense|LC,2202907816,2,202907816,
GOLT1B,ENSG00000111711,0.812669990021091,0.984841815264173,0.721152475888486,0.0000155853786180626,missense|LC,12021499483,12,21499483,
ENTR1,ENSG00000165689,0.812739608581238,0.81752633338082,0.609071857074049,-0.0000939619599426887,missense|LC,9136396932,9,136396932,
CSNK1A1L,ENSG00000180138,0.812810299132329,0.593873549515066,0.611865876153709,-0.000391018154615261,missense|LC,13037104137,13,37104137,
UBXN6,ENSG00000167671,0.812832548266146,0.584266411136282,0.746766369143573,-0.000255446127890435,missense|LC,19004442187,19,4442187,
GDF10,ENSG00000266524,0.813047997200263,0.888320335535749,0.670245041906879,0.0000622606772887112,missense|LC,10047300573,10,47300573,
FAAP24,ENSG00000131944,0.813070161053076,0.965713607205261,0.643586626258726,-0.0000202170544620952,missense|LC,19032971753,19,32971753,
YBX3,ENSG00000060138,0.813162214757705,0.924794922712152,0.615515510735302,-0.0000323384166822234,missense|LC,12010701860,12,10701860,
PLA2G15,ENSG00000103066,0.813176275214379,0.988651700784413,0.624608893153092,0.00000952433726051247,missense|LC,16068245323,16,68245323,
AGAP9,ENSG00000204172,0.813210126091077,0.86538115445206,0.587594207490457,-0.0000627549125841594,missense|LC,10047502004,10,47502004,
CFAP45,ENSG00000213085,0.813271102954635,0.614071363518239,0.886995959283573,0.000233152215987893,missense|LC,1159872451,1,159872451,
SERTAD1,ENSG00000197019,0.813296224657611,0.635057175743333,0.990717322688771,0.000377589673209804,missense|LC,19040422733,19,40422733,
CASP5,ENSG00000137757,0.813333071900471,0.776320504189659,0.6674189584253,-0.00031306955627877,missense|LC,11104995717,11,104995717,
CDX2,ENSG00000165556,0.813394504844163,0.603748362285696,0.982002767316238,0.00040386312454983,missense|LC,13027962987,13,27962987,
MED22,ENSG00000148297,0.813395699046121,0.807752939824085,0.638017321628236,-0.000168722594091952,missense|LC,9133333648,9,133333648,
OR10H1,ENSG00000186723,0.813421376153638,0.972503909952542,0.641599067023267,-0.0000152893745623771,missense|LC,19015807007,19,15807007,
CNDP1,ENSG00000150656,0.813480203968858,0.969022821268133,0.608701512935128,0.0000162443793473547,missense|LC,18074534589,18,74534589,
MKRN1,ENSG00000133606,0.813591928333941,0.608443913567467,0.926808370525853,-0.000253913437261836,missense|LC,7140454441,7,140454441,
PGBD2,ENSG00000185220,0.813637888219415,0.792668649311323,0.666828261164724,0.000090424837641766,missense|LC,1248913816,1,248913816,
OR51B2,ENSG00000279012,0.813658836013091,0.676437808313838,0.598071971101323,-0.000292181542599127,missense|LC,11005323362,11,5323362,
TJP1,ENSG00000104067,0.813801604038552,0.969965421744546,0.588749503784614,-0.0000132811975237064,missense|LC,15029701541,15,29701541,
CRTAP,ENSG00000170275,0.813835281946419,0.672765419868829,0.61573034231341,-0.000181027639890511,missense|LC,3033114013,3,33114013,
PLCXD2,ENSG00000240891,0.813901740399098,0.641586274170337,0.703066211240855,-0.000317661704704412,missense|LC,3111675139,3,111675139,
FAM234B,ENSG00000084444,0.814049597932385,0.935547133153324,0.600906444619386,0.0000491613024291598,missense|LC,12013044311,12,13044311,
S100A7A,ENSG00000184330,0.814143691894964,0.62486426924472,0.652576717364042,-0.00026336677368977,missense|LC,1153417961,1,153417961,
NTMT1,ENSG00000148335,0.814144533280763,0.593391387200495,0.806095074410583,0.00066463530761814,missense|LC,9129632607,9,129632607,
UTS2,ENSG00000049247,0.814174713220913,0.745709066222916,0.643470828754242,-0.000323015874560325,missense|LC,1007842769,1,7842769,
PRSS23,ENSG00000150687,0.814215184295806,0.616450787470687,0.615871954826059,-0.000165805677752763,missense|LC,11086800363,11,86800363,
CAPN10,ENSG00000142330,0.814258035902019,0.934833589510672,0.621638261830196,-0.0000206237172025825,missense|LC,2240586802,2,240586802,
MAGEB10,ENSG00000177689,0.814286225761941,0.668987099814682,0.669751765807108,-0.000188294504836319,missense|LC,23027821263,X,27821263,
SLC38A9,ENSG00000177058,0.814311756906093,0.628232074762329,0.624103196366515,-0.000250645418715339,missense|LC,5055626440,5,55626440,
NUBPL,ENSG00000151413,0.814321731252673,0.745878020077591,0.646253980042844,-0.000144821887683375,missense|LC,14031561390,14,31561390,
SHOX,ENSG00000185960,0.814412109122351,0.635307160634657,0.755957219799428,-0.0003941666703671,missense|LC,23000630802,X,630802,
KCNJ13,ENSG00000115474,0.814509896101132,0.824826771561351,0.581193028187223,0.000303359801719901,missense|LC,2232761365,2,232761365,
CD200R1,ENSG00000163606,0.814534635528596,0.731023501109307,0.663273769407998,0.000136906929936827,missense|LC,3112923680,3,112923680,
NRCAM,ENSG00000091129,0.814608451772542,0.611845384350871,0.952756286053506,0.000179098734455387,missense|LC,7108149851,7,108149851,
BEX3,ENSG00000166681,0.814783097466355,0.834696885735021,0.666990613833897,0.000374896545724026,missense|LC,23103376387,X,103376387,
RNF19A,ENSG00000034677,0.814805653870301,0.928754567794289,0.586923959353185,-0.0000513552035885472,missense|LC,8100258501,8,100258501,
TOMM20,ENSG00000173726,0.81482633546937,0.747488147479442,0.593352233395682,0.000972868846858516,missense|LC,1235112004,1,235112004,
FAM104A,ENSG00000133193,0.814834998611338,0.655860955535071,0.71153273327405,-0.000205367825696676,missense|LC,17073202927,17,73202927,
IAPP,ENSG00000121351,0.814881418635989,0.608259444463216,0.760451558816256,0.00097098565244617,missense|LC,12021373324,12,21373324,
MYCN,ENSG00000134323,0.81488813494664,0.933742592448089,0.591108035043608,0.0000643907714939958,missense|LC,2015941955,2,15941955,
CDK5,ENSG00000164885,0.814888729887359,0.589771239397762,0.786830916051533,0.000912895913768456,missense|LC,7151048816,7,151048816,
PPFIA4,ENSG00000143847,0.814890715036996,0.726194187169192,0.579225857366657,-0.000145535343424474,missense|LC,1203022730,1,203022730,
FBRSL1,ENSG00000112787,0.814978737401438,0.907846561835769,0.619779707121338,-0.0000219734650181594,missense|LC,12132490469,12,132490469,
GTPBP1,ENSG00000100226,0.81533429689335,0.700363064646382,0.858806524658561,-0.00018120986106173,missense|LC,22038700944,22,38700944,
CAPN6,ENSG00000077274,0.815391032279647,0.653328866447172,0.797562450763778,0.00022140428026527,missense|LC,23111246538,X,111246538,
FCRL2,ENSG00000132704,0.815426677871476,0.597507692616278,0.711714101922754,0.000219582344177446,missense|LC,1157746656,1,157746656,
RNF169,ENSG00000166439,0.815440545492505,0.727340147151233,0.63842290985401,-0.000119715890437898,missense|LC,11074745744,11,74745744,
COPB2,ENSG00000184432,0.815456539309512,0.59332569826663,0.885586077087999,-0.000354716553893335,missense|LC,3139352583,3,139352583,
RNF222,ENSG00000189051,0.815504040789496,0.752640233351559,0.631151993346775,-0.000232980232924303,missense|LC,17008392681,17,8392681,
SDR42E1,ENSG00000184860,0.815647599685858,0.651944409079291,0.728624187853359,-0.000226981735873198,missense|LC,16081999022,16,81999022,
RXRG,ENSG00000143171,0.815660325872344,0.582081289604302,0.861287574752946,0.000641045298509288,missense|LC,1165401186,1,165401186,
TYR,ENSG00000077498,0.815744133795564,0.989313045352111,0.61416123895517,-0.00000675772155499261,missense|LC,11089177883,11,89177883,
GPR25,ENSG00000170128,0.815782214089486,0.728959115399354,0.642918872824056,-0.00016106914340491,missense|LC,1200872947,1,200872947,
PXT1,ENSG00000179165,0.81592244112824,0.734214210918958,0.622111447510509,-0.000522129553188433,missense|LC,6036385549,6,36385549,
FAM151A,ENSG00000162391,0.816157746466845,0.647626353624498,0.620715837199024,0.000133746507588797,missense|LC,1054604274,1,54604274,
C2CD4A,ENSG00000198535,0.816162629140404,0.90939859455144,0.628046519738951,0.000042620799368297,missense|LC,15062067518,15,62067518,
MSRB2,ENSG00000148450,0.816333196363961,0.645774719588186,0.646807955362273,-0.000263128540316045,missense|LC,10023095535,10,23095535,
CDK20,ENSG00000156345,0.816490305420432,0.624461049784716,0.846073146256496,-0.00030461594917809,missense|LC,9087967375,9,87967375,
FAM89B,ENSG00000176973,0.816516931929902,0.611120799515464,0.911772681855752,-0.000537135909728892,missense|LC,11065570343,11,65570343,
ARHGAP11B,ENSG00000285077,0.816615815505287,0.796968487701514,0.631615737292334,0.000201917947801771,missense|LC,15030626689,15,30626689,
CCDC171,ENSG00000164989,0.816617972483661,0.599929342255073,0.699377386860385,-0.000146318357637143,missense|LC,9015564037,9,15564037,
FAM83B,ENSG00000168143,0.816632618884723,0.626910530602703,0.635296129318842,0.000151191430481365,missense|LC,6054870201,6,54870201,
SHISA9,ENSG00000237515,0.816861006674144,0.611412572623356,0.650097097689744,0.000698029220946433,missense|LC,16012901977,16,12901977,
UPB1,ENSG00000100024,0.816974781148216,0.834663934120351,0.608295866139558,-0.000133611372993895,missense|LC,22024495323,22,24495323,
MIGA1,ENSG00000180488,0.817035975142585,0.61573144031046,0.615539406686385,-0.00023375270963382,missense|LC,1077774625,1,77774625,
SLC15A4,ENSG00000139370,0.817103249639914,0.61869189896103,0.71305492199993,-0.000218258238367659,missense|LC,12128794131,12,128794131,
SYTL4,ENSG00000102362,0.817180350047404,0.645849519026017,0.702269228607753,0.000167491650387356,missense|LC,23100670734,X,100670734,
AKNAD1,ENSG00000162641,0.817223189225885,0.671909465284757,0.827879755515517,-0.000102656246886806,missense|LC,1108816063,1,108816063,
MS4A8,ENSG00000166959,0.817270191947726,0.605156006864745,0.780719927174026,0.000381937993258404,missense|LC,11060700787,11,60700787,
LIPG,ENSG00000101670,0.817285218932565,0.633101406952603,0.691755478412889,0.000287688256374448,missense|LC,18049561609,18,49561609,
USP26,ENSG00000134588,0.81734851207794,0.782567798435317,0.675191898404405,0.0000471841636746586,missense|LC,23133025353,X,133025353,
POU2F2,ENSG00000028277,0.817384500753497,0.599138805130854,0.762241588048989,0.000447881388387088,missense|LC,19042091169,19,42091169,
CLEC5A,ENSG00000258227,0.817398497609519,0.610041022398333,0.618337639966192,0.000691756757873732,missense|LC,7141930058,7,141930058,
CCDC84,ENSG00000186166,0.817448929886975,0.611251048973489,0.724935075067931,-0.000697301489530566,missense|LC,11118998070,11,118998070,
CRHR1,ENSG00000120088,0.817459287506924,0.706680616608779,0.833135765746251,0.000190430014104677,missense|LC,17045784547,17,45784547,
GPR174,ENSG00000147138,0.817550363602578,0.79040049475725,0.717065335887264,-0.000171696294797273,missense|LC,23079170963,X,79170963,
TSNAXIP1,ENSG00000102904,0.817609111352752,0.878810407858085,0.608853703450882,-0.0000567588232865463,missense|LC,16067805360,16,67805360,
AMBN,ENSG00000178522,0.817613810652047,0.614465483593572,0.910962679470547,-0.000202514260207499,missense|LC,4070592283,4,70592283,
BCAT1,ENSG00000060982,0.817651067194632,0.641610935140926,0.715076329885723,0.000173881438565493,missense|LC,12024817927,12,24817927,
NOD1,ENSG00000106100,0.817660529704287,0.893891380269034,0.595425537816121,-0.000045977316643154,missense|LC,7030425594,7,30425594,
PREPL,ENSG00000138078,0.817666226959558,0.58907520550294,0.883829748714135,0.000238572524824078,missense|LC,2044313798,2,44313798,
WWP2,ENSG00000198373,0.817867570290937,0.645731953095528,0.58891146807278,0.000212898064609427,missense|LC,16069757311,16,69757311,
CKS1B,ENSG00000173207,0.817932081156769,0.811443334650813,0.636094980220681,0.000783219552055368,missense|LC,1154969947,1,154969947,
BPIFB3,ENSG00000186190,0.818126744001278,0.627473387770004,0.922256689776664,0.000151935853524087,missense|LC,20033055426,20,33055426,
SRPK2,ENSG00000135250,0.818182538562575,0.681659601334873,0.592961172444188,0.000340669141578622,missense|LC,7105111725,7,105111725,
MAG,ENSG00000105695,0.818434175516476,0.643647507954741,0.970855555572382,-0.000201846113381879,missense|LC,19035295326,19,35295326,
SDR16C5,ENSG00000170786,0.81846199943294,0.97183647079865,0.607718946062026,-0.0000350251088220053,missense|LC,8056301449,8,56301449,
ANKRD9,ENSG00000156381,0.818604964227005,0.630259486858362,0.720797612391871,0.000297805470805332,missense|LC,14102496849,14,102496849,
ADIPOR1,ENSG00000159346,0.818615645828631,0.601990729513796,0.978033209119002,-0.000723449492430095,missense|LC,1202941460,1,202941460,
HACD1,ENSG00000165996,0.818744228771776,0.643767836353032,0.589646679523928,-0.000515930384214929,missense|LC,10017590325,10,17590325,
TIAL1,ENSG00000151923,0.818769986224108,0.870711195865432,0.591284139115561,0.000335698983268108,missense|LC,10119575551,10,119575551,
TMEM86A,ENSG00000151117,0.818872295886124,0.588638911764641,0.764043543468657,-0.000683942847194401,missense|LC,11018700809,11,18700809,
ZNF583,ENSG00000198440,0.818906157185218,0.665249590966423,0.605016373521962,-0.000387915454760448,missense|LC,19056407015,19,56407015,
AZI2,ENSG00000163512,0.818936004904537,0.603694214412934,0.643882966577271,0.000535541360363902,missense|LC,3028316314,3,28316314,
ATG3,ENSG00000144848,0.818974948372604,0.628847441976908,0.953343474308584,-0.000491201394050944,missense|LC,3112532644,3,112532644,
NEK1,ENSG00000137601,0.819000454159412,0.621645538235627,0.8204302193584,0.000161688847073914,missense|LC,4169394506,4,169394506,
FAM209A,ENSG00000124103,0.81905962356638,0.656696235640373,0.91071696393027,-0.000279536524573584,missense|LC,20056524564,20,56524564,
HSDL2,ENSG00000119471,0.819077601561332,0.641490889524651,0.739379106938014,-0.00026038035657161,missense|LC,9112380097,9,112380097,
PSD2,ENSG00000146005,0.819099186308362,0.588959154797815,0.639524776446761,0.000217910718449518,missense|LC,5139809336,5,139809336,
ANKFN1,ENSG00000153930,0.819158822652955,0.602989179599755,0.61510244125044,0.000206399598804682,missense|LC,17056153476,17,56153476,
STK31,ENSG00000196335,0.819324190504075,0.894323743939662,0.618410279326824,0.0000444125373417561,missense|LC,7023710132,7,23710132,
ELFN1,ENSG00000225968,0.819440682541096,0.645622540623349,0.60808221721854,0.000179153274039055,missense|LC,7001744490,7,1744490,
ASNSD1,ENSG00000138381,0.81955657190793,0.619427099300757,0.81018666612124,0.00028193418924607,missense|LC,2189666040,2,189666040,
TMEM176A,ENSG00000002933,0.819667426014472,0.708759725171864,0.679016276534807,0.000140917958773651,missense|LC,7150796296,7,150796296,
COPS5,ENSG00000121022,0.819698352408566,0.60327129831861,0.7442821629119,0.00120290445031867,missense|LC,8067043220,8,67043220,
FP565260.3,ENSG00000277117,0.819759430877712,0.701913565831169,0.716334536875773,0.00071158615905548,missense|LC,21005033356,21,5033356,
RBMS1,ENSG00000153250,0.819886868305427,0.633444933098421,0.591265496632886,-0.000546233932891367,missense|LC,2160275446,2,160275446,
CD276,ENSG00000103855,0.820205297382203,0.656998806571984,0.618787306222169,-0.000151767643150316,missense|LC,15073686226,15,73686226,
RNF14,ENSG00000013561,0.820209968656638,0.597247146097329,0.739776418698604,0.000522897487190712,missense|LC,5141973515,5,141973515,
FAM104B,ENSG00000182518,0.820279260234613,0.673558545919359,0.638844388157589,0.00042132076891076,missense|LC,23055145252,X,55145252,
P4HTM,ENSG00000178467,0.820325134803386,0.778203468950354,0.61749315005545,0.000545560700577035,missense|LC,3048990127,3,48990127,
LRRC37A2,ENSG00000238083,0.820352623323268,0.926538111838172,0.612903000414704,-0.0000549290719325899,missense|LC,17046540090,17,46540090,
ZBTB42,ENSG00000179627,0.820369434257211,0.647636285656881,0.964456605053829,-0.000287127796306103,missense|LC,14104801067,14,104801067,
THAP7,ENSG00000184436,0.820370662326845,0.64984256137365,0.685615399446396,-0.000887926345634684,missense|LC,22020994104,22,20994104,
FMR1,ENSG00000102081,0.820404747265888,0.596556998044193,0.605417935671852,-0.000464165429207481,missense|LC,23147912110,X,147912110,
ZNF799,ENSG00000196466,0.820540049517424,0.602546321337219,0.903733693049958,0.000217698531228529,missense|LC,19012390305,19,12390305,
MS4A6E,ENSG00000166926,0.820626069439032,0.610152042224737,0.840369073846403,0.000667239683341096,missense|LC,11060334831,11,60334831,
CTRC,ENSG00000162438,0.820627163409528,0.746414990631801,0.651674453493099,0.000186183162326301,missense|LC,1015438379,1,15438379,
PTP4A1,ENSG00000112245,0.820764061993931,0.60088541254676,0.934885479367828,0.00129021935913042,missense|LC,6063576828,6,63576828,
FAM237A,ENSG00000235118,0.820857620811439,0.896600110753867,0.703476549971849,0.0000768114435927528,missense|LC,2206644151,2,206644151,
PDE6D,ENSG00000156973,0.820869863051154,0.713915067004663,0.928101632135849,-0.000414909097565846,missense|LC,2231732918,2,231732918,
PPP1R14A,ENSG00000167641,0.820954372422734,0.646119589182593,0.742999553309042,-0.000219557734237345,missense|LC,19038251230,19,38251230,
TPM2,ENSG00000198467,0.820995009980692,0.599071745774406,0.735739630580128,0.00125570917250507,missense|LC,9035679096,9,35679096,
RPS24,ENSG00000138326,0.82103129575483,0.659494688881279,0.595032166171201,-0.00044886785438354,missense|LC,10078029286,10,78029286,
LZTS2,ENSG00000107816,0.821102441634916,0.963471477701304,0.585212172764181,0.0000241516519294832,missense|LC,10101002444,10,101002444,
MPI,ENSG00000178802,0.821145819602542,0.607168555410485,0.84511875679956,0.00037647936875198,missense|LC,15074889960,15,74889960,
TTLL4,ENSG00000135912,0.821169200740738,0.611316452624908,0.612432898275753,-0.000129181889026049,missense|LC,2218737577,2,218737577,
GDF15,ENSG00000130513,0.821170055572278,0.963314964217381,0.625110330802378,-0.0000348476967013282,missense|LC,19018386107,19,18386107,
PKD2L2,ENSG00000078795,0.82124020881399,0.824601342290059,0.609265276191041,0.000129502521855188,missense|LC,5137886024,5,137886024,
MYEOV,ENSG00000172927,0.82124571346644,0.662127836283762,0.722651717959191,0.000153543043832832,missense|LC,11069295205,11,69295205,
MBLAC2,ENSG00000176055,0.82128070344753,0.622682032127786,0.742522907304963,-0.000348608648934613,missense|LC,5090461111,5,90461111,
RTN3,ENSG00000133318,0.821293868867215,0.967074031336419,0.666975727378117,-0.0000183258042697354,missense|LC,11063681542,11,63681542,
GABRR1,ENSG00000146276,0.821297574847909,0.889447593879675,0.621398676052275,-0.000086370828413697,missense|LC,6089178710,6,89178710,
WNT3,ENSG00000108379,0.82132455768573,0.651542599127323,0.594869228655135,0.000819289760702036,missense|LC,17046768189,17,46768189,
SLC9A7,ENSG00000065923,0.82135943173451,0.860420244236939,0.600729598902322,-0.0000869212713344171,missense|LC,23046606160,X,46606160,
SETDB1,ENSG00000143379,0.821376724378264,0.613463485257052,0.826695550434943,0.000221623400034592,missense|LC,1150927642,1,150927642,
RNF214,ENSG00000167257,0.821414232761071,0.89131727963194,0.646895539205043,-0.0000747959733338177,missense|LC,11117228134,11,117228134,
ITGB1BP2,ENSG00000147166,0.821430434977032,0.598882656321711,0.693523661618031,0.000516117391676784,missense|LC,23071296781,X,71296781,
ALAS1,ENSG00000023330,0.821437822703385,0.838042469759625,0.680661422080779,0.000105794505209079,missense|LC,3052198733,3,52198733,
BLCAP,ENSG00000166619,0.821457582878208,0.633802723166363,0.809310235813178,-0.000934454433715183,missense|LC,20037518784,20,37518784,
DHDH,ENSG00000104808,0.821477507824544,0.893558925488295,0.635944810448068,-0.0000476534653602245,missense|LC,19048933647,19,48933647,
ALDH1L1,ENSG00000144908,0.821481266320316,0.609537301924582,0.770181585045725,-0.000169124042587778,missense|LC,3126103709,3,126103709,
CCSER2,ENSG00000107771,0.821488333562158,0.647266260965196,0.634840758159385,-0.000156579638668566,missense|LC,10084371017,10,84371017,
RASA3,ENSG00000185989,0.821505376187147,0.669955562325833,0.70866116365001,0.000304391217833878,missense|LC,13113979289,13,113979289,
E2F7,ENSG00000165891,0.821623275546697,0.653902188969149,0.844897257901974,-0.000185829641579421,missense|LC,12077023910,12,77023910,
KAT8,ENSG00000103510,0.821643117681182,0.931199184079969,0.663862040156384,0.000069848230948244,missense|LC,16031117597,16,31117597,
C1R,ENSG00000159403,0.82164691319334,0.605767810915469,0.875318345052188,0.000830516955407279,missense|LC,12007080423,12,7080423,
POM121,ENSG00000196313,0.82188968699333,0.979508025367813,0.610695788272034,0.00000755143645580252,missense|LC,7072890529,7,72890529,
CBS,ENSG00000160200,0.822236924802876,0.94597398460215,0.630945921335096,0.000301830596178691,missense|LC,21043065202,21,43065202,
NFATC2IP,ENSG00000176953,0.822280589853778,0.958467515029827,0.629450428822547,-0.0000290476244496119,missense|LC,16028950870,16,28950870,
RFX1,ENSG00000132005,0.822311688316194,0.954921734667733,0.618783379766403,-0.000017538349937896,missense|LC,19013956533,19,13956533,
AJM1,ENSG00000232434,0.822314695107309,0.632007307379729,0.813252102166839,0.000181465619965404,missense|LC,9136839418,9,136839418,
YJEFN3,ENSG00000250067,0.82232375521837,0.851392898472193,0.646551123304361,-0.0000683327350341349,missense|LC,19019525946,19,19525946,
COQ10B,ENSG00000115520,0.822364937389921,0.798064178890716,0.661067334987609,0.000246226922533117,missense|LC,2197453514,2,197453514,
TAS2R46,ENSG00000226761,0.822366103120542,0.888707286720632,0.705545472168108,0.0000669317173775847,missense|LC,12011061230,12,11061230,
GABRG2,ENSG00000113327,0.822401590110111,0.599087106218867,0.795424066895448,0.000723320815842307,missense|LC,5162067976,5,162067976,
VWA7,ENSG00000204396,0.822434129184539,0.938183025174562,0.599662561066143,-0.0000267077692041303,missense|LC,6031760591,6,31760591,
TBC1D31,ENSG00000156787,0.822466330809162,0.919696170904239,0.626570099549425,0.0000307707780607515,missense|LC,8123072680,8,123072680,
DDX31,ENSG00000125485,0.822500553718971,0.749248313278447,0.60045657155415,-0.000121471387446005,missense|LC,9132589085,9,132589085,
MEGF10,ENSG00000145794,0.822521932788051,0.625218824029008,0.711291962999296,0.000191237238497111,missense|LC,5127331287,5,127331287,
TLE5,ENSG00000104964,0.82255140607374,0.61179950644149,0.711862251510681,0.000816719496090554,missense|LC,19003053716,19,3053716,
PXDN,ENSG00000130508,0.822558648778354,0.614197431092168,0.716328780633179,0.000141489352385181,missense|LC,2001634056,2,1634056,
INCA1,ENSG00000196388,0.822572429336312,0.626666600062967,0.610991005516522,-0.000457450624900492,missense|LC,17004985850,17,4985850,
FGF4,ENSG00000075388,0.822655484245454,0.863493522061391,0.682997570384893,-0.0000838503106796457,missense|LC,11069773247,11,69773247,
NR5A2,ENSG00000116833,0.82268766052294,0.614283684970796,0.73568959110272,0.00046629640025359,missense|LC,1200027800,1,200027800,
ARMC3,ENSG00000165309,0.822712626959814,0.789534616350664,0.619184395570871,-0.000167468825064673,missense|LC,10022931944,10,22931944,
PGD,ENSG00000142657,0.822742725994869,0.596369106303469,0.823814820787857,0.000440556550224011,missense|LC,1010398882,1,10398882,
PON1,ENSG00000005421,0.82274403779764,0.639589673495568,0.911439196820153,0.000229875365771227,missense|LC,7095298854,7,95298854,
KIAA0895L,ENSG00000196123,0.822779668881462,0.961587508014162,0.627346180483012,-0.0000260905617575447,missense|LC,16067173793,16,67173793,
OR51I2,ENSG00000187918,0.822864890697108,0.790942827787737,0.67578060975036,0.000121029283610483,missense|LC,11005453434,11,5453434,
ACYP1,ENSG00000119640,0.82292413667587,0.663612059560221,0.853330654205813,0.000510337705909919,missense|LC,14075048239,14,75048239,
BOLL,ENSG00000152430,0.823018155338068,0.65453544325734,0.964420010235333,-0.000406765709029782,missense|LC,2197728436,2,197728436,
ASAP2,ENSG00000151693,0.823162474152909,0.651344749400552,0.877729855883935,-0.00016550937803756,missense|LC,2009206964,2,9206964,
ZNF529,ENSG00000186020,0.823168722619786,0.669806310856742,0.619760005856869,0.0002412801774771,missense|LC,19036546781,19,36546781,
AC020636.2,ENSG00000260234,0.823199815453197,0.629038074515793,0.961699363018756,0.00113525443260098,missense|LC,3150926727,3,150926727,
IGFBP6,ENSG00000167779,0.823292443457917,0.780547296178124,0.63550614369623,0.000218217007302457,missense|LC,12053097580,12,53097580,
AC020922.1,ENSG00000267706,0.823304172469848,0.714709082047105,0.618527241518418,-0.000143528221541188,missense|LC,19055347303,19,55347303,
MIF,ENSG00000240972,0.823361865475045,0.775918350722637,0.658527174461749,0.000220263375290987,missense|LC,22023894423,22,23894423,
OR5R1,ENSG00000279961,0.823367262707136,0.673672361715694,0.668264461907921,-0.000142816745425331,missense|LC,11056417279,11,56417279,
EARS2,ENSG00000103356,0.823374717125319,0.784312294690866,0.640981967860932,-0.000100437242133593,missense|LC,16023525131,16,23525131,
SLC25A35,ENSG00000125434,0.823397720039268,0.731089756604991,0.607603412688489,-0.000219161217597861,missense|LC,17008288701,17,8288701,
PRSS27,ENSG00000172382,0.82344359928899,0.998055780079988,0.606724188532957,0.00000650277982057737,missense|LC,16002712556,16,2712556,
MAPK1,ENSG00000100030,0.823582864138673,0.695407175954991,0.883654798640161,0.000264241403680861,missense|LC,22021769190,22,21769190,
SLC16A6,ENSG00000108932,0.823658921447871,0.679209518902818,0.616564739778175,0.000280131541980743,missense|LC,17068268898,17,68268898,
COA4,ENSG00000181924,0.82366107648678,0.705021944632681,0.814897336487307,0.000297092746395533,missense|LC,11073873003,11,73873003,
MTRF1,ENSG00000120662,0.82372438247862,0.677193042696181,0.692296937568774,0.000172911443790327,missense|LC,13041217101,13,41217101,
PLAC8L1,ENSG00000173261,0.823820580557246,0.626294557082339,0.935459883626606,0.000501226819535143,missense|LC,5146084337,5,146084337,
TRAPPC6B,ENSG00000182400,0.823835262664937,0.634911760497099,0.777460487263222,-0.000547549109627186,missense|LC,14039150293,14,39150293,
CCDC179,ENSG00000255359,0.823982141062565,0.958743372936348,0.743332453340557,0.0000329368147168016,missense|LC,11022847463,11,22847463,
PFKM,ENSG00000152556,0.824052236973073,0.982636617582528,0.65766044576169,-0.0000124007636210232,missense|LC,12048101422,12,48101422,
CA4,ENSG00000167434,0.824073119989368,0.642913984834936,0.674867461228629,-0.000256357408810586,missense|LC,17060149981,17,60149981,
KCNN4,ENSG00000104783,0.824083204722902,0.628935230975968,0.671408433446103,0.000314219451462755,missense|LC,19043767425,19,43767425,
ZFAND2A,ENSG00000178381,0.824309709140774,0.990460189577719,0.626391797598842,0.0000123841633845032,missense|LC,7001152116,7,1152116,
EPS8L1,ENSG00000131037,0.824390439357943,0.675950345587699,0.59981869971351,-0.000211063090674565,missense|LC,19055076335,19,55076335,
KDF1,ENSG00000175707,0.824500394767969,0.600736262252582,0.600167817263178,-0.000352186246419852,missense|LC,1026945357,1,26945357,
CAPRIN2,ENSG00000110888,0.824587707414399,0.969261419998539,0.629229750403232,-0.0000143234266101306,missense|LC,12030709804,12,30709804,
NPIPB3,ENSG00000169246,0.824620016604526,0.830678572660962,0.624534214545389,-0.000262644335258528,missense|LC,16021404785,16,21404785,
FAM209B,ENSG00000213714,0.824777979169504,0.909615551371672,0.638243632750017,0.000142487801835297,missense|LC,20056533072,20,56533072,
ADTRP,ENSG00000111863,0.82486376042471,0.718426082662854,0.606583916113683,0.000393807203279719,missense|LC,6011714393,6,11714393,
ZC3H11B,ENSG00000215817,0.824964090444907,0.666864354334552,0.951142047107227,-0.000342488006052379,missense|LC,1219609698,1,219609698,
LSM14A,ENSG00000257103,0.824969604488727,0.739773018957683,0.670507349874747,-0.000166808516959251,missense|LC,19034172558,19,34172558,
ATF1,ENSG00000123268,0.825029233632763,0.667574608836762,0.622021296501631,-0.000453785357208737,missense|LC,12050780112,12,50780112,
ARHGAP19-SLIT1,ENSG00000269891,0.825074791557367,0.676769167019508,0.647361192438355,0.000163171764615782,missense|LC,10097157774,10,97157774,
C17orf49,ENSG00000258315,0.825118126466249,0.665030105245133,0.827332851844884,-0.000394929319729429,missense|LC,17007009690,17,7009690,
FUZ,ENSG00000010361,0.82517312057498,0.705936158951736,0.612327207207251,-0.000238075336378799,missense|LC,19049801868,19,49801868,
WWP1,ENSG00000123124,0.825344395423734,0.97809397390043,0.635531650113438,-0.0000143212953313965,missense|LC,8086373983,8,86373983,
PLIN3,ENSG00000105355,0.825439570627651,0.648781357611104,0.887527893506478,0.000207325382869833,missense|LC,19004839137,19,4839137,
ZSCAN16,ENSG00000196812,0.825506036210183,0.662436533683063,0.792155958847375,-0.000219210341746248,missense|LC,6028125303,6,28125303,
ERLIN2,ENSG00000147475,0.825552820597537,0.594862054099801,0.761838856666997,-0.000896965488204436,missense|LC,8037736216,8,37736216,
CDK7,ENSG00000134058,0.82560392192675,0.761004283695391,0.611153991790627,0.00038963127872168,missense|LC,5069234896,5,69234896,
ANKRD34B,ENSG00000189127,0.825606395896629,0.763847995790563,0.652671401069673,0.000114002731761054,missense|LC,5080558429,5,80558429,
TAB3,ENSG00000157625,0.825664567461215,0.601514558591462,0.864489468900443,-0.000298784614632892,missense|LC,23030831347,X,30831347,
NR2C2,ENSG00000177463,0.825787930623251,0.641550327092146,0.858857911857796,0.000280462639008553,missense|LC,3015003915,3,15003915,
MOB1A,ENSG00000114978,0.826032526906288,0.715666868606579,0.665104937157738,-0.00057250838971906,missense|LC,2074147735,2,74147735,
CBX6,ENSG00000183741,0.826098491886991,0.896218025234744,0.7031021513714,0.000066560283316932,missense|LC,22038866168,22,38866168,
AC007040.2,ENSG00000258881,0.826160460141648,0.797974803550753,0.65984296977496,0.000262036486621632,missense|LC,2070935890,2,70935890,
TCP11X2,ENSG00000215029,0.826213348488841,0.624012725986022,0.793994666031772,0.00046972845079844,missense|LC,23102457849,X,102457849,
COL11A1,ENSG00000060718,0.826323898322339,0.625194319232075,0.960188135855069,0.0001655138173175,missense|LC,1102877939,1,102877939,
POLD4,ENSG00000175482,0.826386078683488,0.743171011113771,0.704655115467156,0.000240683030359862,missense|LC,11067351903,11,67351903,
LAMTOR2,ENSG00000116586,0.826436613772182,0.920662726240636,0.610068572246108,-0.000338546678224705,missense|LC,1156050164,1,156050164,
CIC,ENSG00000079432,0.826438050204314,0.915554153346229,0.591033801013531,0.0000367383570965555,missense|LC,19042284674,19,42284674,
TMEM9B,ENSG00000175348,0.826449829582389,0.603896767125073,0.675573956307649,-0.000922116020020424,missense|LC,11008948203,11,8948203,
HOXB5,ENSG00000120075,0.826611818081209,0.948326908603199,0.616925140402076,-0.0000817847920061845,missense|LC,17048592112,17,48592112,
RHOXF1,ENSG00000101883,0.826718865167935,0.736178148712754,0.691360182771835,0.00021054710993095,missense|LC,23120109195,X,120109195,
MINDY2,ENSG00000128923,0.826819299273828,0.642560582298613,0.871544952753623,-0.000162487809385051,missense|LC,15058771244,15,58771244,
NR1H3,ENSG00000025434,0.826927266358382,0.605016618188411,0.97177217611641,0.000435446919581266,missense|LC,11047243300,11,47243300,
CAMK2B,ENSG00000058404,0.826933979602498,0.821902588607297,0.607928791828381,0.000161899438456851,missense|LC,7044212159,7,44212159,
SAMD13,ENSG00000203943,0.826950726547494,0.908183193273849,0.640015089090222,-0.00021331140899834,missense|LC,1084298435,1,84298435,
GNAO1,ENSG00000087258,0.827100249485105,0.94430633953206,0.608912789265026,0.0000951634068135109,missense|LC,16056192220,16,56192220,
OCIAD1,ENSG00000109180,0.827140534751378,0.789887988160116,0.721802650442254,-0.000148075449740275,missense|LC,4048831422,4,48831422,
CEP41,ENSG00000106477,0.827149610115434,0.683459469654993,0.696909866391511,-0.000238079650995719,missense|LC,7130398801,7,130398801,
RABGGTB,ENSG00000137955,0.82718695440935,0.683761548965981,0.59408785381927,0.000603974863872988,missense|LC,1075786173,1,75786173,
PAEP,ENSG00000122133,0.827419859666186,0.71739668577429,0.750686024850875,-0.000248188622246139,missense|LC,9135561748,9,135561748,
THAP12,ENSG00000137492,0.827428480088211,0.836592456431597,0.659901567982152,-0.0000991053602606593,missense|LC,11076350767,11,76350767,
RPS20,ENSG00000008988,0.827464203548533,0.776352679790493,0.714940459534659,0.000306003350472849,missense|LC,8056069677,8,56069677,
NME9,ENSG00000181322,0.82748342900539,0.644064305346008,0.689594908580432,0.000275592485525385,missense|LC,3138300999,3,138300999,
JKAMP,ENSG00000050130,0.827583687944849,0.68095096662467,0.722398653094243,-0.000347767695061058,missense|LC,14059483431,14,59483431,
LONP2,ENSG00000102910,0.827602021899076,0.61274506282194,0.60260555204007,0.000342711514269921,missense|LC,16048244327,16,48244327,
NUMB,ENSG00000133961,0.827640023154588,0.685732772585119,0.729300960233026,0.000223362323671498,missense|LC,14073272408,14,73272408,
DEFB123,ENSG00000180424,0.827644234924037,0.718369140745113,0.682253043744798,0.00048444573545165,missense|LC,20031440605,20,31440605,
EXOC7,ENSG00000182473,0.827671870877984,0.688004146684288,0.647253084190561,-0.0002303894157271,missense|LC,17076077392,17,76077392,
STMN4,ENSG00000015592,0.827702973774946,0.692852235155733,0.846177148621392,-0.000343251126645627,missense|LC,8027236759,8,27236759,
LUM,ENSG00000139329,0.82788967854861,0.719405053576609,0.865639062423446,0.000222379575052104,missense|LC,12091104112,12,91104112,
MUC7,ENSG00000171195,0.827936395511128,0.786479207607805,0.641530483550392,-0.000104644044596212,missense|LC,4070473970,4,70473970,
RXYLT1,ENSG00000118600,0.827964524797132,0.686547022184699,0.807739264024823,0.000229667455336174,missense|LC,12063779832,12,63779832,
CRYBB3,ENSG00000100053,0.828058735270445,0.677607068987642,0.702793911097203,-0.000195701848194865,missense|LC,22025201236,22,25201236,
PRDM7,ENSG00000126856,0.828067127259501,0.606586543397257,0.997670749319479,0.000335326995466312,missense|LC,16090057632,16,90057632,
PRDM16,ENSG00000142611,0.828109275678493,0.613021760563882,0.803538815243651,-0.000138265398562385,missense|LC,1003069194,1,3069194,
H2AC21,ENSG00000184270,0.828158328690069,0.60239182478203,0.851437633868965,0.000979647177598497,missense|LC,1149886114,1,149886114,
KRTAP9-2,ENSG00000239886,0.82818212435782,0.628342455069774,0.648979441817912,-0.000465080060385103,missense|LC,17041226498,17,41226498,
MAPK12,ENSG00000188130,0.82827228864368,0.905137817472821,0.631671269301759,-0.0000556852822950715,missense|LC,22050247903,22,50247903,
H3C12,ENSG00000197153,0.828363901181056,0.602034779544319,0.802958359122504,0.00144866702122617,missense|LC,6027890306,6,27890306,
XRN1,ENSG00000114127,0.828433410852764,0.601750192290822,0.942614153233253,-0.000217451814055975,missense|LC,3142311439,3,142311439,
IL2RG,ENSG00000147168,0.828500706120551,0.971706649082038,0.614890873819481,0.0000285526533348232,missense|LC,23071103924,X,71103924,
AC091167.6,ENSG00000275674,0.828541700244469,0.631979004451938,0.674107141166002,0.002982990492491,missense|LC,15090261925,15,90261925,
YTHDF2,ENSG00000198492,0.828555874271644,0.686973611678229,0.810557285727347,0.000210412399330094,missense|LC,1028737040,1,28737040,
KRTAP19-3,ENSG00000244025,0.828644871614637,0.699998046420975,0.684358440893493,0.00034741117534927,missense|LC,21030487116,21,30487116,
TRIM14,ENSG00000106785,0.828683059606313,0.633621177210323,0.64829759284257,-0.000277435065013738,missense|LC,9098080730,9,98080730,
C12orf40,ENSG00000180116,0.828788433969654,0.860654394174768,0.620881560417535,0.0000991892457267979,missense|LC,12039626245,12,39626245,
FRG2C,ENSG00000172969,0.828978575390483,0.68625820026315,0.753574983799187,-0.000229493649046052,missense|LC,3075664330,3,75664330,
CCDC73,ENSG00000186714,0.828979486626255,0.783865150566824,0.63215831147155,-0.0000577004737506664,missense|LC,11032600568,11,32600568,
ING2,ENSG00000168556,0.829046850501122,0.866458117547107,0.623703476178084,-0.000251698302179661,missense|LC,4183505093,4,183505093,
ZNF660,ENSG00000144792,0.829150828954725,0.610616151120064,0.966583747198032,-0.000495564932510892,missense|LC,3044579964,3,44579964,
GPRC5C,ENSG00000170412,0.829160700587744,0.678365355050334,0.625279488623338,-0.000149192283273736,missense|LC,17074431927,17,74431927,
HMGA2,ENSG00000149948,0.829302650348663,0.611317179592718,0.827094968265632,-0.00167274243475609,missense|LC,12065825196,12,65825196,
MAPRE3,ENSG00000084764,0.829319805614962,0.663673266870728,0.607089601531336,0.000714809494103175,missense|LC,2027022111,2,27022111,
GTF2E1,ENSG00000153767,0.829320130307507,0.677350951709117,0.654888082106367,-0.000186844681954399,missense|LC,3120742400,3,120742400,
ZKSCAN3,ENSG00000189298,0.8293225686995,0.933861545999736,0.621909197748416,-0.0000422429782518059,missense|LC,6028359473,6,28359473,
NLRP4,ENSG00000160505,0.829365534238346,0.726453617346807,0.62895196772045,-0.0000897019614760527,missense|LC,19055852036,19,55852036,
C1QL3,ENSG00000165985,0.829391912195285,0.892196204771321,0.593796056852345,0.000246289040418055,missense|LC,10016510984,10,16510984,
ZNF713,ENSG00000178665,0.82939806341848,0.982175647311817,0.607063673047285,0.0000216699216661277,missense|LC,7055912593,7,55912593,
RHOC,ENSG00000155366,0.82941486430933,0.661788902321059,0.982264572019965,0.000463742720989193,missense|LC,1112696133,1,112696133,
ASB11,ENSG00000165192,0.829592998507621,0.794457191835095,0.666165496849908,0.000111244565635377,missense|LC,23015283421,X,15283421,
SLC22A3,ENSG00000146477,0.829798344756297,0.992387248561196,0.61992898364319,0.00000720196426577181,missense|LC,6160348286,6,160348286,
GCSH,ENSG00000140905,0.829814408932998,0.986252802822529,0.698316406628165,-0.0000121173796234646,missense|LC,16081082901,16,81082901,
FBXO42,ENSG00000037637,0.829842789268762,0.750214356436585,0.589446703822942,0.000263893349510782,missense|LC,1016250561,1,16250561,
SMYD2,ENSG00000143499,0.830023330264823,0.630571372134644,0.764522814248163,-0.000322530071690823,missense|LC,1214281170,1,214281170,
NCR3LG1,ENSG00000188211,0.830065432641432,0.682189931212161,0.844285033937451,-0.000215784408502077,missense|LC,11017351917,11,17351917,
MYH14,ENSG00000105357,0.830131006401679,0.778914186695078,0.609829297265696,-0.000069545315624511,missense|LC,19050210277,19,50210277,
ADGRD1,ENSG00000111452,0.830191720037511,0.756822627003182,0.685752201196643,-0.000157203039857207,missense|LC,12130954442,12,130954442,
ZNF311,ENSG00000197935,0.830211566312333,0.872462793014547,0.690668250875154,0.0000710775344244575,missense|LC,6028994903,6,28994903,
CPZ,ENSG00000109625,0.830220218630466,0.894740539653435,0.613374998607645,-0.0000286655503340561,missense|LC,4008592768,4,8592768,
TNFRSF13C,ENSG00000159958,0.830250683194438,0.992370008769156,0.699774890878497,0.00000743412033301616,missense|LC,22041925286,22,41925286,
ASCL2,ENSG00000183734,0.830321661925314,0.621663564039086,0.920215417530385,-0.000367016778696917,missense|LC,11002269635,11,2269635,
MTSS2,ENSG00000132613,0.830462796151719,0.856115602157391,0.599329703334041,-0.0000990353902970786,missense|LC,16070656633,16,70656633,
SFXN2,ENSG00000156398,0.83079413682624,0.947169219704636,0.610592030630614,-0.0000552507307750768,missense|LC,10102714153,10,102714153,
NPC1L1,ENSG00000015520,0.830925102146693,0.635795520621463,0.742907496325969,0.0000983817115151137,missense|LC,7044513384,7,44513384,
TAF11,ENSG00000064995,0.830976523749525,0.619186692898861,0.970827307229509,0.000822981075433659,missense|LC,6034872451,6,34872451,
PRADC1,ENSG00000135617,0.831012404955028,0.724187806876264,0.720293490101487,-0.000207996397442877,missense|LC,2073223011,2,73223011,
STAP2,ENSG00000178078,0.831077958107653,0.844103318155768,0.617622825674625,0.000131154907794826,missense|LC,19004322879,19,4322879,
JAZF1,ENSG00000153814,0.831078886952939,0.839799241628087,0.718701310730927,0.000229731868580253,missense|LC,7027827689,7,27827689,
ARSL,ENSG00000157399,0.831126202880346,0.635668591143802,0.892927135609325,0.000170556420259826,missense|LC,23002934792,X,2934792,
PGLYRP3,ENSG00000159527,0.831143281877533,0.830461322088318,0.642556205478028,-0.0000832378636885919,missense|LC,1153297863,1,153297863,
ATG10,ENSG00000152348,0.831336269546843,0.658327144325597,0.635291795854857,-0.00163709803997456,missense|LC,5081987535,5,81987535,
SIPA1L2,ENSG00000116991,0.831382763087658,0.656831683138017,0.626626147560064,-0.000105789660829933,missense|LC,1232399009,1,232399009,
RAPGEF2,ENSG00000109756,0.831392535147474,0.617183291923019,0.636045142298427,0.000221601282285801,missense|LC,4159267740,4,159267740,
TAS2R3,ENSG00000127362,0.831421592531057,0.821615772795885,0.62789107879121,-0.000202457402352595,missense|LC,7141763992,7,141763992,
ZBTB7C,ENSG00000184828,0.831437929231934,0.980782569577449,0.637700043886557,0.00000890232582853612,missense|LC,18048029144,18,48029144,
CLN5,ENSG00000102805,0.831497854559702,0.660252703465338,0.906624627630454,0.000382244434722891,missense|LC,13076985991,13,76985991,
NAP1L5,ENSG00000177432,0.831515756575893,0.889005911468157,0.647198924803322,-0.0000791648549050674,missense|LC,4088692819,4,88692819,
ZC3H3,ENSG00000014164,0.83151823511384,0.619082123715052,0.747772756243163,0.000114978970988151,missense|LC,8143437941,8,143437941,
FAM174C,ENSG00000228300,0.831605079262943,1,0.62711225748169,0.00000221855113586344,missense|LC,19001270902,19,1270902,
CCND3,ENSG00000112576,0.831617557196161,0.622397014628925,0.617661324839514,0.000535984269522204,missense|LC,6041930022,6,41930022,
SHBG,ENSG00000129214,0.831672269082934,0.908705433074853,0.706505169765855,-0.0000580878516701726,missense|LC,17007626355,17,7626355,
TNFSF4,ENSG00000117586,0.831689849249772,0.616102914800922,0.627968234705823,0.000839904650260596,missense|LC,1173186455,1,173186455,
ADAL,ENSG00000168803,0.831803995452838,0.896156462745497,0.698810786345153,0.0000935652646404009,missense|LC,15043328347,15,43328347,
MYNN,ENSG00000085274,0.831818781477818,0.796220566487955,0.605829062355567,-0.000199960742215719,missense|LC,3169767832,3,169767832,
DEPDC4,ENSG00000166153,0.831846073197854,0.621988242200094,0.641868934884395,-0.000463404658168085,missense|LC,12100252257,12,100252257,
PTBP1,ENSG00000011304,0.831910589194155,0.747728935322844,0.629913670564,-0.000208069140389941,missense|LC,19000797368,19,797368,
MRPS24,ENSG00000062582,0.832046659016607,0.678587935985322,0.683633992006339,0.000243833942396225,missense|LC,7043866603,7,43866603,
PTGDR,ENSG00000168229,0.832104664512526,0.658260756033096,0.702033549876722,-0.000195680215788069,missense|LC,14052267627,14,52267627,
REXO5,ENSG00000005189,0.832139641817849,0.937057755873036,0.633182704254208,0.0000367402820754818,missense|LC,16020802673,16,20802673,
CLEC4G,ENSG00000182566,0.832221383311622,0.812945105527213,0.67742609391263,0.000102483737781685,missense|LC,19007729329,19,7729329,
WDR38,ENSG00000136918,0.832353169261214,0.876371955112707,0.611092273459769,0.000116677006479894,missense|LC,9124853471,9,124853471,
TMEM131,ENSG00000075568,0.832445945916313,0.605878571995884,0.634270467634006,-0.000171877071696894,missense|LC,2097756979,2,97756979,
CRYGC,ENSG00000163254,0.832453165101643,0.897361174364393,0.70032984681203,0.0000800436527367235,missense|LC,2208123986,2,208123986,
H2AB1,ENSG00000274183,0.832552489151984,0.88228711394038,0.638563167512704,-0.000277423802560125,missense|LC,23154885188,X,154885188,
ATF6,ENSG00000118217,0.832720993964767,0.669498146969897,0.874751279492939,-0.000163172775459293,missense|LC,1161766301,1,161766301,
ATP5MGL,ENSG00000249222,0.832744262424342,0.905036826474015,0.61155197812761,-0.000260848351237647,missense|LC,22042636575,22,42636575,
NEIL1,ENSG00000140398,0.832789467533285,0.643749588047176,0.72284147724877,0.000253129061478712,missense|LC,15075347730,15,75347730,
WDR92,ENSG00000243667,0.832832689071888,0.617220932684279,0.768124316079655,-0.000529062984539346,missense|LC,2068125317,2,68125317,
POTEA,ENSG00000188877,0.832849632971431,0.636446000903917,0.749825849846246,0.000238772398100648,missense|LC,8043292484,8,43292484,
NR4A3,ENSG00000119508,0.832891375479758,0.899474680690014,0.64414591961608,0.0000508141450046234,missense|LC,9099826706,9,99826706,
ATP6V0C,ENSG00000185883,0.832928092858543,1,0.605398899793939,-0.00003357420457622,missense|LC,16002514020,16,2514020,
OVOL1,ENSG00000172818,0.832935678910433,0.725007043044096,0.763449284544917,-0.000171407751584805,missense|LC,11065787307,11,65787307,
ARHGAP25,ENSG00000163219,0.833065879876627,0.670780048228367,0.890441500275869,-0.000179810232547534,missense|LC,2068735155,2,68735155,
CAND2,ENSG00000144712,0.833135998983946,0.777552010701826,0.624327120547199,-0.0000604850106533293,missense|LC,3012796658,3,12796658,
BHMT2,ENSG00000132840,0.833173443002784,0.627722244455334,0.747942887948138,0.000355023663412805,missense|LC,5079069460,5,79069460,
SPRR2B,ENSG00000196805,0.833229906630131,0.64482019060048,0.887424316581271,0.000617084951003543,missense|LC,1153070448,1,153070448,
BBX,ENSG00000114439,0.833230802683996,0.90232389703127,0.647210592858934,-0.0000455412740271998,missense|LC,3107659658,3,107659658,
PTCRA,ENSG00000171611,0.833230812210021,0.640416443620713,0.722902472951279,0.000230844683841843,missense|LC,6042916003,6,42916003,
SCNN1G,ENSG00000166828,0.833233470319447,0.905612459557474,0.663466665910687,-0.000045842246281641,missense|LC,16023186203,16,23186203,
CST2,ENSG00000170369,0.833236047877147,0.684323814786383,0.85861109276661,-0.000263086710774876,missense|LC,20023823941,20,23823941,
CNOT10,ENSG00000182973,0.833414396722066,0.670653708072666,0.707792633914165,0.000164892486747497,missense|LC,3032695541,3,32695541,
VAV2,ENSG00000160293,0.833423348327663,0.621721450923365,0.955083844080295,0.000209009216081329,missense|LC,9133763970,9,133763970,
SET,ENSG00000119335,0.833486248573037,0.625964899161406,0.993545704926632,-0.000437667558738379,missense|LC,9128683827,9,128683827,
MPZL2,ENSG00000149573,0.833518096729785,0.847647411529392,0.724009298195734,0.0000964337534269706,missense|LC,11118252141,11,118252141,
WDR19,ENSG00000157796,0.8335792115712,0.632531066131673,0.785751151265864,0.000148529263546454,missense|LC,4039182420,4,39182420,
S100A13,ENSG00000189171,0.833703391834301,0.990514856664128,0.706802675646295,-0.0000109275469849823,missense|LC,1153614779,1,153614779,
KLF8,ENSG00000102349,0.83383102659872,0.965486359498424,0.71768637941076,-0.0000181322890819285,missense|LC,23056233246,X,56233246,
AC092718.8,ENSG00000284512,0.833849883174596,0.840342498975632,0.704648640137075,-0.000124831236589192,missense|LC,16081017317,16,81017317,
IRX3,ENSG00000177508,0.834186188548364,0.749785893084813,0.70862888905744,-0.000113149148023404,missense|LC,16054283713,16,54283713,
IGLL1,ENSG00000128322,0.83427769799249,0.629948667662258,0.778726928962376,-0.00018083280902106,missense|LC,22023573197,22,23573197,
LONRF3,ENSG00000175556,0.834567796565848,0.984848985618086,0.660394961189711,0.0000130986113477082,missense|LC,23118974729,X,118974729,
CRYBB1,ENSG00000100122,0.834577891379482,0.703934169796412,0.840679430977285,-0.000251147765159818,missense|LC,22026599405,22,26599405,
RFPL1,ENSG00000128250,0.834631154419022,0.807135733988796,0.62940706430191,0.000156496120587767,missense|LC,22029438585,22,29438585,
GDPD4,ENSG00000178795,0.834685217624177,0.678607207016388,0.902176006228812,-0.000182400096817508,missense|LC,11077211774,11,77211774,
AL049569.3,ENSG00000288636,0.834790034463373,0.734736111704741,0.839801039705386,-0.000193942344505326,missense|LC,1017000075,1,17000075,
CACNA2D1,ENSG00000153956,0.83488774734642,0.881898787461867,0.669359956487042,-0.000059288764026028,missense|LC,7081950243,7,81950243,
HBE1,ENSG00000213931,0.834889393459645,1,0.617995838944631,-0.00000314856664609099,missense|LC,11005268394,11,5268394,
ATF5,ENSG00000169136,0.834939287372885,0.749403389135364,0.666968463183053,0.0001725668388245,missense|LC,19049930773,19,49930773,
XKR9,ENSG00000221947,0.834951894511011,0.645946633513017,0.925780182792313,-0.000149976762993134,missense|LC,8070668870,8,70668870,
GREM1,ENSG00000166923,0.834974969128822,0.739049740977575,0.952840045708011,0.000201262092567018,missense|LC,15032717930,15,32717930,
PLGRKT,ENSG00000107020,0.835036921953486,0.707018974633465,0.96220796046411,0.00026399523303815,missense|LC,9005358188,9,5358188,
AC010522.1,ENSG00000268750,0.835045819118343,0.764667990569326,0.637362274882857,-0.000372156234677329,missense|LC,19057814806,19,57814806,
SYCE2,ENSG00000161860,0.835158935832332,0.674279166026641,0.830734203958269,-0.000187077488442151,missense|LC,19012894133,19,12894133,
LCE1B,ENSG00000196734,0.83535214481451,0.824680915556267,0.677026753942094,0.000249071019590199,missense|LC,1152812382,1,152812382,
DTX4,ENSG00000110042,0.835400621927918,0.638551047218019,0.6412092022636,-0.000243164384751924,missense|LC,11059172531,11,59172531,
LSM6,ENSG00000164167,0.835433380726094,0.862807447205769,0.617380294946926,0.00070126246343147,missense|LC,4146182895,4,146182895,
DPY19L1,ENSG00000173852,0.835574202939742,1,0.607497431612244,-0.00000215175126166936,missense|LC,7034931435,7,34931435,
CADM3,ENSG00000162706,0.835576467347072,0.635871370504939,0.68700683297345,-0.000370929100001621,missense|LC,1159171685,1,159171685,
NPIPA5,ENSG00000183793,0.835683349099464,0.794368259515033,0.709792373253368,-0.000138879271512673,missense|LC,16015363549,16,15363549,
ZNF551,ENSG00000204519,0.835726153181984,0.952887603071619,0.66105609922227,0.0000286361798148223,missense|LC,19057677826,19,57677826,
MCMDC2,ENSG00000178460,0.83584363415058,0.971310534361414,0.622159049695026,-0.0000239050529796327,missense|LC,8066874097,8,66874097,
AQP8,ENSG00000103375,0.835888746021787,0.641322795670621,0.761619278205776,-0.000300974337769024,missense|LC,16025216931,16,25216931,
POFUT1,ENSG00000101346,0.835938425043414,0.701445729227846,0.867536860346905,0.000216120734200951,missense|LC,20032207804,20,32207804,
ESPNL,ENSG00000144488,0.8359748772322,0.64115793207737,0.735786315710357,0.0000912604552248168,missense|LC,2238096712,2,238096712,
ALG10,ENSG00000139133,0.83612979838293,0.64695868031116,0.78116863454998,0.000324148794513505,missense|LC,12034022464,12,34022464,
APAF1,ENSG00000120868,0.836131386524799,0.942590869565434,0.635069917253344,0.0000183890340792425,missense|LC,12098644438,12,98644438,
GKN2,ENSG00000183607,0.836136111138516,0.789832757366996,0.655953394678554,0.000257004714047118,missense|LC,2068945325,2,68945325,
TMED7,ENSG00000134970,0.836157509862958,0.770542023213814,0.622082556184999,-0.000472472751329308,missense|LC,5115616141,5,115616141,
SPINDOC,ENSG00000168005,0.836163095784734,0.634153825845379,0.671261571301675,0.000378539304050401,missense|LC,11063813568,11,63813568,
EDAR,ENSG00000135960,0.836223204938906,0.702683878551762,0.679653116710355,-0.000207584066955677,missense|LC,2108896827,2,108896827,
AC092718.3,ENSG00000260643,0.836224905947775,0.828049649136191,0.707715371277991,-0.000134358403472638,missense|LC,16081053991,16,81053991,
SLC35F4,ENSG00000151812,0.836255264847452,0.62333552296802,0.816699157299599,0.000404209682676605,missense|LC,14057564036,14,57564036,
B3GALT2,ENSG00000162630,0.836322244700046,0.682738437521482,0.706295973067649,-0.000246564181768838,missense|LC,1193180218,1,193180218,
OR13C3,ENSG00000204246,0.83639557175377,0.695907761767424,0.937760734196929,0.000271881912234444,missense|LC,9104535748,9,104535748,
PUS7,ENSG00000091127,0.836424105680642,0.716931892596991,0.829249507505457,-0.000177417078000069,missense|LC,7105457709,7,105457709,
ADAMTS6,ENSG00000049192,0.836426224250056,0.874685829575418,0.629273327659144,-0.0000587930867991733,missense|LC,5065151775,5,65151775,
MRPL16,ENSG00000166902,0.836430185901581,0.980935255605127,0.637647517910335,0.0000198450095920622,missense|LC,11059801149,11,59801149,
HIVEP3,ENSG00000127124,0.836443704910824,0.853385610690198,0.614392478408978,0.0000418503451562586,missense|LC,1041510365,1,41510365,
H2AC14,ENSG00000276368,0.836631526464341,0.670057822502972,0.975062479332233,0.000525272817935805,missense|LC,6027809982,6,27809982,
BST1,ENSG00000109743,0.836668342066782,0.669225326252478,0.841969994543741,-0.000235270091384582,missense|LC,4015702999,4,15702999,
MSH5,ENSG00000204410,0.836703761919488,0.631480577860859,0.66874831758659,-0.00031664500043846,missense|LC,6031736194,6,31736194,
CYP2E1,ENSG00000130649,0.836906862394157,0.657397417226255,0.6468793663683,0.000210667880805139,missense|LC,10133526779,10,133526779,
NUPR2,ENSG00000185290,0.837033986674457,0.774950053828442,0.744216547729235,-0.000146708071234829,missense|LC,7056115926,7,56115926,
MCF2L,ENSG00000126217,0.83718386199936,0.979859732234437,0.677057806280399,0.000107269725887758,missense|LC,13112968339,13,112968339,
RNASE2,ENSG00000169385,0.837299053471727,0.681753717126928,0.81470462505773,-0.000288863371037023,missense|LC,14020955652,14,20955652,
LZTFL1,ENSG00000163818,0.837361533733105,0.960330856751606,0.632887064874066,-0.0000649703337490992,missense|LC,3045826249,3,45826249,
CTSE,ENSG00000196188,0.837374759728406,0.847187091092625,0.649724381412701,0.0000908992310278258,missense|LC,1206010079,1,206010079,
APOL3,ENSG00000128284,0.837459438198515,0.653857024285939,0.746018320403332,0.000176929735589278,missense|LC,22036141067,22,36141067,
SP5,ENSG00000204335,0.837545843738143,0.662346096045992,0.875287351441091,-0.000236186791232218,missense|LC,2170715380,2,170715380,
KCNG4,ENSG00000168418,0.837553950173574,0.903415680689926,0.640386893277891,0.0000392693724948015,missense|LC,16084222139,16,84222139,
LRGUK,ENSG00000155530,0.837621013313599,0.63443085406975,0.918038132357811,-0.000103463610519843,missense|LC,7134127314,7,134127314,
UNC93A,ENSG00000112494,0.837643646430712,0.648241238734415,0.771141768501296,-0.000147967405844578,missense|LC,6167291424,6,167291424,
ARMCX5,ENSG00000125962,0.83766992832936,0.708037518684121,0.66835481220833,0.000204400786916112,missense|LC,23102602100,X,102602100,
SLC27A6,ENSG00000113396,0.83780405730963,0.662028826430139,0.993282810788082,-0.000243525472965691,missense|LC,5128966026,5,128966026,
PIGN,ENSG00000197563,0.837835424505224,0.813551594566657,0.618093342517727,-0.0001175073650085,missense|LC,18062045778,18,62045778,
PSMB2,ENSG00000126067,0.837848475002825,0.855071113920105,0.712994496742306,0.000139260092199926,missense|LC,1035594544,1,35594544,
RXFP1,ENSG00000171509,0.838015996968241,0.693180065375025,0.656571663939556,0.000223036010652727,missense|LC,4158521940,4,158521940,
A1BG,ENSG00000121410,0.838063505414195,0.703873690135055,0.891906001479258,-0.000166992536929129,missense|LC,19058346938,19,58346938,
TNNC1,ENSG00000114854,0.838066706676448,0.864602784737843,0.620733728117702,-0.000437147707448399,missense|LC,3052451180,3,52451180,
APOBEC3G,ENSG00000239713,0.838097930848264,0.68243737409729,0.93550234970821,0.000174901388324898,missense|LC,22039077212,22,39077212,
PPP2CB,ENSG00000104695,0.838126773666496,0.76537128150573,0.628006603125424,-0.000489595012263235,missense|LC,8030786178,8,30786178,
RBX1,ENSG00000100387,0.838134213349444,0.698876911688624,0.627625724248421,-0.00255509923866293,missense|LC,22040951320,22,40951320,
LY96,ENSG00000154589,0.838197914057739,1,0.646906238847588,0.0000461887024995824,missense|LC,8073991440,8,73991440,
TBR1,ENSG00000136535,0.838472109495026,0.945436485913177,0.627612680400869,-0.0000585607743123475,missense|LC,2161411304,2,161411304,
ABCB6,ENSG00000115657,0.838688331884387,0.639565387731795,0.683792465404493,-0.000116229747341861,missense|LC,2219206891,2,219206891,
TMEM134,ENSG00000172663,0.838703858085219,0.628367249116922,0.894046623787536,0.000412259164008243,missense|LC,11067457517,11,67457517,
CLK4,ENSG00000113240,0.838728617591924,0.678422233333938,0.774599757439299,0.000162423063576924,missense|LC,5178603572,5,178603572,
GOLGA8R,ENSG00000186399,0.838762436544195,0.668468735422084,0.714041012063884,0.00117884191712551,missense|LC,15030404651,15,30404651,
CALR3,ENSG00000269058,0.838772463027307,0.671114189753521,0.755149677255102,-0.000228360155535025,missense|LC,19016479026,19,16479026,
DCN,ENSG00000011465,0.838824337202005,0.62228430796568,0.950503083885313,0.00046996969888147,missense|LC,12091146016,12,91146016,
NPY5R,ENSG00000164129,0.838838868544331,0.797201132115223,0.635534704376239,-0.00020933969899828,missense|LC,4163349275,4,163349275,
SUN2,ENSG00000100242,0.838907362246872,0.652973212383098,0.816237278240007,-0.000158098004624726,missense|LC,22038730596,22,38730596,
ZDHHC7,ENSG00000153786,0.838970127074745,0.628605218236357,0.657613182527696,-0.000363822319049333,missense|LC,16084976235,16,84976235,
BIRC7,ENSG00000101197,0.839035532978743,0.648756616773268,0.649305286992921,-0.000209382175954408,missense|LC,20063235979,20,63235979,
GINM1,ENSG00000055211,0.839054599689444,0.6369710681634,0.878103162904705,-0.000502530012757335,missense|LC,6149566346,6,149566346,
NXNL2,ENSG00000130045,0.839194586445174,0.928185696712402,0.640147642760669,0.000111486322898674,missense|LC,9088535344,9,88535344,
INO80B-WBP1,ENSG00000274049,0.839197559430776,0.654130105020101,0.631331960528485,-0.000378116919583732,missense|LC,2074455088,2,74455088,
SLC25A21,ENSG00000183032,0.839317185741119,0.785338135745496,0.701391406909854,0.000163137335976271,missense|LC,14036676112,14,36676112,
MRPS17,ENSG00000239789,0.839317727018108,0.657415646103868,0.760662402224791,0.000502593248976272,missense|LC,7055953080,7,55953080,
ATP11A,ENSG00000068650,0.839340334742564,0.817060362665484,0.650903886520926,0.0000974162296760666,missense|LC,13112690329,13,112690329,
TSPYL1,ENSG00000189241,0.839397611258229,0.838200619755457,0.695016564043943,0.00011056592192269,missense|LC,6116278404,6,116278404,
ELOA,ENSG00000011007,0.839402555006508,0.77378162033367,0.640977133250863,0.000100085582680895,missense|LC,1023743307,1,23743307,
OXER1,ENSG00000162881,0.839445299091079,0.650659438188752,0.895030147966448,-0.000143401916779307,missense|LC,2042762802,2,42762802,
HBB,ENSG00000244734,0.839483300982858,0.6289157834365,0.803590987319157,-0.000710428538550928,missense|LC,11005225533,11,5225533,
VPREB1,ENSG00000169575,0.839499310664982,0.703315019648467,0.854859905413219,0.00025005713658348,missense|LC,22022244708,22,22244708,
FAM177A1,ENSG00000151327,0.839502381926697,0.70326103745113,0.889674679029149,-0.000263402858674305,missense|LC,14035046404,14,35046404,
HSPE1-MOB4,ENSG00000270757,0.839537285189806,0.974483060487648,0.632623364634339,-0.0000640324135489256,missense|LC,2197497075,2,197497075,
SLC22A25,ENSG00000196600,0.839555930475867,0.97694027772029,0.700167251922598,0.00000721932015991138,missense|LC,11063163702,11,63163702,
LIAS,ENSG00000121897,0.839580513483215,0.881578512798551,0.616348456222976,0.000141048225920661,missense|LC,4039454488,4,39454488,
TLCD3B,ENSG00000149926,0.839610685856583,0.692140343711385,0.62824278728939,-0.000423109643235378,missense|LC,16030023269,16,30023269,
MRPL53,ENSG00000204822,0.839635949752353,0.684178981026169,0.802275965539507,0.000415675121279487,missense|LC,2074472000,2,74472000,
HYOU1,ENSG00000149428,0.839864643491235,0.635700688139312,0.82044343850032,-0.000179249872393385,missense|LC,11119045538,11,119045538,
HMHB1,ENSG00000158497,0.839922814547417,0.647984849535272,0.730370744049282,0.00184088826974787,missense|LC,5143812189,5,143812189,
ADCY2,ENSG00000078295,0.839926055420004,0.929672701507672,0.669090309195497,-0.0000355163932778951,missense|LC,5007396218,5,7396218,
SEC14L2,ENSG00000100003,0.83997818269139,0.960145779726462,0.626555181240923,0.0000406093312760847,missense|LC,22030397048,22,30397048,
EIF3H,ENSG00000147677,0.839991027844326,0.703979394692321,0.617816323312741,-0.000430078400470803,missense|LC,8116644970,8,116644970,
PSG11,ENSG00000243130,0.840105030567073,0.708652242746435,0.660784475694787,-0.000140512803284684,missense|LC,19043009917,19,43009917,
VAX2,ENSG00000116035,0.840127880714482,0.668845592100603,0.69064386145902,-0.000171759014867665,missense|LC,2070900490,2,70900490,
DMKN,ENSG00000161249,0.840137483996906,0.646858339840009,0.761880241895242,0.000235364769376385,missense|LC,19035498595,19,35498595,
KLHL22,ENSG00000099910,0.840217508431716,0.632322990102493,0.863795318220337,-0.000327403649662185,missense|LC,22020437483,22,20437483,
PKDREJ,ENSG00000130943,0.840282829224372,0.619903929401272,0.804815262513001,0.0000918135983966112,missense|LC,22046256407,22,46256407,
CREG2,ENSG00000175874,0.840317394423962,0.702280764996506,0.906274173028071,-0.000258544627730324,missense|LC,2101350843,2,101350843,
BCAS4,ENSG00000124243,0.840331409405918,0.637364355462679,0.758705849146189,0.000407726789815063,missense|LC,20050794911,20,50794911,
IMPDH2,ENSG00000178035,0.840354027737958,0.680169297480273,0.641505362661911,-0.000401247159796512,missense|LC,3049022065,3,49022065,
HAPLN4,ENSG00000187664,0.840399951478279,0.940952714454026,0.619846828408374,-0.0000631074830967721,missense|LC,19019249760,19,19249760,
GALNT12,ENSG00000119514,0.840446494734534,0.88203116326478,0.644455638517353,-0.0000694571446705621,missense|LC,9098807612,9,98807612,
CSGALNACT1,ENSG00000147408,0.840457806162616,0.655402143561088,0.984237800695473,0.000162990220907608,missense|LC,8019405677,8,19405677,
GPN3,ENSG00000111231,0.840508389833055,0.911963512253815,0.694323924384378,0.000122430790295206,missense|LC,12110450135,12,110450135,
SMIM20,ENSG00000250317,0.840805218863792,0.693084878514436,0.723500143980276,0.000869472963628262,missense|LC,4025913775,4,25913775,
OR51G1,ENSG00000278870,0.84100743631079,0.655739276293125,0.958515916911989,-0.000163101959062654,missense|LC,11004923285,11,4923285,
AL139300.1,ENSG00000256500,0.841061037710501,0.885822555688179,0.693511277881937,-0.0000789212837117781,missense|LC,14103559709,14,103559709,
STK17B,ENSG00000081320,0.841099485067574,0.726371255740708,0.852944531046471,0.000215264566707421,missense|LC,2196137358,2,196137358,
ADAD1,ENSG00000164113,0.841188950048791,0.774038679791758,0.659894242088223,0.000145700525189175,missense|LC,4122379974,4,122379974,
SWSAP1,ENSG00000173928,0.841207779384732,0.851253682073532,0.738556415336527,0.000112941826334004,missense|LC,19011374637,19,11374637,
MKX,ENSG00000150051,0.841238558266133,0.914085671299938,0.661904970920725,-0.0000877419099461214,missense|LC,10027675152,10,27675152,
ALPP,ENSG00000163283,0.841297285276977,0.79799432941456,0.638406284789374,-0.0000696361076474864,missense|LC,2232378612,2,232378612,
HCLS1,ENSG00000180353,0.841321904801685,0.664647629554526,0.679604852284867,-0.000196997428014225,missense|LC,3121626630,3,121626630,
PELI2,ENSG00000139946,0.841333617304331,0.681760679636777,0.879876007672655,-0.000264137291308379,missense|LC,14056118609,14,56118609,
TNFAIP2,ENSG00000185215,0.841370262978303,0.986372841686155,0.652043469827531,0.00000830028814412389,missense|LC,14103126410,14,103126410,
GPR143,ENSG00000101850,0.841467670047321,0.87106018310977,0.643318288144465,-0.0000945854075670239,missense|LC,23009725739,X,9725739,
SHH,ENSG00000164690,0.841518148225934,0.616641271674306,0.795692745274118,-0.000502530986011539,missense|LC,7155802878,7,155802878,
PSMA4,ENSG00000041357,0.841658744416639,0.913953801088711,0.682780655574801,-0.000140496816045299,missense|LC,15078541860,15,78541860,
ZNF45,ENSG00000124459,0.841815515903803,0.659538953419058,0.896923435600756,0.000195881059338734,missense|LC,19043913283,19,43913283,
FAM171A1,ENSG00000148468,0.841876535763721,0.982807817469581,0.628656862571213,-0.0000091093092393593,missense|LC,10015212805,10,15212805,
RPL17,ENSG00000265681,0.84188341622222,0.8080186222229,0.629761531677833,0.000389153309893801,missense|LC,18049483486,18,49483486,
ZHX3,ENSG00000174306,0.842133450234242,0.996065538129602,0.634859653250594,-0.00000458242402714557,missense|LC,20041173451,20,41173451,
RAB38,ENSG00000123892,0.842176679702214,0.682206408554917,0.728743574430138,0.000176907474373665,missense|LC,11088113891,11,88113891,
GCLM,ENSG00000023909,0.842261730761595,0.667213884127302,0.879328460618387,-0.00039938720014663,missense|LC,1093888946,1,93888946,
EPN2,ENSG00000072134,0.842278778117906,0.737789850555568,0.640098912448873,0.000203064387348635,missense|LC,17019283068,17,19283068,
LONP1,ENSG00000196365,0.842340827350243,1,0.634507702786625,0.00000129716548630056,missense|LC,19005686835,19,5686835,
RGCC,ENSG00000102760,0.842352617599338,0.945092592556127,0.670483279764528,0.000115703699315086,missense|LC,13041457537,13,41457537,
RIMBP2,ENSG00000060709,0.842548546358094,0.641726971724726,0.825128368899717,-0.000149246511565825,missense|LC,12130399080,12,130399080,
TMEM262,ENSG00000187066,0.842565916835427,0.829342744339556,0.654134745895291,-0.000315906914067567,missense|LC,11065083375,11,65083375,
INO80B,ENSG00000115274,0.842580951027201,0.678899671404775,0.636305117551778,-0.00034956276099927,missense|LC,2074455042,2,74455042,
SH3BP1,ENSG00000100092,0.84259429779243,0.663439745519131,0.719199376520318,0.000158607481937791,missense|LC,22037639741,22,37639741,
NXPE2,ENSG00000204361,0.842601690112192,0.80083838082105,0.644082270177342,-0.000130617746554531,missense|LC,11114678521,11,114678521,
AVIL,ENSG00000135407,0.84261350875709,0.864113431517045,0.64614521562887,-0.0000575492332184806,missense|LC,12057792906,12,57792906,
MSMO1,ENSG00000052802,0.842771373324392,0.703514673582214,0.837472700709875,0.000229130209079051,missense|LC,4165333281,4,165333281,
AC120114.4,ENSG00000281348,0.842812848644624,0.659911094835973,0.655089146877187,0.000878484137982497,missense|LC,16029812957,16,29812957,
ARMC8,ENSG00000114098,0.843013793955456,0.696305025586284,0.69331331978014,0.00029768675566537,missense|LC,3138187464,3,138187464,
HIP1R,ENSG00000130787,0.843021637969059,0.627517970010577,0.756124879912881,-0.000143714260603543,missense|LC,12122834889,12,122834889,
RANBP6,ENSG00000137040,0.843186157574178,0.886200855712493,0.652324167278511,-0.0000487663493700691,missense|LC,9006007109,9,6007109,
AL117339.4,ENSG00000283930,0.843288748982027,0.821343250053289,0.70663456893302,-0.000321166993275973,missense|LC,10038096528,10,38096528,
APOO,ENSG00000184831,0.843362666626563,0.681922992994569,0.708359959728432,-0.000219592805956582,missense|LC,23023836837,X,23836837,
AMMECR1L,ENSG00000144233,0.843441376253109,0.743248940909284,0.862606410922003,-0.000201968561328798,missense|LC,2127857741,2,127857741,
TARS2,ENSG00000143374,0.843653978726975,0.681232551399155,0.878237585677392,0.000160933460997089,missense|LC,1150487342,1,150487342,
AQP1,ENSG00000240583,0.843667543200202,0.754589568193711,0.690087882523733,-0.000165774124678161,missense|LC,7030911792,7,30911792,
SOCS6,ENSG00000170677,0.843689374872267,0.639890057928438,0.739519731478468,0.000346657170914586,missense|LC,18070324633,18,70324633,
OR5A1,ENSG00000172320,0.843841970098625,0.651697339269137,0.67167198441665,0.000369102602030727,missense|LC,11059443128,11,59443128,
NR1D1,ENSG00000126368,0.843906459556917,0.675667117658593,0.790921501608174,-0.00016031601138107,missense|LC,17040088116,17,40088116,
MYLK2,ENSG00000101306,0.843992466157263,0.94572428348068,0.665240828381209,-0.0000393316268454384,missense|LC,20031819464,20,31819464,
ZNF671,ENSG00000083814,0.844084790326126,0.643536390532783,0.97172194941821,-0.000284303354314807,missense|LC,19057720359,19,57720359,
AL135905.2,ENSG00000285976,0.844225195268543,,,,missense|LC,6063576828,6,63576828,
DDX20,ENSG00000064703,0.844285510831144,0.857231204222255,0.652359064981212,0.0000686376507438053,missense|LC,1111755593,1,111755593,
HSD17B14,ENSG00000087076,0.844357291151855,0.802891446377905,0.673465430549315,0.000080487876618378,missense|LC,19048808020,19,48808020,
DYNLRB2,ENSG00000168589,0.844448128366749,0.962663965193814,0.64561442962944,0.0000691132404781099,missense|LC,16080540923,16,80540923,
FBXO36,ENSG00000153832,0.844520188336707,0.979213354578671,0.752144629505527,0.0000153721360351434,missense|LC,2229922442,2,229922442,
MARCHF10,ENSG00000173838,0.844540489661632,0.664989279981149,0.731958774309607,0.000159149948377309,missense|LC,17062701518,17,62701518,
GABRD,ENSG00000187730,0.844550378111534,0.854218999423306,0.668363840061062,0.000125032715753257,missense|LC,1002019351,1,2019351,
FAM204A,ENSG00000165669,0.844566373073798,0.630693088904406,0.725524032115306,0.000696384533653865,missense|LC,10118310809,10,118310809,
LHFPL3,ENSG00000187416,0.844579777123365,0.819028579515674,0.629499299389888,-0.000422892569452779,missense|LC,7104328822,7,104328822,
F2,ENSG00000180210,0.844659029886088,0.651794678733066,0.66694342962352,0.00023936815156377,missense|LC,11046719144,11,46719144,
AOC1,ENSG00000002726,0.844742160734589,0.619881423147299,0.702418985638062,-0.000257493270908855,missense|LC,7150856335,7,150856335,
KDM4E,ENSG00000235268,0.844942989473992,0.653233426671713,0.806860352571366,-0.00013062554472005,missense|LC,11095025417,11,95025417,
ZG16,ENSG00000174992,0.844984739133054,0.68668792368809,0.880724477399317,-0.000282809396501503,missense|LC,16029779181,16,29779181,
FCRLA,ENSG00000132185,0.845029069383439,0.859578233547454,0.62677651518868,-0.000127384409115003,missense|LC,1161707126,1,161707126,
AC003006.1,ENSG00000269026,0.845041766743681,0.760339323209305,0.633439338952783,0.000516504784230257,missense|LC,19057677826,19,57677826,
PTH1R,ENSG00000160801,0.84508492597004,0.712785056094496,0.668117474580395,0.000180646471313525,missense|LC,3046883466,3,46883466,
PRR23C,ENSG00000233701,0.845105525536091,0.853284200517901,0.670849092521835,0.0000653309393024207,missense|LC,3139043755,3,139043755,
LRRC69,ENSG00000214954,0.845136733013264,0.890208457374376,0.659065552041211,0.00011495148469489,missense|LC,8091102609,8,91102609,
TEX35,ENSG00000240021,0.845159482135324,0.661684605526081,0.839862229520419,0.000152626566618222,missense|LC,1178513109,1,178513109,
ATP6V0E1,ENSG00000113732,0.845176431408914,0.810918720980951,0.638713606954431,-0.00104007351550336,missense|LC,5172983788,5,172983788,
SRP68,ENSG00000167881,0.845249559025945,0.682752721061787,0.649602923060355,-0.000112855430159676,missense|LC,17076039627,17,76039627,
OR2T29,ENSG00000182783,0.845262053098632,0.939574298197162,0.718531025842484,-0.000476535601037902,missense|LC,1248559429,1,248559429,
KITLG,ENSG00000049130,0.845335917326253,0.85100203369117,0.627582327473591,0.00035997799269317,missense|LC,12088505152,12,88505152,
RP1,ENSG00000104237,0.845500534565671,0.677575085717319,0.622766221383216,0.00012006149808408,missense|LC,8054620901,8,54620901,
TMOD1,ENSG00000136842,0.845599941690903,0.678423912490911,0.847584607176148,0.000304953202869237,missense|LC,9097524081,9,97524081,
SYCP2L,ENSG00000153157,0.845626013749504,0.657838410624821,0.894210541834293,0.00014311632558819,missense|LC,6010886999,6,10886999,
OR52N5,ENSG00000181009,0.845653496126826,0.983277192183255,0.634742432159772,-0.0000156972324571253,missense|LC,11005777622,11,5777622,
MAGEA11,ENSG00000185247,0.84567953789435,0.696085590908213,0.773838046839062,0.000162175200581573,missense|LC,23149711746,X,149711746,
WDR17,ENSG00000150627,0.845708175505551,0.641064290336622,0.66207870423486,-0.000099671274160393,missense|LC,4176096469,4,176096469,
TADA2B,ENSG00000173011,0.845798543868608,0.760412162770972,0.683038999495904,0.00026705782041355,missense|LC,4007041119,4,7041119,
GNA11,ENSG00000088256,0.845884401180865,0.760089708717996,0.621833473858882,0.000473978136173508,missense|LC,19003094585,19,3094585,
CABYR,ENSG00000154040,0.845949326448099,0.770181243575622,0.667364944335556,0.000144654499353995,missense|LC,18024143035,18,24143035,
PDCL2,ENSG00000163440,0.845989581253005,0.727672625266659,0.992801050024998,-0.000214377875439369,missense|LC,4055556511,4,55556511,
TMEM107,ENSG00000179029,0.846024129504665,0.788679840376641,0.633517704127306,0.000571256913573225,missense|LC,17008174139,17,8174139,
ZNF26,ENSG00000198393,0.846142226435303,0.665209017782074,0.78888441035638,0.0038129473048351,missense|LC,12132986742,12,132986742,
NT5C1A,ENSG00000116981,0.846174325317978,0.849594778192611,0.687930816095923,-0.000102173991515992,missense|LC,1039659002,1,39659002,
ZNF20,ENSG00000132010,0.846341897426702,0.913611144234153,0.660415741278568,0.000073694659405695,missense|LC,19012132501,19,12132501,
ABCA6,ENSG00000154262,0.84642536366798,0.751988512621193,0.629038809933406,0.000102858755970942,missense|LC,17069078943,17,69078943,
CDKN1C,ENSG00000129757,0.846819225644576,0.752887018498784,0.625748964392922,0.000230449392862064,missense|LC,11002883708,11,2883708,
P2RY4,ENSG00000186912,0.846925752959325,0.646659987901521,0.723544629338612,-0.000231510961015128,missense|LC,23070258456,X,70258456,
ZNF579,ENSG00000218891,0.847094896169498,0.631583437915532,0.756547443560799,0.000343459612098642,missense|LC,19055577786,19,55577786,
TLE6,ENSG00000104953,0.847106138059246,0.641078024636109,0.739336733310323,0.000225796752572509,missense|LC,19002978141,19,2978141,
IQCE,ENSG00000106012,0.847115987878519,0.808521376273263,0.646854157879052,-0.0000657187581530183,missense|LC,7002554179,7,2554179,
MPP6,ENSG00000105926,0.847144868617127,0.797148765694842,0.721478805303074,-0.000157893257625756,missense|LC,7024623645,7,24623645,
GRIN3B,ENSG00000116032,0.847152514810377,0.626790745273887,0.914898064003208,-0.000111039565842391,missense|LC,19001000300,19,1000300,
SPANXB1,ENSG00000227234,0.84716673913944,0.744751689760453,0.777721493011091,-0.0000786302719128673,missense|LC,23141002534,X,141002534,
PTPN1,ENSG00000196396,0.84728052051136,0.876017684882343,0.681465233365116,-0.0000646820767792181,missense|LC,20050510430,20,50510430,
KLRF2,ENSG00000256797,0.847334814286984,0.688225383896585,0.841389470662756,0.000194824215243782,missense|LC,12009881571,12,9881571,
RAPH1,ENSG00000173166,0.847342829049814,0.801385343195329,0.639665849224282,0.000102993848014443,missense|LC,2203439360,2,203439360,
RALBP1,ENSG00000017797,0.847398475080906,0.958404783976037,0.734115529030388,-0.00002582682480809,missense|LC,18009512935,18,9512935,
PIK3C3,ENSG00000078142,0.847483672936463,0.642126438472764,0.723724863454238,-0.000394886859945715,missense|LC,18041955235,18,41955235,
NDC1,ENSG00000058804,0.847486734221287,0.853284312155981,0.669916125825911,-0.000102310043640042,missense|LC,1053767950,1,53767950,
TMEM200B,ENSG00000253304,0.847553190942134,0.661796967881231,0.78422859914582,-0.000209398432135216,missense|LC,1029115649,1,29115649,
TFDP3,ENSG00000183434,0.847595656851388,0.710305111171624,0.724011646519192,-0.000135396951306787,missense|LC,23133216924,X,133216924,
CHRNA7,ENSG00000175344,0.847614186665896,0.716258287593069,0.686995398435752,0.000200757439941979,missense|LC,15032030483,15,32030483,
PCBD2,ENSG00000132570,0.847784008525621,0.758012528248855,0.894466751645822,0.000189944020091071,missense|LC,5134905057,5,134905057,
NABP2,ENSG00000139579,0.847809271039649,0.805461003235002,0.634808508499372,0.000517691734152959,missense|LC,12056224251,12,56224251,
CFAP161,ENSG00000156206,0.847831061155902,0.810394365262488,0.629922141972445,0.000222698304034335,missense|LC,15081134226,15,81134226,
QPRT,ENSG00000103485,0.848054099669951,0.622166781418776,0.912752392327827,-0.000542515101119215,missense|LC,16029679052,16,29679052,
ASB15,ENSG00000146809,0.848430114125191,0.630096394847496,0.753925355412995,-0.000301206678165861,missense|LC,7123614480,7,123614480,
ZBTB25,ENSG00000089775,0.848542398190033,0.670997224665387,0.99051764629037,0.000196299931909329,missense|LC,14064484917,14,64484917,
EED,ENSG00000074266,0.848645379106283,0.878216206463502,0.683870131968118,0.000138925077909527,missense|LC,11086245223,11,86245223,
GID8,ENSG00000101193,0.848672858570905,0.727640615600832,0.644225290910584,-0.000628156428401168,missense|LC,20062941486,20,62941486,
GALNT3,ENSG00000115339,0.84870670402143,0.902102594059456,0.626458975279638,0.0000847739323954564,missense|LC,2165748710,2,165748710,
RTN4RL1,ENSG00000185924,0.848893611157559,0.82463123111565,0.662922132192508,0.000104436463667641,missense|LC,17001935471,17,1935471,
GRP,ENSG00000134443,0.849063230694009,0.630987151630794,0.805635878499988,0.000725253537864807,missense|LC,18059220185,18,59220185,
SNX14,ENSG00000135317,0.849072204883834,0.885320162165028,0.671920470548304,0.0000705874551509488,missense|LC,6085505928,6,85505928,
ANKRD36B,ENSG00000196912,0.849223139622494,0.854383618457328,0.664382138954314,-0.0000791324882841333,missense|LC,2097511964,2,97511964,
NDST2,ENSG00000166507,0.84925270555757,0.7669585798,0.635626338639412,-0.00011552345919617,missense|LC,10073796916,10,73796916,
TMEM253,ENSG00000232070,0.849370800872437,0.983637835076092,0.657632096319173,0.0000170617764282165,missense|LC,14021098446,14,21098446,
RFC1,ENSG00000035928,0.849377924661992,0.647530634961815,0.746778079622816,0.000214295416825377,missense|LC,4039288731,4,39288731,
ARHGAP35,ENSG00000160007,0.849451072208859,0.625764362570645,0.852196424622121,-0.000268385657010829,missense|LC,19046918592,19,46918592,
AC112128.1,ENSG00000285943,0.849452530900301,0.696627187905076,0.75820282649101,-0.000115568871716189,missense|LC,3113358617,3,113358617,
USP22,ENSG00000124422,0.849481316912413,0.624908055540235,0.857702601185677,-0.000595872674065494,missense|LC,17021002927,17,21002927,
LRRC56,ENSG00000161328,0.849576298560139,0.729607406595922,0.674817828461744,-0.0000707040251830442,missense|LC,11000532528,11,532528,
CYP2A13,ENSG00000197838,0.849633660566107,0.681921165902121,0.646729407486804,0.000146111115165756,missense|LC,19041088367,19,41088367,
MEIS2,ENSG00000134138,0.849753093742993,0.979377828404366,0.727998793333786,0.0000255197809766677,missense|LC,15036892097,15,36892097,
ZNF19,ENSG00000157429,0.849757282459001,0.640088407363169,0.710918781723645,0.000332764371739114,missense|LC,16071475059,16,71475059,
MCC,ENSG00000171444,0.849847631736187,0.652394088315801,0.814292090550589,0.000101504426837644,missense|LC,5113027204,5,113027204,
NLE1,ENSG00000073536,0.849853512868676,0.978931198664472,0.656033313345136,-0.0000141683021037328,missense|LC,17035126928,17,35126928,
PLEKHF1,ENSG00000166289,0.849875012291335,0.636575143835974,0.754963449604567,-0.000321924357683451,missense|LC,19029665475,19,29665475,
FBXL17,ENSG00000145743,0.849977155665957,0.788774540520722,0.668808838555102,0.00054310265832427,missense|LC,5107861631,5,107861631,
DERPC,ENSG00000286140,0.850143629894206,0.647680583685246,0.884116287484574,-0.00254712450593589,missense|LC,16069113413,16,69113413,
LIMD2,ENSG00000136490,0.850181916511004,0.849270390693682,0.740663818957532,0.000146544737155097,missense|LC,17063690998,17,63690998,
POGLUT1,ENSG00000163389,0.850248701725608,0.716975090640862,0.847241579601827,0.000213543420249854,missense|LC,3119468956,3,119468956,
DLGAP5,ENSG00000126787,0.850310400982594,0.662698324452777,0.842927473254253,0.000126990335311651,missense|LC,14055145064,14,55145064,
SPICE1,ENSG00000163611,0.850318267725786,0.697716720275395,0.758201946837336,-0.000115125949660032,missense|LC,3113441308,3,113441308,
LRTM2,ENSG00000166159,0.850326684951863,0.653111276042985,0.770781503038526,0.0002226625740767,missense|LC,12001828054,12,1828054,
IGHMBP2,ENSG00000132740,0.850349984005651,0.643684103639707,0.702720229722225,-0.000135305499187994,missense|LC,11068900483,11,68900483,
OTUB2,ENSG00000089723,0.850370689685257,0.644174655470261,0.852730107054894,-0.000435073749318004,missense|LC,14094023068,14,94023068,
CDKN1A,ENSG00000124762,0.850385545922654,0.696793773384415,0.903236040209352,-0.000170707242345379,missense|LC,6036673804,6,36673804,
LIME1,ENSG00000203896,0.850416358601148,0.677933236278924,0.886959667331276,0.000320771629526428,missense|LC,20063733101,20,63733101,
CYBB,ENSG00000165168,0.850494679131787,0.723101788892695,0.93251943579258,0.000144122495251558,missense|LC,23037780022,X,37780022,
YIPF1,ENSG00000058799,0.850553234304126,0.892001613366663,0.664718511407253,0.0000989201326392753,missense|LC,1053859991,1,53859991,
RTL6,ENSG00000188636,0.850575478979926,0.645584907073205,0.840887262838736,-0.000620830460819979,missense|LC,22044496730,22,44496730,
KCNMB1,ENSG00000145936,0.850703510603972,0.70306183734324,0.753042523799787,0.000178903981715825,missense|LC,5170378619,5,170378619,
MTMR11,ENSG00000014914,0.850872038771271,0.674497986953659,0.893828428398001,-0.000162398779086981,missense|LC,1149923654,1,149923654,
SZT2,ENSG00000198198,0.850932243893307,0.645166415894939,0.840058311076734,-0.000103690410098088,missense|LC,1043384900,1,43384900,
ARHGAP18,ENSG00000146376,0.850975167241823,0.646029104264919,0.781001775672709,0.00029387188346408,missense|LC,6129578461,6,129578461,
PDZRN4,ENSG00000165966,0.85108741690382,0.994060555041233,0.635981185180773,-0.00000439190263812216,missense|LC,12041188363,12,41188363,
METTL5,ENSG00000138382,0.851136593716005,0.823510956512188,0.658446071602314,-0.000189177814282466,missense|LC,2169806757,2,169806757,
PIKFYVE,ENSG00000115020,0.851166614159212,0.990133748595935,0.634005799652787,0.00000537240861720812,missense|LC,2208271451,2,208271451,
PRMT5,ENSG00000100462,0.851189901421222,0.995477763753434,0.674397020015855,0.00000986379241234393,missense|LC,14022920794,14,22920794,
TRDN,ENSG00000186439,0.851208948922167,0.649718214867299,0.904701791913182,0.0002133938174687,missense|LC,6123218486,6,123218486,
AL024498.2,ENSG00000272162,0.851229753598095,0.740754829278647,0.991588046221818,-0.000505455869632207,missense|LC,6010749166,6,10749166,
H2AC16,ENSG00000276903,0.851419204526038,0.682498658810518,0.633272831525675,-0.000596851498307216,missense|LC,6027865244,6,27865244,
AC138811.2,ENSG00000260342,0.851446916062234,0.650714961197735,0.632971880806446,0.000685807621589484,missense|LC,16018783063,16,18783063,
PRRG1,ENSG00000130962,0.851817918347113,0.780577398732352,0.708238540262799,0.000219259719069224,missense|LC,23037403694,X,37403694,
ZNF615,ENSG00000197619,0.851828805236786,0.680081650647751,0.820077800374695,0.000156450056596682,missense|LC,19051992786,19,51992786,
FECH,ENSG00000066926,0.851836720802461,0.828274054340817,0.662038245331276,0.000110073191740984,missense|LC,18057550613,18,57550613,
TMED8,ENSG00000100580,0.851864422599473,0.853840265920584,0.662923297230915,-0.000136656067619523,missense|LC,14077330271,14,77330271,
NKAIN4,ENSG00000101198,0.851963511973568,0.841302939760077,0.656106318440132,-0.000150125712009226,missense|LC,20063235979,20,63235979,
KLRC4,ENSG00000183542,0.852006103615821,0.825443746574997,0.67113155509643,-0.000370673695453507,missense|LC,12010407553,12,10407553,
CTSL,ENSG00000135047,0.852031075676414,0.740173097998343,0.938108538968301,-0.000156429537661972,missense|LC,9087727520,9,87727520,
ENDOG,ENSG00000167136,0.852274023743008,0.802772373289698,0.737390313313146,0.000111239855055851,missense|LC,9128818532,9,128818532,
TSPAN9,ENSG00000011105,0.852322376083899,0.754562562154373,0.67138346511691,-0.000318596586475738,missense|LC,12003201119,12,3201119,
SEMA3C,ENSG00000075223,0.852524518872424,0.944018252405411,0.695508479710167,0.0000258854957532789,missense|LC,7080744804,7,80744804,
AP000471.1,ENSG00000286224,0.852525010532656,0.685182820157629,0.647937454767671,0.000833666457667761,missense|LC,21046322364,21,46322364,
TMEM150A,ENSG00000168890,0.852733531481358,0.644850730771147,0.858147349933949,0.000632019896223905,missense|LC,2085595698,2,85595698,
DEUP1,ENSG00000165325,0.852826298653577,0.935938401496823,0.708582282079159,-0.0000341833289898739,missense|LC,11093332188,11,93332188,
G0S2,ENSG00000123689,0.852844587847453,0.82366292654943,0.659905345299864,-0.000309953903451957,missense|LC,1209675647,1,209675647,
AC104304.2,ENSG00000283877,0.85287353945445,0.707309536550152,0.90121408220118,0.00140619654112566,missense|LC,3046577891,3,46577891,
LIPT2,ENSG00000175536,0.852938292828166,0.664473717888221,0.858263580650243,-0.00027384010005762,missense|LC,11074492079,11,74492079,
BX276092.9,ENSG00000283599,0.852959304265477,0.949805839456729,0.689839234999614,0.000018666645012219,missense|LC,23071663218,X,71663218,
OR4D6,ENSG00000166884,0.853003486074427,0.713915599929187,0.695315615817289,0.000171901992607505,missense|LC,11059456925,11,59456925,
HNRNPUL1,ENSG00000105323,0.853027483349165,0.720256783026707,0.753255666276103,0.000172664379094045,missense|LC,19041259482,19,41259482,
ULK2,ENSG00000083290,0.853097590312092,0.875859432157481,0.674312152901939,-0.0000614025871613812,missense|LC,17019776274,17,19776274,
P2RX5-TAX1BP3,ENSG00000257950,0.853129508450378,0.667819996623952,0.828621558253658,0.000122642516811124,missense|LC,17003658063,17,3658063,
CCDC62,ENSG00000130783,0.85326673925849,0.672788543609691,0.744583070963983,0.000192095867463192,missense|LC,12122774584,12,122774584,
FGF12,ENSG00000114279,0.853589943903727,0.965747698564222,0.635309581282791,0.0000850617049576207,missense|LC,3192143994,3,192143994,
CCDC85A,ENSG00000055813,0.853594842623995,0.882735208084786,0.632830988084346,0.0000898797313706381,missense|LC,2056183139,2,56183139,
CASP4,ENSG00000196954,0.853670546397045,0.641891703346768,0.636051544255644,0.000340729514374337,missense|LC,11104944729,11,104944729,
AP001453.4,ENSG00000286264,0.853688931855771,0.960030227242208,0.755728251753822,0.000290335378117906,missense|LC,11064236090,11,64236090,
RRP15,ENSG00000067533,0.853766298759169,0.636883513977133,0.754044858645392,-0.000413533941240506,missense|LC,1218285201,1,218285201,
FAM174A,ENSG00000174132,0.853789502453757,0.744842851785412,0.901322407022,-0.000179188378178236,missense|LC,5100535436,5,100535436,
ENTPD3,ENSG00000168032,0.853845271165189,0.677558377712257,0.807386520094743,-0.000155655709458339,missense|LC,3040387989,3,40387989,
SLC2A12,ENSG00000146411,0.853946541472304,0.819701750191315,0.713535633453853,-0.000576531087736091,missense|LC,6133982585,6,133982585,
TENT4A,ENSG00000112941,0.85401983334825,0.923411817712278,0.627846084725449,0.0000853354154809289,missense|LC,5006713941,5,6713941,
PRPF40B,ENSG00000110844,0.854149043444434,0.632938988047028,0.737946310069872,-0.000234257459193961,missense|LC,12049623464,12,49623464,
MCPH1,ENSG00000147316,0.854238429615049,0.702407173303522,0.643301054195989,0.000128500014527234,missense|LC,8006406577,8,6406577,
HEATR3,ENSG00000155393,0.854618242721206,0.750566862454077,0.684826653933192,-0.000128247858512723,missense|LC,16050066032,16,50066032,
OR1E1,ENSG00000180016,0.854618965955356,0.663999652256685,0.754475715055326,-0.000332949608559392,missense|LC,17003397433,17,3397433,
INO80C,ENSG00000153391,0.854621033903045,0.896714131144266,0.718057830415729,-0.0000571957626698316,missense|LC,18035468290,18,35468290,
VHLL,ENSG00000189030,0.854630724490791,0.993468395846583,0.67319755254889,0.0000140884189555551,missense|LC,1156293625,1,156293625,
F7,ENSG00000057593,0.854701179463384,0.635454814470675,0.742872135666274,-0.00029127038135199,missense|LC,13113105742,13,113105742,
HTR4,ENSG00000164270,0.854774559981439,0.816619849924987,0.651399793905026,0.000164004302742592,missense|LC,5148476549,5,148476549,
ELF5,ENSG00000135374,0.854781156382139,0.864842416199677,0.666655212979885,-0.000185595642343694,missense|LC,11034480168,11,34480168,
KIAA0040,ENSG00000235750,0.85480177633753,0.715677138690628,0.721844014109058,-0.000214750096039948,missense|LC,1175160636,1,175160636,
TRIM69,ENSG00000185880,0.854816703123529,0.641028841360955,0.82567694725005,-0.000306705646357504,missense|LC,15044736606,15,44736606,
CACNA1D,ENSG00000157388,0.854875339297015,0.987344524815186,0.657369234796386,0.00000524875855556399,missense|LC,3053495125,3,53495125,
TRPM4,ENSG00000130529,0.854911210888347,0.65720546773898,0.803987382592536,0.000121098041311781,missense|LC,19049153211,19,49153211,
ARPIN-AP3S2,ENSG00000250021,0.854971217742782,0.643180801547033,0.637204934677106,-0.000331938238757664,missense|LC,15089835363,15,89835363,
PRKAA2,ENSG00000162409,0.855063538849628,0.95481491574537,0.645344421153883,0.0000471321018973712,missense|LC,1056645284,1,56645284,
TMEM88,ENSG00000167874,0.855099513322185,0.712314565853018,0.787264620632728,-0.000186012016836906,missense|LC,17007850063,17,7850063,
C1QTNF3,ENSG00000082196,0.85523962710249,0.99468134039701,0.630841279265622,0.0000171407202237285,missense|LC,5034020481,5,34020481,
STK17A,ENSG00000164543,0.855248185965969,0.693611787771406,0.645173864103422,0.000353762420114317,missense|LC,7043583146,7,43583146,
P2RX5,ENSG00000083454,0.855347568461054,0.670734803862468,0.82889249479924,0.000121497522913491,missense|LC,17003668364,17,3668364,
CST5,ENSG00000170367,0.85550092316039,0.932960974114501,0.675512722269726,0.0000625994596501965,missense|LC,20023876137,20,23876137,
LYVE1,ENSG00000133800,0.855507632027681,0.900440162922299,0.684839624895089,-0.0000873683208107454,missense|LC,11010559039,11,10559039,
ZNF536,ENSG00000198597,0.855524245453122,0.695212658979208,0.650243195778333,-0.000133791524571758,missense|LC,19030436421,19,30436421,
ARMS2,ENSG00000254636,0.855564155448118,0.642508133364261,0.951630372652958,-0.0016189143597283,missense|LC,10122454605,10,122454605,
TPD52,ENSG00000076554,0.855575863244229,0.850991813408163,0.748028997528124,0.000109194905509144,missense|LC,8080037992,8,80037992,
CD40,ENSG00000101017,0.855642806946441,0.991042144355872,0.768648173128468,-0.00000718069589801525,missense|LC,20046118282,20,46118282,
FGF2,ENSG00000138685,0.855686434709728,0.965580124860569,0.670950132634828,0.0000396605199720341,missense|LC,4122826354,4,122826354,
MYSM1,ENSG00000162601,0.85594403881074,0.633774782021228,0.84642554186421,-0.00037621401129511,missense|LC,1058659962,1,58659962,
CHRNB3,ENSG00000147432,0.855977070573216,0.855879116089244,0.678042093086118,-0.000114954724359178,missense|LC,8042697486,8,42697486,
PER1,ENSG00000179094,0.856211154135939,0.788748695756372,0.646561769238645,0.0000707812481666949,missense|LC,17008140973,17,8140973,
GIMAP8,ENSG00000171115,0.856288911584878,0.66558924847856,0.926023491018626,0.000182456489081265,missense|LC,7150466600,7,150466600,
AC107871.1,ENSG00000260007,0.856321885966234,0.766506063582513,0.856318253151666,-0.000154877690119072,missense|LC,15068187487,15,68187487,
PHOX2A,ENSG00000165462,0.856407912810402,0.915243665786664,0.655163714799079,0.00011559375506042,missense|LC,11072234247,11,72234247,
LENG9,ENSG00000275183,0.856409982144822,1,0.667514231925346,-9.20798942291546e-7,missense|LC,19054456733,19,54456733,
GDF7,ENSG00000143869,0.856426984459687,0.703608089622827,0.722800478938263,0.000132941948385975,missense|LC,2020667105,2,20667105,
ZSCAN22,ENSG00000182318,0.856547854696923,0.678810409510291,0.936716027782,0.000144127799659796,missense|LC,19058334695,19,58334695,
C1orf141,ENSG00000203963,0.856602258544372,0.815012879504425,0.711688189126812,-0.000126742397676578,missense|LC,1067092952,1,67092952,
PLEKHM2,ENSG00000116786,0.856665247489562,0.955953173276674,0.664104286793959,0.0000218038191091157,missense|LC,1015684481,1,15684481,
FAM107B,ENSG00000065809,0.856833048053128,0.731068085510024,0.777619896835018,0.000132927215552415,missense|LC,10014521139,10,14521139,
CCDC125,ENSG00000183323,0.856865305020371,0.715714735822863,0.679832122082181,0.000188270260393509,missense|LC,5069276481,5,69276481,
TLX2,ENSG00000115297,0.856984238934955,0.774124685176903,0.659214969483934,0.000259790062001619,missense|LC,2074514111,2,74514111,
DHRS9,ENSG00000073737,0.856999084995927,0.699802307223211,0.873861229656871,-0.00017636411544641,missense|LC,2169067007,2,169067007,
MED9,ENSG00000141026,0.856999512326099,0.955735220008468,0.677511351760062,-0.0000724751561697117,missense|LC,17017476923,17,17476923,
MOV10L1,ENSG00000073146,0.85704343958683,0.769376682756978,0.652488351451263,-0.0000962152796474411,missense|LC,22050085008,22,50085008,
UGT8,ENSG00000174607,0.8570639656784,0.861138572099204,0.640136235473419,-0.000149658818547915,missense|LC,4114622800,4,114622800,
GPATCH11,ENSG00000152133,0.857156228343944,0.748798319515311,0.658314789390993,0.000275859711835504,missense|LC,2037083199,2,37083199,
HNRNPDL,ENSG00000152795,0.857315979105057,0.739214185956201,0.912809208105111,0.0000875235930242423,missense|LC,4082426030,4,82426030,
DFFB,ENSG00000169598,0.857472111035115,0.868950554833731,0.670911035894087,-0.000113242899511684,missense|LC,1003852273,1,3852273,
RBM8A,ENSG00000265241,0.857504026497335,0.760793602448191,0.649108601021982,-0.000791270648749981,missense|LC,1145916779,1,145916779,
CHSY3,ENSG00000198108,0.857524587426672,0.67505403534796,0.986404962558191,-0.000278109884481041,missense|LC,5129904656,5,129904656,
CERKL,ENSG00000188452,0.85755453797897,0.6815700718748,0.928076055856807,-0.000215124198658669,missense|LC,2181534254,2,181534254,
SIGLEC16,ENSG00000161643,0.857863309276962,0.930945354659451,0.666000919720964,-0.0000296642073933644,missense|LC,19049969517,19,49969517,
AP4S1,ENSG00000100478,0.857893941638028,0.837758437620333,0.713903141660242,0.000204540218340562,missense|LC,14031025776,14,31025776,
AMIGO2,ENSG00000139211,0.858011425931522,0.650644742671526,0.73556376884654,0.000389164888558554,missense|LC,12047077308,12,47077308,
FBXL13,ENSG00000161040,0.858081819242564,0.830868437164069,0.672366895509974,-0.000140856770204082,missense|LC,7102808263,7,102808263,
CYP2J2,ENSG00000134716,0.858101501564103,0.662401755609585,0.757146764050158,-0.000283824947464661,missense|LC,1059893598,1,59893598,
PIP4K2A,ENSG00000150867,0.858114092834905,0.977825500724032,0.63109338261457,-0.0000334805403428254,missense|LC,10022537147,10,22537147,
OR1I1,ENSG00000094661,0.858158041818044,0.900763977809658,0.649685654918524,-0.0000808587426090883,missense|LC,19015086904,19,15086904,
COPS8,ENSG00000198612,0.858169452501579,0.882490987721768,0.651303582763971,-0.000227154573360909,missense|LC,2237085887,2,237085887,
PRRG4,ENSG00000135378,0.858190773191878,0.718357210714805,0.671339536499111,0.0004337026084731,missense|LC,11032829687,11,32829687,
DNAH3,ENSG00000158486,0.85827581397382,0.646195974733984,0.747897991857372,0.0000972811868258358,missense|LC,16020933089,16,20933089,
CHURC1-FNTB,ENSG00000125954,0.858313218640348,0.743518387167795,0.996976261460626,-0.000190374990717619,missense|LC,14064914230,14,64914230,
RSPH10B,ENSG00000155026,0.858428676454125,0.686871093367982,0.703828227834167,-0.000221386562970743,missense|LC,7005923741,7,5923741,
TACR2,ENSG00000075073,0.858462729412175,0.697097656238979,0.903949997063962,-0.000113562561039757,missense|LC,10069400916,10,69400916,
INSRR,ENSG00000027644,0.858512585217564,0.67895936680561,0.655661851835181,-0.00011655375172684,missense|LC,1156840826,1,156840826,
TMCO5A,ENSG00000166069,0.858598364567179,0.743685928279888,0.997194073347699,0.000157428218752886,missense|LC,15037936215,15,37936215,
ZNF728,ENSG00000269067,0.858627930517331,0.79105080252638,0.674923847105657,-0.0000806985965566109,missense|LC,19022975386,19,22975386,
SEPTIN1,ENSG00000180096,0.85871776749383,0.746001399243441,0.905891834734863,-0.000118681822265193,missense|LC,16030374733,16,30374733,
ZSCAN5C,ENSG00000204532,0.858721045043824,0.967478647809312,0.672463815082439,0.0000129865668975204,missense|LC,19056197658,19,56197658,
RTP3,ENSG00000163825,0.858736948363132,0.881056335423606,0.655810160044746,-0.000146656726126455,missense|LC,3046497976,3,46497976,
ZNF569,ENSG00000196437,0.858804964709925,0.971269540388012,0.633167873815212,-0.0000344863791009765,missense|LC,19037412418,19,37412418,
VSIG4,ENSG00000155659,0.858884679394015,0.92813540992558,0.64691675762873,-0.0000533620822324255,missense|LC,23066021992,X,66021992,
AC093899.2,ENSG00000251569,0.858899151918572,0.704344341738343,0.965749590529979,0.000139588396573723,missense|LC,2169479459,2,169479459,
ZCCHC12,ENSG00000174460,0.858908204578789,0.646581890050116,0.909265646047755,0.000311655423387921,missense|LC,23118825163,X,118825163,
FAM221B,ENSG00000204930,0.858949684308773,0.775188757189459,0.722458163591287,-0.0000957311315958447,missense|LC,9035811402,9,35811402,
OR4S2,ENSG00000174982,0.858962079720639,0.806899188321242,0.698480615633299,0.000107230214553127,missense|LC,11055650912,11,55650912,
ZBED6,ENSG00000257315,0.859036524344609,0.885057411850823,0.68587670439889,0.0000627271953595675,missense|LC,1203797437,1,203797437,
RUNX3,ENSG00000020633,0.859047490150137,0.724931155650269,0.664922046054987,-0.000293345746793721,missense|LC,1024902033,1,24902033,
TMEM268,ENSG00000157693,0.859142213287823,0.724468426376766,0.698398989292576,0.000236301964237613,missense|LC,9114617173,9,114617173,
FOXC1,ENSG00000054598,0.859151813140326,0.894948320132588,0.648709762447788,0.0000735113941010939,missense|LC,6001610367,6,1610367,
FOXD4L3,ENSG00000187559,0.859156456088335,0.73407420566328,0.856886967285872,-0.000148859227120867,missense|LC,9068298966,9,68298966,
SURF6,ENSG00000148296,0.859183397212498,0.941542283419378,0.696467482897762,0.0000284443992605943,missense|LC,9133331736,9,133331736,
RNF220,ENSG00000187147,0.859250890133977,0.889753902721441,0.645153268566703,0.000108447103620328,missense|LC,1044412005,1,44412005,
MROH7-TTC4,ENSG00000271723,0.859269185683296,0.644125201689552,0.922391541179,0.00013748184413878,missense|LC,1054652805,1,54652805,
SEC61G,ENSG00000132432,0.859354446654494,0.976300947478944,0.694297912701711,0.000129060592334048,missense|LC,7054752375,7,54752375,
PNKP,ENSG00000039650,0.859392847715636,0.813979254981463,0.677723045325799,-0.000105435727242669,missense|LC,19049856870,19,49856870,
DUSP21,ENSG00000189037,0.859489484631186,0.89740521321157,0.672586535703107,-0.000121438417818857,missense|LC,23044844065,X,44844065,
SMIM23,ENSG00000185662,0.859496488118693,0.974825752289189,0.702778804716201,0.0000330344201867269,missense|LC,5171785820,5,171785820,
TMEM119,ENSG00000183160,0.859513217536004,0.72508049420379,0.645419743048672,-0.000276946762434627,missense|LC,12108591428,12,108591428,
IGLC7,ENSG00000211685,0.859619762939365,0.987298974554534,0.723272804931915,0.0000144522133173342,missense|LC,22022919637,22,22919637,
OR51B4,ENSG00000183251,0.859631444813359,0.741697918547362,0.681630729627847,0.00017302269839763,missense|LC,11005300968,11,5300968,
PLOD1,ENSG00000083444,0.859659233211202,0.690168900852265,0.922572841747632,0.000143458048261622,missense|LC,1011934628,1,11934628,
TMEM18,ENSG00000151353,0.859724949655765,0.754163211569967,0.878596614526183,0.000239645452476974,missense|LC,2000669505,2,669505,
MAP6D1,ENSG00000180834,0.859849442377449,0.645232100211285,0.971767612171911,-0.000544868550090152,missense|LC,3183817273,3,183817273,
NPTXR,ENSG00000221890,0.85990172803872,0.71628828145753,0.963133085195591,0.000195616711542912,missense|LC,22038822542,22,38822542,
RPL23,ENSG00000125691,0.859902039477663,0.728576532576814,0.951983818920347,-0.00058652658210097,missense|LC,17038847817,17,38847817,
HERC5,ENSG00000138646,0.859927549256321,0.672618541790893,0.730512452660858,-0.000171223612773668,missense|LC,4088456935,4,88456935,
MLST8,ENSG00000167965,0.8599898785838,0.726223413946326,0.821338304423453,-0.000197434649996633,missense|LC,16002205597,16,2205597,
AGAP3,ENSG00000133612,0.860000247265953,0.709835531141504,0.668111403944474,0.000150376199891222,missense|LC,7151081479,7,151081479,
MEOX2,ENSG00000106511,0.860302913663462,0.75747926244968,0.696621010543578,-0.000188679314647206,missense|LC,7015612339,7,15612339,
TRIM45,ENSG00000134253,0.860385118987636,0.657483607892325,0.716865667022043,0.000211765149152315,missense|LC,1117112196,1,117112196,
AC092017.2,ENSG00000283952,0.860400120223607,0.727515951147828,0.67790260037007,0.000802845753538625,missense|LC,1211082731,1,211082731,
PKP2,ENSG00000057294,0.86043917535846,0.665239121706082,0.784322561018822,-0.00010094622142147,missense|LC,12032792383,12,32792383,
CEACAM5,ENSG00000105388,0.860471005981173,0.909554832518483,0.645623323235859,0.00005278264647819,missense|LC,19041708665,19,41708665,
CCDC134,ENSG00000100147,0.860516953373428,0.749014983422755,0.648025267287917,-0.000357716675256379,missense|LC,22041795684,22,41795684,
PCK2,ENSG00000100889,0.860517973691637,0.648457324493753,0.644153809420264,0.000195197078903221,missense|LC,14024094322,14,24094322,
RGS10,ENSG00000148908,0.860520911976511,0.966097213545399,0.650711187725838,-0.0000816812344669875,missense|LC,10119500037,10,119500037,
OTUD4,ENSG00000164164,0.860614961217886,0.674929800202967,0.899078912053761,-0.000155862794932034,missense|LC,4145137364,4,145137364,
ILKAP,ENSG00000132323,0.860913052848777,0.928116520763491,0.680705680644151,0.0000899324182233072,missense|LC,2238165543,2,238165543,
PLCB3,ENSG00000149782,0.86093794181861,0.975248656608834,0.672248057716266,0.0000116950130675592,missense|LC,11064246530,11,64246530,
MXRA8,ENSG00000162576,0.861153958428942,0.692914236889761,0.943278504963831,-0.000178739474250741,missense|LC,1001348788,1,1348788,
SYDE1,ENSG00000105137,0.861182571129625,0.79725695239835,0.661812947473533,-0.000149064288031599,missense|LC,19015107387,19,15107387,
ZNF420,ENSG00000197050,0.861231832456376,0.871418856324487,0.632805134510421,-0.000163391920543848,missense|LC,19037089053,19,37089053,
TIAM1,ENSG00000156299,0.861304188752948,0.652652927520702,0.721934790679836,-0.000140379700187275,missense|LC,21031120275,21,31120275,
TSSK3,ENSG00000162526,0.861372586302799,0.934610801186328,0.648593779577481,0.0000633419502972835,missense|LC,1032361388,1,32361388,
ZNF10,ENSG00000256223,0.861422110540791,0.64520061770732,0.682438777712837,0.000373213182275289,missense|LC,12133144402,12,133144402,
LYPD1,ENSG00000150551,0.861517340611607,0.65862577737714,0.942738815512606,-0.000812928617255925,missense|LC,2132644997,2,132644997,
HLF,ENSG00000108924,0.86160441778963,0.913378646806385,0.697738468628571,-0.000118827289290841,missense|LC,17055265466,17,55265466,
HES6,ENSG00000144485,0.861722227657887,0.740795938218506,0.821143175300183,-0.000246194489160984,missense|LC,2238233427,2,238233427,
DMXL1,ENSG00000172869,0.861807664456157,0.938325883610929,0.650357766626515,-0.0000190637727093196,missense|LC,5119071488,5,119071488,
C1orf87,ENSG00000162598,0.861877503787424,0.702710653226634,0.875890565208138,0.000347984957844816,missense|LC,1059990569,1,59990569,
FBXO32,ENSG00000156804,0.861955777308413,0.968751604605865,0.65948983621701,0.0000485377396736928,missense|LC,8123503320,8,123503320,
HYLS1,ENSG00000198331,0.861983751132693,0.893267526146939,0.65202071736629,-0.000126993710792744,missense|LC,11125893711,11,125893711,
CELA2A,ENSG00000142615,0.861987414693568,0.864420647185155,0.711681826412176,-0.0000755733392697886,missense|LC,1015456644,1,15456644,
FAM210A,ENSG00000177150,0.861998065776405,0.863702291195453,0.666670673921582,-0.000166406417460745,missense|LC,18013666426,18,13666426,
PACRG,ENSG00000112530,0.862069126659504,0.660660056113322,0.664529366165974,0.000587978034294666,missense|LC,6162727577,6,162727577,
CD72,ENSG00000137101,0.862381041477986,0.82143466544151,0.712320333925007,0.000192229048336381,missense|LC,9035605603,9,35605603,
CIP2A,ENSG00000163507,0.862526155312602,0.77316249567105,0.684677455134104,0.0000981287713937949,missense|LC,3108551133,3,108551133,
MINPP1,ENSG00000107789,0.862784486596213,0.646927209976791,0.795137869352484,0.00035269950558252,missense|LC,10087504799,10,87504799,
ENPP5,ENSG00000112796,0.86278992290993,0.722164198615374,0.917506116879183,-0.000150993432633686,missense|LC,6046161254,6,46161254,
RPL10L,ENSG00000165496,0.862900374497177,0.661027279509949,0.897321477723077,-0.000406655204051247,missense|LC,14046651011,14,46651011,
AMIGO1,ENSG00000181754,0.862914749923664,0.770239215761097,0.754276475431496,-0.000146742826788327,missense|LC,1109507304,1,109507304,
TLR4,ENSG00000136869,0.863015426973608,0.778289647978145,0.675775963461856,-0.0000971785403042562,missense|LC,9117704406,9,117704406,
ERGIC2,ENSG00000087502,0.863071718393716,0.854923284281461,0.684095717813607,-0.000186517653728056,missense|LC,12029332485,12,29332485,
KIF11,ENSG00000138160,0.863246018599914,0.673395884323463,0.699788247306137,-0.000285549611639814,missense|LC,10092593287,10,92593287,
CFAP298-TCP10L,ENSG00000265590,0.863308931983504,0.731115572099135,0.974573078499125,-0.000155883095947619,missense|LC,21032576196,21,32576196,
QTRT1,ENSG00000213339,0.863412380447009,0.725897955118671,0.817745006062622,-0.000210643795335896,missense|LC,19010701336,19,10701336,
GPLD1,ENSG00000112293,0.863439970615914,0.689630078065718,0.671171126113735,0.000129648473652887,missense|LC,6024422902,6,24422902,
ZNF786,ENSG00000197362,0.863441109808944,0.69122747418547,0.89305873828661,-0.000134786665003569,missense|LC,7149070306,7,149070306,
KLRF1,ENSG00000150045,0.863548106730225,0.730105943693145,0.769237912112161,-0.000294892718073631,missense|LC,12009827533,12,9827533,
ATOH7,ENSG00000179774,0.86356692545829,0.66131290154011,0.693506909415765,0.000520698132280869,missense|LC,10068231124,10,68231124,
MSTO1,ENSG00000125459,0.863583831401407,0.882149398876336,0.671495994373199,0.000100249219530219,missense|LC,1155610622,1,155610622,
KLRD1,ENSG00000134539,0.863598913794757,0.665098320121733,0.948242687508215,-0.000688118161311264,missense|LC,12010308012,12,10308012,
ADRB2,ENSG00000169252,0.863601311917176,0.653656270527128,0.727859166530291,0.000374675192391813,missense|LC,5148826716,5,148826716,
UBTFL1,ENSG00000255009,0.863942489933478,0.69953489329295,0.802676366108518,-0.000317705620017094,missense|LC,11090085972,11,90085972,
PLSCR1,ENSG00000188313,0.863963694063553,0.720135064494543,0.915664465387154,0.000193185716737611,missense|LC,3146516019,3,146516019,
DRD5,ENSG00000169676,0.864088845577814,0.704373418383476,0.946769883110175,0.000137559057025125,missense|LC,4009781950,4,9781950,
TTC19,ENSG00000011295,0.864114874197204,0.6972394969257,0.660967639164574,-0.000913144360746295,missense|LC,17015999410,17,15999410,
LILRB3,ENSG00000204577,0.864253696066588,0.867605797549829,0.694069414967063,-0.0000261523298257733,missense|LC,19054216931,19,54216931,
LRRC28,ENSG00000168904,0.864548894448731,0.692376713358425,0.704880245346371,-0.000301503276971983,missense|LC,15099255852,15,99255852,
CAMK2G,ENSG00000148660,0.86455680300516,1,0.65755671549777,5.72322433087653e-7,missense|LC,10073807509,10,73807509,
LDB3,ENSG00000122367,0.864630665749309,0.954060285959646,0.668712945755933,0.0000185215906864518,missense|LC,10086663569,10,86663569,
RP9,ENSG00000164610,0.864649072400341,0.973565550951285,0.734357001480629,0.0000350796685596971,missense|LC,7033095137,7,33095137,
CYTL1,ENSG00000170891,0.864697731632989,0.649474343146168,0.864004162046242,-0.000746931058147892,missense|LC,4005015102,4,5015102,
JAKMIP2,ENSG00000176049,0.864700135867238,0.676446424641805,0.819650647085007,0.000328005125272316,missense|LC,5147591629,5,147591629,
CCDC68,ENSG00000166510,0.864713091876278,0.667611006627314,0.692560434062103,-0.000388141803444121,missense|LC,18054904316,18,54904316,
FPGS,ENSG00000136877,0.864789971655274,0.886670515289486,0.720644239833861,-0.0000695589477340898,missense|LC,9127802827,9,127802827,
G6PC2,ENSG00000152254,0.86483540181672,0.928561836419665,0.696308530741795,-0.0000362020383309062,missense|LC,2168901333,2,168901333,
ZDHHC20,ENSG00000180776,0.864918647085769,0.939297937756133,0.760983355644657,-0.0000358993974295001,missense|LC,13021376599,13,21376599,
FOXJ2,ENSG00000065970,0.864920651896242,0.949041822067892,0.706250161317167,-0.0000380621501448925,missense|LC,12008039756,12,8039756,
SLC45A2,ENSG00000164175,0.864989440897227,0.654316821003352,0.749409594377827,0.000235622959128466,missense|LC,5033944563,5,33944563,
KPNA6,ENSG00000025800,0.865014419108912,0.978968243090663,0.728730709916707,-0.000026614875089195,missense|LC,1032108019,1,32108019,
IL17RA,ENSG00000177663,0.865042187951975,0.688571796513727,0.792891788879916,-0.0000966983240141352,missense|LC,22017084962,22,17084962,
MAP3K19,ENSG00000176601,0.865089339736663,0.833049950052345,0.692611874791762,-0.0000501542962840876,missense|LC,2134964806,2,134964806,
CHRNA3,ENSG00000080644,0.865098553607314,0.694024642046992,0.874054495685518,0.000221930867320299,missense|LC,15078590336,15,78590336,
SARS1,ENSG00000031698,0.865108649378187,0.647177954607138,0.837583715789253,0.000508025883160408,missense|LC,1109213861,1,109213861,
STBD1,ENSG00000118804,0.865134072649508,0.662727010406727,0.91256091617678,0.000275635638837891,missense|LC,4076306697,4,76306697,
MVB12A,ENSG00000141971,0.865236556950789,0.806682272436125,0.703442409172713,0.000135922604484693,missense|LC,19017420072,19,17420072,
SLC22A5,ENSG00000197375,0.865324289010647,0.676313829266525,0.988112559382742,-0.000139754174124934,missense|LC,5132369974,5,132369974,
AC120057.2,ENSG00000262526,0.865435676630681,0.691400541624898,0.90138174589281,-0.00316600984080688,missense|LC,17007235545,17,7235545,
TMEM42,ENSG00000169964,0.865443801150417,0.763781642213249,0.685225391742888,0.0002969853892663,missense|LC,3044861828,3,44861828,
GOLGA5,ENSG00000066455,0.865624893332309,0.806143501041872,0.711739410683891,-0.0000952983480470104,missense|LC,14092797393,14,92797393,
UTP18,ENSG00000011260,0.865747478657474,0.821061553018822,0.713188844292659,0.000129782028234231,missense|LC,17051259184,17,51259184,
MED27,ENSG00000160563,0.865795584843346,0.861134634381592,0.685883525439697,-0.000240238724349731,missense|LC,9131860441,9,131860441,
SLC25A48,ENSG00000145832,0.865874943006832,0.704764234091244,0.722006966133354,0.000251091678698507,missense|LC,5135574512,5,135574512,
UBL7,ENSG00000138629,0.866066302538483,0.657102266009797,0.76160321426889,0.000441356265808399,missense|LC,15074445958,15,74445958,
UQCC1,ENSG00000101019,0.866086489834284,0.708241929543226,0.716042874793092,-0.000290957049686727,missense|LC,20035303833,20,35303833,
LDLRAD4,ENSG00000168675,0.866295653634733,0.933298279221482,0.738034529967148,-0.0000354550966696037,missense|LC,18013387656,18,13387656,
GPX6,ENSG00000198704,0.866302663974587,0.752830528264049,0.720491817408518,-0.000132689015533047,missense|LC,6028504218,6,28504218,
PET117,ENSG00000232838,0.866333611887671,0.795400999293279,0.676521855066119,-0.000455670841850207,missense|LC,20018137849,20,18137849,
AC011479.1,ENSG00000267748,0.866337219321507,0.966352223468432,0.682230022742227,-0.0000520231017898033,missense|LC,19038287796,19,38287796,
CYP4F11,ENSG00000171903,0.866550518112976,0.798901951729539,0.689710830552781,0.0000852153451173318,missense|LC,19015911520,19,15911520,
OR5B17,ENSG00000197786,0.866666086874856,0.928806317459801,0.696273842474827,0.0000511956395036123,missense|LC,11058358120,11,58358120,
WWC3,ENSG00000047644,0.866713056797717,0.897815397706642,0.693411959839637,0.0000227029745989123,missense|LC,23010063477,X,10063477,
XAGE3,ENSG00000171402,0.866911491291485,0.710018009600602,0.962949156504362,-0.000487834624326268,missense|LC,23052862534,X,52862534,
MUC5B,ENSG00000117983,0.8669474245204,0.682353284956277,0.850867635398997,-0.0000162935346553186,missense|LC,11001225614,11,1225614,
DAP3,ENSG00000132676,0.86702819220508,0.802988429794115,0.701810133273481,0.0000857094964843036,missense|LC,1155687975,1,155687975,
CCDC25,ENSG00000147419,0.867034134750778,0.989373412072274,0.737863910754571,-0.0000154446310642952,missense|LC,8027736142,8,27736142,
ADNP2,ENSG00000101544,0.86707151861168,0.685011062844,0.840697209784001,-0.000114866852555363,missense|LC,18080117499,18,80117499,
NBPF10,ENSG00000271425,0.867152590864397,0.699715220933253,0.705933303512876,-0.000142579202891157,missense|LC,1146066140,1,146066140,
ACAP1,ENSG00000072818,0.86716582979983,0.985228788912401,0.654355825818374,-0.0000134461303578546,missense|LC,17007336650,17,7336650,
CCDC74A,ENSG00000163040,0.867421787109556,0.912116419381762,0.683092162105486,0.0000324309877668141,missense|LC,2131527834,2,131527834,
CCDC85C,ENSG00000205476,0.867428223916407,0.946238491761197,0.656626858944713,-0.0000487624760352375,missense|LC,14099495419,14,99495419,
CES4A,ENSG00000172824,0.867477157547032,0.853320139313392,0.693279785888464,-0.000374769756614315,missense|LC,16066988602,16,66988602,
ZNF180,ENSG00000167384,0.867523309320869,0.657582778108917,0.677136256665671,-0.000231595036409759,missense|LC,19044471773,19,44471773,
CCR3,ENSG00000183625,0.867543396151835,0.869691256174587,0.704472201615101,-0.0000710982115566093,missense|LC,3046264364,3,46264364,
GLO1,ENSG00000124767,0.867622783553213,0.73479899008677,0.679023878574531,-0.000493888798244889,missense|LC,6038677307,6,38677307,
DNAJC13,ENSG00000138246,0.867629059718399,0.847314098966999,0.667558413951944,0.0000404181360457403,missense|LC,3132434499,3,132434499,
PLXNA4,ENSG00000221866,0.86773421340357,0.667518928316948,0.811536456197166,0.0000947500553499005,missense|LC,7132130364,7,132130364,
SLC8A1,ENSG00000183023,0.867752029735647,0.860694016960305,0.677256788891731,0.0000925770171221147,missense|LC,2040115197,2,40115197,
HPSE,ENSG00000173083,0.867768940180009,0.711139755547744,0.997672349439516,0.000152488867758734,missense|LC,4083295277,4,83295277,
CWF19L2,ENSG00000152404,0.867805910371531,0.689817596407461,0.665387194486222,0.000177800330657639,missense|LC,11107326856,11,107326856,
POU2F3,ENSG00000137709,0.867826989946211,0.740334733649255,0.663990930158511,0.000236358149026968,missense|LC,11120236615,11,120236615,
TPBG,ENSG00000146242,0.867868970545988,0.726359138698255,0.7774906984131,-0.000114438476894798,missense|LC,6082364880,6,82364880,
FBXL7,ENSG00000183580,0.867937644770775,0.657872974981885,0.742850064846832,-0.000320680708260426,missense|LC,5015500564,5,15500564,
KHNYN,ENSG00000100441,0.868048260380538,0.655360555170962,0.826066341752501,-0.000272883930343381,missense|LC,14024427718,14,24427718,
ATP6V1G2-DDX39B,ENSG00000254870,0.868065351401957,0.714797089459129,0.928196189018552,0.00138210299154375,missense|LC,6031528929,6,31528929,
PARP14,ENSG00000173193,0.868119306862612,0.784061501066188,0.675393000200479,0.0000877484728329386,missense|LC,3122680830,3,122680830,
SLC17A2,ENSG00000112337,0.868177606645645,0.730204371261513,0.825016110355161,0.000120762945496899,missense|LC,6025913233,6,25913233,
SLC23A3,ENSG00000213901,0.868222989063847,0.655424876760117,0.941074033524561,-0.000413648916446045,missense|LC,2219157415,2,219157415,
ATAD3B,ENSG00000160072,0.868257820148667,0.851750627085347,0.669397397566281,-0.0000498281619811792,missense|LC,1001468238,1,1468238,
ZC3HAV1,ENSG00000105939,0.868306927499,0.920168120163196,0.697794604809978,0.0000380498002944069,missense|LC,7139047470,7,139047470,
TRAT1,ENSG00000163519,0.868350348490105,0.704068796035635,0.805082937260178,-0.000246868115686044,missense|LC,3108822858,3,108822858,
S100A11,ENSG00000163191,0.8683925338861,0.76105580439885,0.845513266869045,-0.000269236797986074,missense|LC,1152032588,1,152032588,
WASF1,ENSG00000112290,0.868420687110241,0.695457145654012,0.782851314408488,0.000273726825707127,missense|LC,6110100426,6,110100426,
NXPH3,ENSG00000182575,0.868518253165048,0.788912982007657,0.746352951845284,0.000130579015426005,missense|LC,17049576109,17,49576109,
MRPS23,ENSG00000181610,0.868546408489597,0.697879609988313,0.893950673909495,-0.000304323648343932,missense|LC,17057839664,17,57839664,
PM20D2,ENSG00000146281,0.868570317105312,0.669635565458212,0.821868276767446,0.000354653665522443,missense|LC,6089146058,6,89146058,
TEKT2,ENSG00000092850,0.868581605631533,0.656300276129513,0.672437927841688,-0.000255825713744535,missense|LC,1036084804,1,36084804,
MBNL1,ENSG00000152601,0.868627716753282,0.687634387307456,0.674370823240648,0.000492679329836463,missense|LC,3152300147,3,152300147,
HHATL,ENSG00000010282,0.868663835854902,0.671874357218596,0.702635556141133,0.00015014221722328,missense|LC,3042688041,3,42688041,
SRRM4,ENSG00000139767,0.868727560124514,0.684651966872963,0.961083061351814,0.00203074922822032,missense|LC,12118981778,12,118981778,
RTBDN,ENSG00000132026,0.868871304255002,0.729291624091074,0.983637149914214,0.000181798639460454,missense|LC,19012825570,19,12825570,
EIF1AD,ENSG00000175376,0.868883517389258,0.779060597237205,0.677798401787944,-0.000585455743183625,missense|LC,11065998486,11,65998486,
PKD2L1,ENSG00000107593,0.868903086525008,0.695676140377377,0.681831799999243,-0.0001381834297588,missense|LC,10100285972,10,100285972,
AL590560.2,ENSG00000256029,0.868968798970342,0.867762852519562,0.682004581974485,-0.000252000246348287,missense|LC,1159854567,1,159854567,
CLEC11A,ENSG00000105472,0.869009071051322,0.932029333833734,0.713375557092875,-0.0000497820759662248,missense|LC,19050723442,19,50723442,
DUSP10,ENSG00000143507,0.869128948649634,0.859552574381257,0.75028080742214,0.000100534326519206,missense|LC,1221702311,1,221702311,
OR4K1,ENSG00000155249,0.869557376128186,0.730521832712066,0.762691851831741,-0.000164783867366325,missense|LC,14019935607,14,19935607,
C6orf136,ENSG00000204564,0.869590927968718,0.844430529317019,0.708716221622662,0.000107074230716596,missense|LC,6030642042,6,30642042,
AAMDC,ENSG00000087884,0.869630308533659,0.890123027358663,0.743820589971121,0.000174792648417205,missense|LC,11077820436,11,77820436,
PFKFB3,ENSG00000170525,0.869632272864883,0.733759776180947,0.699482802592909,-0.000203670146874035,missense|LC,10006202803,10,6202803,
OGT,ENSG00000147162,0.869638019536975,0.659426081898572,0.898404579378174,-0.000627024536755841,missense|LC,23071533253,X,71533253,
DPH1,ENSG00000108963,0.869898888721676,0.943464402796101,0.709392663742329,-0.0000261958743356034,missense|LC,17002030048,17,2030048,
CTSD,ENSG00000117984,0.869963307653134,0.878586797596419,0.732899757296097,-0.0000867499973262222,missense|LC,11001747756,11,1747756,
CAPNS2,ENSG00000256812,0.869965379649261,0.88236831595266,0.700726561378227,-0.0000688380954021296,missense|LC,16055566656,16,55566656,
TMEM234,ENSG00000160055,0.870156297404882,0.822970409108821,0.758156190505192,-0.000220586215349697,missense|LC,1032211204,1,32211204,
AC001226.2,ENSG00000283208,0.870184517016326,0.717245400664806,0.887872599601134,0.000310490782537497,missense|LC,13076987766,13,76987766,
HSF2BP,ENSG00000160207,0.87024940212695,0.687297217474834,0.76511770475067,-0.000393912953721373,missense|LC,21043592200,21,43592200,
AKT3,ENSG00000117020,0.870308373985612,0.662353542713955,0.824945060170284,-0.000819831266100442,missense|LC,1243499711,1,243499711,
IL5,ENSG00000113525,0.870389950632587,0.709763771702008,0.673994017999534,0.000595365137054661,missense|LC,5132541791,5,132541791,
TMEM52B,ENSG00000165685,0.870399097022122,0.706491878069044,0.726105224993251,0.000278788601557661,missense|LC,12010166631,12,10166631,
SNX19,ENSG00000120451,0.87040167842457,0.716472730712122,0.686578637305154,0.0000887935063585136,missense|LC,11130878317,11,130878317,
MED15,ENSG00000099917,0.870521355014161,0.947939487914065,0.674656466158808,-0.0000192652798513431,missense|LC,22020507583,22,20507583,
AC008763.3,ENSG00000269711,0.870532069105368,0.793482049379978,0.760169643747469,-0.000186377338466478,missense|LC,19007677019,19,7677019,
TPH2,ENSG00000139287,0.870532820975729,0.93956560142796,0.741628148736662,0.0000620265860431322,missense|LC,12071938932,12,71938932,
C6orf163,ENSG00000203872,0.870736152949147,0.686822508165306,0.721919441145535,0.000260715104729021,missense|LC,6087340049,6,87340049,
KCNK9,ENSG00000169427,0.870903640513202,0.757324298230939,0.660436930749296,-0.000443915959678783,missense|LC,8139618150,8,139618150,
VCP,ENSG00000165280,0.871130723324262,0.867048419313486,0.672616862164382,-0.00023605275313093,missense|LC,9035057039,9,35057039,
HIBADH,ENSG00000106049,0.87114387485832,0.716477369617651,0.968726730328921,0.000267871321703832,missense|LC,7027526143,7,27526143,
TTC38,ENSG00000075234,0.871176459292789,0.699759917276336,0.923989775864471,0.000113075316938509,missense|LC,22046262998,22,46262998,
POLR1C,ENSG00000171453,0.871196221203675,0.896727999401396,0.68180319345465,0.0000715103591169223,missense|LC,6043512089,6,43512089,
KREMEN2,ENSG00000131650,0.871267206182323,1,0.684803000733237,-0.00000518383699942086,missense|LC,16002964464,16,2964464,
DSG3,ENSG00000134757,0.871351877631939,0.689037454884174,0.792303595355916,0.000147031658990845,missense|LC,18031447817,18,31447817,
LTBP2,ENSG00000119681,0.8713538720817,0.897550560219164,0.661361757402958,-0.0000306875575630104,missense|LC,14074493191,14,74493191,
GSPT2,ENSG00000189369,0.871358108760558,0.66190774529752,0.852972546380953,-0.000484771625133308,missense|LC,23051743578,X,51743578,
PDE4A,ENSG00000065989,0.871409296024652,0.885369652549915,0.649855397993878,0.0000854629268900028,missense|LC,19010416684,19,10416684,
MRS2,ENSG00000124532,0.871464556119936,0.708668031201507,0.860768683557937,0.000150613840431188,missense|LC,6024402962,6,24402962,
GABPB2,ENSG00000143458,0.871528249015895,0.849261597058547,0.658219368920064,0.000182609459974693,missense|LC,1151067155,1,151067155,
GKN1,ENSG00000169605,0.871543925035266,0.715427809745329,0.777787819722425,0.000441839084388789,missense|LC,2068974602,2,68974602,
UBQLNL,ENSG00000175518,0.871547934213783,0.680482327133227,0.687756366936199,-0.000134349412174041,missense|LC,11005509393,11,5509393,
INKA2,ENSG00000197852,0.871768433273757,0.934302730422372,0.656416818951655,-0.0000785315613024113,missense|LC,1111726888,1,111726888,
GAGE10,ENSG00000215274,0.871777499564146,0.951615667530048,0.750755032788607,-0.0000403621265137437,missense|LC,23049304794,X,49304794,
KRTDAP,ENSG00000188508,0.871811145330599,0.678595071471802,0.862348082351465,-0.000649576970660413,missense|LC,19035487370,19,35487370,
ST3GAL2,ENSG00000157350,0.872039321142507,0.802836669059003,0.654538460065847,-0.000265066402751774,missense|LC,16070371222,16,70371222,
LGMN,ENSG00000100600,0.872074552223666,0.695180742786322,0.829770590142468,-0.000218765177721579,missense|LC,14092704222,14,92704222,
AC093884.1,ENSG00000286239,0.872160376792808,0.982040365235998,0.664850120647246,-0.0000317598671342869,missense|LC,2223755765,2,223755765,
IFT46,ENSG00000118096,0.8722281157502,0.794276422743955,0.729851647500356,-0.000102507354805126,missense|LC,11118544881,11,118544881,
ASDURF,ENSG00000286053,0.872248911867544,0.704770760064697,0.845437343481168,0.00267864085145298,missense|LC,2189666040,2,189666040,
KLHL23,ENSG00000213160,0.872294544258529,0.746023213982527,0.706947744804279,0.000237960419112487,missense|LC,2169734890,2,169734890,
RFTN2,ENSG00000162944,0.872355641076604,0.696634366741462,0.893250382873997,0.0001087739035253,missense|LC,2197571915,2,197571915,
FGD6,ENSG00000180263,0.872375013744125,0.856311946500637,0.664756110625658,-0.0000542926378776391,missense|LC,12095081442,12,95081442,
SPR,ENSG00000116096,0.872517220818458,0.827710788412599,0.759010802136912,0.000110173856841414,missense|LC,2072887312,2,72887312,
PRR15,ENSG00000176532,0.872596460280487,0.702858321430954,0.68407801093684,0.00041992511986876,missense|LC,7029566221,7,29566221,
IQCF1,ENSG00000173389,0.872656296202831,0.828691933127748,0.678674876421789,-0.000191113554465197,missense|LC,3051894834,3,51894834,
CLTCL1,ENSG00000070371,0.872706122653287,0.898444635558938,0.727586142972752,-0.0000163419423358225,missense|LC,22019176084,22,19176084,
SLC9A3,ENSG00000066230,0.872738978211263,0.698271251464907,0.770912188963699,-0.000142521599900548,missense|LC,5000465612,5,465612,
UBA2,ENSG00000126261,0.872792708602964,0.894174622827389,0.707542044515539,0.0000865213317802944,missense|LC,19034425910,19,34425910,
CEL,ENSG00000170835,0.872855875672551,0.962923333903303,0.680334849580782,-0.0000153765536833915,missense|LC,9133056978,9,133056978,
SPTLC2,ENSG00000100596,0.872860248163466,1,0.766167409202589,0.00000455669729247523,missense|LC,14077512165,14,77512165,
SLC7A14,ENSG00000013293,0.873025178289803,0.684310298842482,0.881476308052662,0.000177235076575278,missense|LC,3170466987,3,170466987,
KLHDC7A,ENSG00000179023,0.873091008887432,0.94079267475735,0.681011710604834,-0.0000339867375672351,missense|LC,1018480910,1,18480910,
ARHGEF35,ENSG00000213214,0.873172257022739,0.74966023653166,0.986941012864994,-0.000179548023600054,missense|LC,7144184178,7,144184178,
RPL23A,ENSG00000198242,0.873204408808515,0.720614284798594,0.826451947133036,0.000488231612323799,missense|LC,17028714989,17,28714989,
ARHGEF16,ENSG00000130762,0.873223819010785,0.715335619578037,0.689623220836701,-0.000116112330989918,missense|LC,1003463012,1,3463012,
MRPS18C,ENSG00000163319,0.873226393417574,0.68183972917367,0.919100826274768,0.000512164643143519,missense|LC,4083453202,4,83453202,
HECTD1,ENSG00000092148,0.873257914271979,0.850750206762944,0.653171638008806,-0.0000730420534244012,missense|LC,14031100846,14,31100846,
GOLM2,ENSG00000166734,0.873262841229923,0.928747318654495,0.739965781373318,0.0000418708724524655,missense|LC,15044288948,15,44288948,
MANBA,ENSG00000109323,0.87341458263123,0.656909230781961,0.820903257756624,-0.000244852602952468,missense|LC,4102632014,4,102632014,
ACTN2,ENSG00000077522,0.873468978577881,0.665925213580949,0.761642234924746,-0.00024269462304841,missense|LC,1236686544,1,236686544,
WRAP73,ENSG00000116213,0.873487622702309,0.985198618876382,0.686419943294067,-0.0000128633484759582,missense|LC,1003625770,1,3625770,
PCSK4,ENSG00000115257,0.873560074625879,0.899436794306505,0.697861142290332,-0.0000414867661432548,missense|LC,19001478520,19,1478520,
KRTAP4-1,ENSG00000198443,0.873633269219879,0.681612207736414,0.860580144020486,0.000637371072990239,missense|LC,17041184266,17,41184266,
UBE2NL,ENSG00000276380,0.8736561572501,0.665101774455485,0.867648012375896,-0.00069865312526259,missense|LC,23143884080,X,143884080,
OR9A1P,ENSG00000237621,0.873730713323168,0.898416077227988,0.722289835339077,-0.0019601401339809,missense|LC,7141887899,7,141887899,
LIPK,ENSG00000204021,0.873793161238571,0.900728104658459,0.699383838079037,-0.0000619858008193661,missense|LC,10088724551,10,88724551,
NDUFB6,ENSG00000165264,0.873902808402639,0.990569328186587,0.719046664610856,-0.0000184623234080508,missense|LC,9032550677,9,32550677,
C8orf76,ENSG00000189376,0.873934480192833,0.681223828999846,0.663484844746627,0.000347539515447227,missense|LC,8123220082,8,123220082,
HSF5,ENSG00000176160,0.873982609188985,0.934654968728738,0.709669977706492,-0.0000280594795178901,missense|LC,17058415241,17,58415241,
MIB1,ENSG00000101752,0.874033772078057,0.725749221664243,0.667645912623876,0.000261947076304617,missense|LC,18021741508,18,21741508,
CNR1,ENSG00000118432,0.874038070951133,0.669418932977852,0.875397101124422,-0.000417719936347353,missense|LC,6088143805,6,88143805,
SYNJ2BP,ENSG00000213463,0.874244692161225,0.705015329992305,0.739828346915517,0.000502590061568156,missense|LC,14070372863,14,70372863,
TP53AIP1,ENSG00000120471,0.874383857084391,0.748681352480676,0.860321463606586,-0.000367054471029661,missense|LC,11128935370,11,128935370,
AC009070.1,ENSG00000286221,0.874634813322242,0.89173639538774,0.699082939993548,0.000602465436906132,missense|LC,16080976077,16,80976077,
MAP3K6,ENSG00000142733,0.874652197131379,0.79957791851876,0.687507644642116,0.0000848020987202119,missense|LC,1027350184,1,27350184,
MTCH2,ENSG00000109919,0.874668983046817,0.76438886943581,0.733989567519448,-0.000231940984280838,missense|LC,11047618763,11,47618763,
THOC2,ENSG00000125676,0.87473779320169,0.949413458776423,0.65632823166672,-0.0000609586159525513,missense|LC,23123610892,X,123610892,
FDX1,ENSG00000137714,0.87489682235828,0.916517833278542,0.716830326554507,-0.0000821648414839859,missense|LC,11110430040,11,110430040,
AC092111.3,ENSG00000284393,0.874900929912995,0.832456966100689,0.701931633352898,-0.000482804743495245,missense|LC,12008133652,12,8133652,
GOLT1A,ENSG00000174567,0.874974573586363,0.718141074554451,0.99848783526777,0.000283302919565892,missense|LC,1204198397,1,204198397,
PRH1,ENSG00000231887,0.874997701046353,0.781600914380695,0.705309217210231,-0.000380633895270967,missense|LC,12010882067,12,10882067,
OAZ1,ENSG00000104904,0.875069257921141,0.761287686226072,0.844795611702055,0.000168048067531802,missense|LC,19002269455,19,2269455,
NMU,ENSG00000109255,0.875175068568696,0.89918178789588,0.720570374395077,0.000123754371343308,missense|LC,4055591977,4,55591977,
KRT78,ENSG00000170423,0.875187720691528,0.803578886763614,0.728061261444697,0.0000993924963508658,missense|LC,12052833737,12,52833737,
TOB2,ENSG00000183864,0.875290986230101,0.735786681240057,0.90651510906958,0.000156204548132345,missense|LC,22041436178,22,41436178,
ANO9,ENSG00000185101,0.875460444804643,0.674751209034672,0.813499471084029,-0.000158494798190587,missense|LC,11000414735,11,414735,
ATP4A,ENSG00000105675,0.875738885890849,0.693715318258308,0.694265697941919,0.000116448126312882,missense|LC,19035545031,19,35545031,
DHRS2,ENSG00000100867,0.875774299273822,0.837640817538209,0.700888297106577,-0.0000598562760433515,missense|LC,14023638739,14,23638739,
PLD5,ENSG00000180287,0.875789641829546,0.693692313364087,0.758900710175042,-0.000270811069350803,missense|LC,1242089753,1,242089753,
SLC6A5,ENSG00000165970,0.875946937770265,0.71220052507784,0.780712192511894,-0.000118058390175706,missense|LC,11020599613,11,20599613,
TCTN1,ENSG00000204852,0.876069029791611,0.810952817000182,0.704950688264147,0.000103196064126832,missense|LC,12110614043,12,110614043,
FAM83F,ENSG00000133477,0.876094901792207,0.702208910525957,0.80664094764697,0.000480917024155747,missense|LC,22039994926,22,39994926,
RNF114,ENSG00000124226,0.876234379456018,0.733776862564539,0.736279435801571,-0.000196707403519185,missense|LC,20049936305,20,49936305,
TAGLN3,ENSG00000144834,0.87637223864765,0.89410902483566,0.725443323457629,0.000307291995147522,missense|LC,3111999313,3,111999313,
AWAT1,ENSG00000204195,0.876436827626434,0.738077670174654,0.714991449405326,-0.000173294393039769,missense|LC,23070234648,X,70234648,
GOLGA8M,ENSG00000188626,0.876580392935015,0.685575045108209,0.717067467971972,-0.0000792886177602766,missense|LC,15028701958,15,28701958,
UPF1,ENSG00000005007,0.876743516284775,0.899490794559504,0.655770431176136,0.000115346735916748,missense|LC,19018832117,19,18832117,
MPZ,ENSG00000158887,0.876772573017593,0.757486476680862,0.671558537046976,0.000510160691462929,missense|LC,1161305836,1,161305836,
COG7,ENSG00000168434,0.87679092495173,0.725039174407181,0.703188193269494,-0.000163487142338041,missense|LC,16023388753,16,23388753,
ZNF385D,ENSG00000151789,0.876798041062063,0.724092722585571,0.875289967012306,-0.000191659341960858,missense|LC,3021421158,3,21421158,
TMEM238,ENSG00000233493,0.876814858629179,0.711613146988747,0.822362764182099,0.000483254809702468,missense|LC,19055376758,19,55376758,
HS6ST2,ENSG00000171004,0.876824462283764,0.712907241242231,0.881191988148645,0.000135399667901658,missense|LC,23132628209,X,132628209,
GLCCI1,ENSG00000106415,0.876946896516143,0.863004949284052,0.757610542285267,0.0000895999773345224,missense|LC,7007969241,7,7969241,
FAF1,ENSG00000185104,0.876971340386098,0.973454297472889,0.722485458662858,0.0000186475041348143,missense|LC,1050441405,1,50441405,
KRT33B,ENSG00000131738,0.877014402282984,0.80835962488103,0.709018848422076,-0.000106128230498192,missense|LC,17041363800,17,41363800,
MCMBP,ENSG00000197771,0.877024990003141,0.867137375452515,0.661340622337729,0.000166366512594539,missense|LC,10119826584,10,119826584,
FBXL12,ENSG00000127452,0.877107990717308,0.695184337787371,0.896189857376514,-0.000203242222513875,missense|LC,19009810837,19,9810837,
HMMR,ENSG00000072571,0.877159283902642,0.916878401308788,0.733698342328904,-0.0000393399832098563,missense|LC,5163456887,5,163456887,
C2orf15,ENSG00000273045,0.877178709479499,0.97448212257406,0.676862584884392,0.0000910246778422592,missense|LC,2099140994,2,99140994,
SLC17A7,ENSG00000104888,0.877373684884107,0.795340765213691,0.753471325541186,-0.000190120266575611,missense|LC,19049426262,19,49426262,
EIF5A,ENSG00000132507,0.877374314845066,0.711996015303741,0.902656007485559,0.000738948201931774,missense|LC,17007306941,17,7306941,
OR51B6,ENSG00000176239,0.877406831264541,0.919324798338896,0.728411233692122,-0.0000466519145308356,missense|LC,11005351459,11,5351459,
RGSL1,ENSG00000121446,0.877537120068085,0.677421148962304,0.895672172042136,0.000161304509956333,missense|LC,1182450065,1,182450065,
SLC9C1,ENSG00000172139,0.877537757145638,0.700460341246225,0.784010742980187,-0.000112322882543132,missense|LC,3112141168,3,112141168,
SMC6,ENSG00000163029,0.877566361518248,0.888566362277587,0.666537093408521,0.0000922588282799715,missense|LC,2017665458,2,17665458,
NAT8L,ENSG00000185818,0.877603344074083,0.868721196791523,0.688323891132826,0.000174963866253858,missense|LC,4002059450,4,2059450,
RNF225,ENSG00000269855,0.877665513529684,0.707246124282157,0.710389505306461,-0.000166948162524338,missense|LC,19058392902,19,58392902,
MOB4,ENSG00000115540,0.877729228001396,0.967672415672771,0.691644343556801,-0.0000844901897746729,missense|LC,2197515995,2,197515995,
TMEM174,ENSG00000164325,0.877912713264804,0.700576159000949,0.959022461487202,0.000281463528291292,missense|LC,5073173145,5,73173145,
FUS,ENSG00000089280,0.877917506443554,0.680544701585015,0.914537064487009,-0.000209872384300727,missense|LC,16031180084,16,31180084,
MRGPRF,ENSG00000172935,0.877976850847294,0.744603585654706,0.917523988282991,-0.000177597021400983,missense|LC,11069005156,11,69005156,
SMIM5,ENSG00000204323,0.877984706527823,0.754570819269886,0.687990243355825,0.000498680720857653,missense|LC,17075631596,17,75631596,
NPM3,ENSG00000107833,0.878181532980484,0.908429145064748,0.731377397439149,0.0000859767404903643,missense|LC,10101781643,10,101781643,
PADI6,ENSG00000276747,0.878202019776804,0.679416930142322,0.694587516085961,-0.000165546294690119,missense|LC,1017372184,1,17372184,
EBF1,ENSG00000164330,0.878221268701925,0.74204214237568,0.668090715755226,-0.000467139483020309,missense|LC,5158699028,5,158699028,
AC068631.2,ENSG00000283149,0.878255550671824,0.918926657062908,0.680346455078714,0.00020062094717585,missense|LC,3186577586,3,186577586,
RALGAPB,ENSG00000170471,0.878276815392949,0.717603563989594,0.748245048021444,-0.000128495834456655,missense|LC,20038488388,20,38488388,
MND1,ENSG00000121211,0.878340707791886,0.676629703399838,0.815148668892604,0.000613580358137005,missense|LC,4153344658,4,153344658,
USH1C,ENSG00000006611,0.878360817143603,0.886459046215739,0.699696177202611,0.000047601557471362,missense|LC,11017494237,11,17494237,
ENTPD8,ENSG00000188833,0.878421464749104,0.676342501376072,0.684179921825493,0.000223162014410544,missense|LC,9137429372,9,137429372,
MAPT,ENSG00000186868,0.878698975514228,0.699662266141804,0.799348085206298,0.000126246853403842,missense|LC,17045962347,17,45962347,
BTG3,ENSG00000154640,0.87876060904818,0.734674109469954,0.73923335969925,-0.000284143907533913,missense|LC,21017593060,21,17593060,
GZF1,ENSG00000125812,0.878795762957334,0.802312613233905,0.677190814458549,-0.00014326941227786,missense|LC,20023364337,20,23364337,
RNF212,ENSG00000178222,0.878832708621662,0.757078823104418,0.787484611654208,0.000134702361076611,missense|LC,4001072596,4,1072596,
CIT,ENSG00000122966,0.87885893219426,0.682640672034251,0.744145285674501,0.000127877018046431,missense|LC,12119688145,12,119688145,
TMEM38B,ENSG00000095209,0.878987199172484,0.882962937158963,0.708963447076214,-0.0000857924711717283,missense|LC,9105694600,9,105694600,
MOK,ENSG00000080823,0.879042025147341,0.894338143487176,0.741881322874711,0.0000548724997339878,missense|LC,14102229195,14,102229195,
ADIPOQ,ENSG00000181092,0.879090562475144,0.741946062180765,0.933183103811043,0.000193109068811168,missense|LC,3186852968,3,186852968,
PTGER4,ENSG00000171522,0.879195668343959,0.665391395940281,0.760607195068609,0.000488596827245134,missense|LC,5040680883,5,40680883,
RAE1,ENSG00000101146,0.879266499452932,0.74903543879294,0.872489403722525,-0.00021267180230161,missense|LC,20057351045,20,57351045,
RNF157,ENSG00000141576,0.879314552370566,0.738945816244951,0.745544734935582,0.000146187370975276,missense|LC,17076137475,17,76137475,
AEBP2,ENSG00000139154,0.879330691958676,0.684088213000883,0.678246537015953,0.000302583348493308,missense|LC,12019439666,12,19439666,
PIK3C2B,ENSG00000133056,0.87947102451123,0.830894287034337,0.684800630111068,-0.0000452907084067575,missense|LC,1204424781,1,204424781,
AC008403.1,ENSG00000268465,0.879489488521168,0.977162490894916,0.681397312274188,-0.0000726531153478891,missense|LC,19048461676,19,48461676,
TMSB15A,ENSG00000158164,0.879599355329703,0.889332980688292,0.768424249122355,0.000264095005913368,missense|LC,23102514015,X,102514015,
LIPH,ENSG00000163898,0.879723208443393,1,0.754013243592637,-0.00000327049271749229,missense|LC,3185508760,3,185508760,
MSH5-SAPCD1,ENSG00000255152,0.879856803730684,0.680468296496981,0.798886009642721,-0.000237912057193282,missense|LC,6031736194,6,31736194,
RPE65,ENSG00000116745,0.879959179218303,0.671234693859985,0.793517190975106,-0.000295415297761946,missense|LC,1068429685,1,68429685,
FOXN2,ENSG00000170802,0.880168848463167,0.667329093277503,0.688940439432548,0.000420654747815804,missense|LC,2048346141,2,48346141,
PLPP7,ENSG00000160539,0.880187939841029,0.925281581569576,0.729296515771971,0.0000495254305338485,missense|LC,9131289913,9,131289913,
FAM210B,ENSG00000124098,0.880206241626779,0.843511175155263,0.680309561867209,0.000247588208838825,missense|LC,20056358928,20,56358928,
IFI16,ENSG00000163565,0.880243882049951,0.790964970564946,0.708361395198052,-0.0000680365499584376,missense|LC,1159014625,1,159014625,
MPDU1,ENSG00000129255,0.88026470196913,0.981888748759397,0.74379955425627,0.000025096698330705,missense|LC,17007579583,17,7579583,
CNTN4,ENSG00000144619,0.880372857258509,0.925915308405461,0.667685579266476,-0.000075621786829558,missense|LC,3002571466,3,2571466,
NOS2,ENSG00000007171,0.880445980044905,0.678970250805886,0.84445021960244,-0.000158842346243515,missense|LC,17027752755,17,27752755,
SCYL3,ENSG00000000457,0.880457485870935,0.992535731253464,0.703000731787045,0.00000729591783119237,missense|LC,1169849462,1,169849462,
ZBTB32,ENSG00000011590,0.880480839459433,0.672840155714492,0.989555995130888,-0.000321437998063173,missense|LC,19035714528,19,35714528,
C9orf64,ENSG00000165118,0.880553930539427,0.728948399123677,0.810346195242881,0.000186627607923045,missense|LC,9083939483,9,83939483,
SP7,ENSG00000170374,0.880595872918262,0.820783522153408,0.699380051231765,0.00015298722122366,missense|LC,12053321578,12,53321578,
SHISA2,ENSG00000180730,0.880598896082477,0.86083153967254,0.674559131391211,-0.000135977458323739,missense|LC,13026046420,13,26046420,
RETREG1,ENSG00000154153,0.880601115579627,0.738394844455703,0.803725778867709,0.000125117461356324,missense|LC,5016474649,5,16474649,
PRAME,ENSG00000185686,0.880661433117016,0.697504409506189,0.7099658985995,-0.000166351039881319,missense|LC,22022547981,22,22547981,
IL15,ENSG00000164136,0.880719644997224,0.938528608927957,0.722580456647019,0.000140605079551005,missense|LC,4141720471,4,141720471,
HESX1,ENSG00000163666,0.880910538724987,0.713208368247791,0.826516694167645,0.000309973332167281,missense|LC,3057198181,3,57198181,
ALG8,ENSG00000159063,0.880989638034503,0.921099142473073,0.714657112312783,-0.0000658071245670403,missense|LC,11078100906,11,78100906,
UPK1B,ENSG00000114638,0.881194739234732,0.984687463444259,0.759890304346754,-0.0000134181570045998,missense|LC,3119186663,3,119186663,
IYD,ENSG00000009765,0.881443188030919,0.712202644743589,0.713374761722024,-0.000204444951214545,missense|LC,6150368954,6,150368954,
URB2,ENSG00000135763,0.881497624501251,0.740706896350259,0.685654551772211,0.0000951903217889116,missense|LC,1229627539,1,229627539,
AQP9,ENSG00000103569,0.881566379136953,0.714279953339667,0.962525812103368,-0.00026073011699449,missense|LC,15058138513,15,58138513,
APBA3,ENSG00000011132,0.881644270311761,0.862045366134197,0.690509076936536,-0.0000523672073662295,missense|LC,19003745960,19,3745960,
SIX4,ENSG00000100625,0.881755856015991,0.674364388803313,0.804660857272579,0.000271023285741772,missense|LC,14060713319,14,60713319,
ZNF600,ENSG00000189190,0.881831119185441,0.823307748567201,0.711396414648047,-0.000070728259542594,missense|LC,19052765469,19,52765469,
NCBP1,ENSG00000136937,0.881925103489168,0.834056419060224,0.711409887564987,0.000116122173726423,missense|LC,9097633761,9,97633761,
SLC7A6OS,ENSG00000103061,0.882136018129118,0.832022980222012,0.680258826431008,-0.000188292937132081,missense|LC,16068294673,16,68294673,
MTSS1,ENSG00000170873,0.882317919700385,0.776451424095208,0.671970670547863,0.000204412977492952,missense|LC,8124549697,8,124549697,
NIF3L1,ENSG00000196290,0.882320686421926,0.847570213677775,0.705828282084584,-0.0000951238453300488,missense|LC,2200885683,2,200885683,
TM4SF19,ENSG00000145107,0.882441289371889,0.74398531284012,0.802282456024945,0.00014848977404708,missense|LC,3196323652,3,196323652,
ZNF76,ENSG00000065029,0.882600508938204,0.701491377241298,0.726552580084067,-0.000144239871548964,missense|LC,6035281085,6,35281085,
EEF1E1-BLOC1S5,ENSG00000265818,0.882648897537856,0.712928600353225,0.686610504752441,-0.000743247432933328,missense|LC,6008015728,6,8015728,
FAM81B,ENSG00000153347,0.882665636617782,0.811341523896361,0.71671398070915,0.0000658615292840798,missense|LC,5095391290,5,95391290,
BBS2,ENSG00000125124,0.882713420609993,0.667637629401237,0.789182596995816,-0.000279426364091559,missense|LC,16056484695,16,56484695,
PITX3,ENSG00000107859,0.882741350185399,0.707370394434297,0.840085175898366,-0.000327128665193187,missense|LC,10102226511,10,102226511,
OR8H3,ENSG00000181761,0.882773000135035,0.89207408348267,0.724046686636163,0.0000869661892415251,missense|LC,11056122322,11,56122322,
TMEM254,ENSG00000133678,0.882815530011544,0.984789018031645,0.700202199275114,-0.0000215350228933868,missense|LC,10080078621,10,80078621,
AC010615.4,ENSG00000269237,0.882851831573798,0.754637802364031,0.867011797180172,0.000323303274918618,missense|LC,19021404977,19,21404977,
AKIRIN2,ENSG00000135334,0.882962903838289,0.702674445779576,0.754893191315573,-0.000585699698698038,missense|LC,6087675476,6,87675476,
MAD2L1BP,ENSG00000124688,0.883126048138311,0.956736125452412,0.759282359783397,-0.0000415606232875564,missense|LC,6043624544,6,43624544,
FSTL1,ENSG00000163430,0.883224460375962,0.689205976784542,0.6974888212319,0.000386172245870336,missense|LC,3120396917,3,120396917,
OR4K14,ENSG00000169484,0.883250452539186,0.795980903021164,0.680556903055616,0.000235910146897774,missense|LC,14020014234,14,20014234,
MANF,ENSG00000145050,0.883305926344615,0.746863628530426,0.897341680857553,0.000322875365394144,missense|LC,3051380943,3,51380943,
SSC5D,ENSG00000179954,0.88351158920595,0.743366611043304,0.701358580894452,-0.0000679204467969341,missense|LC,19055483436,19,55483436,
KRT31,ENSG00000094796,0.883635801765139,0.782015236125539,0.68593264047889,0.000168709010182812,missense|LC,17041393914,17,41393914,
LAIR1,ENSG00000167613,0.883637270933535,0.74954770036241,0.87707544375156,-0.000162396543251061,missense|LC,19054355188,19,54355188,
ARFGAP1,ENSG00000101199,0.883650425693436,0.853724606735909,0.716140517872555,0.000084709059170045,missense|LC,20063275502,20,63275502,
FAM160B1,ENSG00000151553,0.883718850152165,0.683577096980416,0.719853805877483,-0.000251219840210314,missense|LC,10114822010,10,114822010,
TRAP1,ENSG00000126602,0.8837616281338,0.694911595953706,0.711675788890282,0.0000835951429044492,missense|LC,16003655250,16,3655250,
AP001781.2,ENSG00000258529,0.883910925840261,0.727843475544089,0.738698858200473,-0.000121539087845746,missense|LC,11111786275,11,111786275,
RECK,ENSG00000122707,0.883932156710318,0.889043615563783,0.724459322698399,-0.0000654728695693043,missense|LC,9036036937,9,36036937,
ATP6V0A1,ENSG00000033627,0.883992104865435,0.715170149773353,0.986253555658162,-0.000174085697461816,missense|LC,17042460851,17,42460851,
REXO4,ENSG00000148300,0.884010010299662,0.73918419540207,0.748988576058027,0.000127095074321777,missense|LC,9133401623,9,133401623,
TGFBI,ENSG00000120708,0.884243713198034,0.960393728610782,0.691731025349317,0.0000223830417623581,missense|LC,5136028891,5,136028891,
SPAG11B,ENSG00000164871,0.884269348077385,0.740919725862983,0.85920994658173,-0.000361106949994136,missense|LC,8007450615,8,7450615,
SEMA3E,ENSG00000170381,0.884315294903906,0.963961831686803,0.758715231234518,-0.0000222626191217945,missense|LC,7083367515,7,83367515,
GABRQ,ENSG00000268089,0.884318172828916,0.972053503664821,0.679570139374534,-0.000021090544131896,missense|LC,23152638149,X,152638149,
ADAMTSL1,ENSG00000178031,0.884450020234566,0.682526369945531,0.860387327032288,-0.000095175268529507,missense|LC,9018474167,9,18474167,
CCDC38,ENSG00000165972,0.884467099406566,0.732126239016726,0.686269001902272,-0.000216337868965681,missense|LC,12095865324,12,95865324,
DMRT2,ENSG00000173253,0.884829079239172,0.747715701548951,0.700570313660315,-0.000116325859807772,missense|LC,9001051453,9,1051453,
SLC22A18AS,ENSG00000254827,0.884881303674089,0.77949621360384,0.723648661237017,0.00013118033753749,missense|LC,11002883708,11,2883708,
ERAP2,ENSG00000164308,0.884919471716033,0.718997450041151,0.688247179719401,0.000126294137764148,missense|LC,5096879630,5,96879630,
NPVF,ENSG00000105954,0.884997272325627,0.964954024398709,0.741235239327433,-0.0000290141022825086,missense|LC,7025225064,7,25225064,
COA6,ENSG00000168275,0.885085209434126,0.962203091727832,0.705979630209607,-0.0000615474258495176,missense|LC,1234373390,1,234373390,
MAT1A,ENSG00000151224,0.885181983344099,0.885765444985384,0.689709870957629,-0.000162576906911402,missense|LC,10080273756,10,80273756,
TRAM1L1,ENSG00000174599,0.885195832041982,0.686605458872657,0.98852065914491,-0.000373975493082942,missense|LC,4117084194,4,117084194,
FAM193B,ENSG00000146067,0.885375404285281,0.836146993351318,0.732867332752203,-0.000079147401125363,missense|LC,5177514790,5,177514790,
RGS9BP,ENSG00000186326,0.885394804744733,0.794953655960658,0.730143534819324,0.000274640512545084,missense|LC,19032673205,19,32673205,
ANK2,ENSG00000145362,0.88540919791186,0.814298583718171,0.677708202407503,0.0000470955891864036,missense|LC,4113049558,4,113049558,
NBPF19,ENSG00000271383,0.885566421832188,0.914645817224879,0.685787276941699,-0.0000690929015241917,missense|LC,1149476005,1,149476005,
AC242842.3,ENSG00000286185,0.885566421832188,0.914645817224879,0.685787276941699,-0.0000690929015241917,missense|LC,1149390614,1,149390614,
CHORDC1,ENSG00000110172,0.885579041559866,0.688957917025754,0.856170283883964,-0.000411858830278486,missense|LC,11090202338,11,90202338,
TCAIM,ENSG00000179152,0.885606394759418,0.696447312887412,0.891235352363112,-0.000282700137737027,missense|LC,3044354702,3,44354702,
ATE1,ENSG00000107669,0.885661811803538,0.727731625868743,0.697120415056136,0.000213938175127383,missense|LC,10121743493,10,121743493,
PLIN5,ENSG00000214456,0.885881781961031,0.708464705517632,0.938042576054357,0.000106996292293061,missense|LC,19004517534,19,4517534,
ST6GAL1,ENSG00000073849,0.885993312557612,0.677612034878278,0.759914672121266,0.000405213912230299,missense|LC,3187042581,3,187042581,
TMEM37,ENSG00000171227,0.8861458879378,0.719630290585542,0.707886479207767,-0.000296478921302872,missense|LC,2119429866,2,119429866,
RINL,ENSG00000187994,0.886220272481698,0.679526473502169,0.880783928699055,0.000273828798721275,missense|LC,19038869026,19,38869026,
ZNF57,ENSG00000171970,0.886280441076867,0.721439212878461,0.685016965199919,0.000165152404919609,missense|LC,19002900927,19,2900927,
MAPRE1,ENSG00000101367,0.88637367260133,0.855974744023359,0.688713061623374,-0.000328808488120969,missense|LC,20032825852,20,32825852,
TMEM212,ENSG00000186329,0.886398289932138,0.701475346982351,0.91074544107437,0.000525323067871761,missense|LC,3171843306,3,171843306,
RBM26,ENSG00000139746,0.886546541312697,0.866359974366957,0.693632990306578,-0.0000845615756828,missense|LC,13079318868,13,79318868,
PLPPR1,ENSG00000148123,0.886554676319011,0.74871448358753,0.690231868919188,-0.00039447224519488,missense|LC,9101185463,9,101185463,
TCEA3,ENSG00000204219,0.886615621646338,0.823010379294996,0.761088338093027,0.000108689428213589,missense|LC,1023383339,1,23383339,
DOP1A,ENSG00000083097,0.886895557564852,0.910316201076659,0.708135721743777,0.0000340829941348821,missense|LC,6083065571,6,83065571,
ECE1,ENSG00000117298,0.887002757466044,0.84938862190449,0.765906110760733,-0.0000880156875030623,missense|LC,1021219844,1,21219844,
B3GNT6,ENSG00000198488,0.88704416832207,0.732805406953953,0.797228723742436,-0.000145682068530368,missense|LC,11077039401,11,77039401,
POLR2L,ENSG00000177700,0.887107638547642,0.750673789665254,0.689970242780207,0.000745702680674933,missense|LC,11000836043,11,836043,
MCF2,ENSG00000101977,0.887176877773163,0.717128332972001,0.815757506056703,-0.000150413596639612,missense|LC,23139582406,X,139582406,
PIWIL4,ENSG00000134627,0.887214685264102,0.719376509799995,0.830785589020118,0.0000956885286545034,missense|LC,11094567431,11,94567431,
TM4SF19-TCTEX1D2,ENSG00000273331,0.887229201781435,0.751310000700697,0.80254017501182,0.00014406516560082,missense|LC,3196316008,3,196316008,
CARNMT1,ENSG00000156017,0.887274734730322,0.976282287172201,0.694816974939178,-0.0000762890432056908,missense|LC,9074983737,9,74983737,
C14orf180,ENSG00000184601,0.887420223614195,0.989651943222281,0.74100998859701,0.00000964338203589206,missense|LC,14104586377,14,104586377,
MDGA1,ENSG00000112139,0.887443665571638,0.692638277287893,0.775445541761264,-0.000170902461602371,missense|LC,6037637309,6,37637309,
GOLGA8T,ENSG00000261247,0.887564818135229,0.713099528706077,0.874760474854098,0.000106664264229597,missense|LC,15030140798,15,30140798,
ZP3,ENSG00000188372,0.887598356236793,0.716126993270221,0.892822975436005,-0.000131738820696706,missense|LC,7076424877,7,76424877,
GJD2,ENSG00000159248,0.887766489369038,0.772609984733304,0.711880636276862,0.000344702756968399,missense|LC,15034752420,15,34752420,
FBXW8,ENSG00000174989,0.887796957504291,0.753256326887877,0.826760629692407,0.000154915619452849,missense|LC,12116910929,12,116910929,
SCRG1,ENSG00000164106,0.887953870745723,0.901470808255879,0.70768734922185,0.000228283940288109,missense|LC,4173388298,4,173388298,
CCL19,ENSG00000172724,0.888126517898561,1,0.722253505815967,-0.00000263520501409626,missense|LC,9034689721,9,34689721,
SEMA3A,ENSG00000075213,0.888141297021937,0.699918462845314,0.686658803764862,-0.00043220769925053,missense|LC,7083961323,7,83961323,
RAB39A,ENSG00000179331,0.888257813187115,0.684729103133633,0.903665206863293,0.000751859830294214,missense|LC,11107928493,11,107928493,
NUDT7,ENSG00000140876,0.888292288614047,0.773355884434027,0.699662218287886,-0.000233306681543779,missense|LC,16077722509,16,77722509,
TIRAP,ENSG00000150455,0.888362158997312,0.723045885250365,0.799985189140151,0.000260365129083228,missense|LC,11126282856,11,126282856,
MRPL49,ENSG00000149792,0.888364120105049,0.696803726528851,0.700657676902748,-0.000532115768094645,missense|LC,11065117322,11,65117322,
RPL13,ENSG00000167526,0.88837463180057,0.740222023223699,0.865719423688497,0.000246762037958462,missense|LC,16089556843,16,89556843,
C16orf54,ENSG00000185905,0.88843651883448,0.877161765360281,0.716494555702665,-0.000100180148026813,missense|LC,16029744215,16,29744215,
OR1C1,ENSG00000221888,0.888470559195311,0.845539182367721,0.684140199473096,-0.000172129147742608,missense|LC,1247757415,1,247757415,
ANKRD50,ENSG00000151458,0.888736135667029,0.846170041511332,0.762160372434847,-0.0000812712193599267,missense|LC,4124668921,4,124668921,
AC005020.2,ENSG00000272647,0.888737029658816,0.796638813069823,0.718899964991137,-0.00051212408538802,missense|LC,7099560447,7,99560447,
SLC25A11,ENSG00000108528,0.888775227897287,0.930336467648633,0.694563849899453,-0.000106202432210313,missense|LC,17004932242,17,4932242,
FRMD1,ENSG00000153303,0.888792613391848,0.697730519994536,0.72699675534262,-0.000157365530393239,missense|LC,6168056984,6,168056984,
PTP4A3,ENSG00000184489,0.888828206873875,0.869229263636271,0.692658870452009,0.000178829863319887,missense|LC,8141422172,8,141422172,
SPATA48,ENSG00000164500,0.888835358176698,0.743655275145912,0.978009779718974,-0.000140681260429272,missense|LC,7050092922,7,50092922,
SLC36A3,ENSG00000186334,0.889062777296227,0.743019588307344,0.893501370168123,0.000119733692255456,missense|LC,5151277282,5,151277282,
URGCP-MRPS24,ENSG00000270617,0.889097144091314,1,0.754979856441031,0.0000121817748254742,missense|LC,7043866603,7,43866603,
RPS10-NUDT3,ENSG00000270800,0.889112208380566,1,0.704044746372064,-0.0000154013316425023,missense|LC,6034288630,6,34288630,
PCYOX1L,ENSG00000145882,0.889175326052636,0.770711820502412,0.758165360124705,-0.000117072004931933,missense|LC,5149357897,5,149357897,
LIMA1,ENSG00000050405,0.889222430834552,0.704494397588708,0.790088428411098,0.00025397748469651,missense|LC,12050176999,12,50176999,
HILPDA,ENSG00000135245,0.889287226432108,0.954646235291405,0.711316902618795,0.000151558742275066,missense|LC,7128457219,7,128457219,
DAPP1,ENSG00000070190,0.889318217250548,0.850052669817838,0.68562515164101,-0.000349515797459077,missense|LC,4099816844,4,99816844,
ZNF398,ENSG00000197024,0.889402664546547,0.869132635462231,0.739378989588725,-0.0000642750612632794,missense|LC,7149147610,7,149147610,
PSMD7,ENSG00000103035,0.889525848729193,0.986924826066108,0.706840522693473,0.0000190852663714726,missense|LC,16074296829,16,74296829,
SAFB2,ENSG00000130254,0.889534629067319,0.735829684567559,0.901455268306533,-0.000141657652811936,missense|LC,19005587131,19,5587131,
HNMT,ENSG00000150540,0.889711862148909,0.753041566045347,0.808553557661754,-0.000923154887128597,missense|LC,2137964423,2,137964423,
RASSF6,ENSG00000169435,0.889720176692321,0.724774383767974,0.709110601504651,0.000163002927853308,missense|LC,4073576219,4,73576219,
PCDHGA1,ENSG00000204956,0.889813238122392,0.722425355047741,0.743259343375028,0.000147203831208699,missense|LC,5141330601,5,141330601,
SOX2,ENSG00000181449,0.88993310220506,0.696271976811076,0.901011124854379,-0.000603137435523253,missense|LC,3181712273,3,181712273,
OTUD6A,ENSG00000189401,0.890154901092035,1,0.707358842799057,2.96387415713372e-8,missense|LC,23070062443,X,70062443,
NSMCE2,ENSG00000156831,0.890208475336161,0.693575287200578,0.941092348833256,-0.000536655279952561,missense|LC,8125102285,8,125102285,
CARS1,ENSG00000110619,0.89034572258714,0.734701570644881,0.773434173049637,-0.000106571635593804,missense|LC,11003001023,11,3001023,
TMED5,ENSG00000117500,0.89041159889251,0.736296724600071,0.848295947067552,-0.00034009233484029,missense|LC,1093154630,1,93154630,
NPR3,ENSG00000113389,0.890457753561813,0.865783587607312,0.733752671878155,0.0000756036078596281,missense|LC,5032710545,5,32710545,
CCL2,ENSG00000108691,0.890480201279535,0.956297168284127,0.768467804585005,-0.0000670220828127901,missense|LC,17034255287,17,34255287,
WDR83OS,ENSG00000105583,0.890480625534617,0.701398315535882,0.868188368278106,0.000694856702892656,missense|LC,19012663219,19,12663219,
ADD3,ENSG00000148700,0.890506572669458,0.71140080360298,0.843798001601497,-0.000152337942495561,missense|LC,10110100577,10,110100577,
RGS22,ENSG00000132554,0.890538835092566,0.861009710208627,0.748289589153212,-0.0000864858147789157,missense|LC,8099962364,8,99962364,
DCLRE1C,ENSG00000152457,0.890593133417978,0.785816704482896,0.725986545715096,-0.000168762374312874,missense|LC,10014899613,10,14899613,
CDK11B,ENSG00000248333,0.890687034672612,0.744338783001422,0.9112054772325,-0.000182907199674858,missense|LC,1001630587,1,1630587,
NFKB1,ENSG00000109320,0.890782306091951,0.734852854757074,0.928162318680308,-0.000133937456205553,missense|LC,4102510856,4,102510856,
CYP4Z1,ENSG00000186160,0.890792646216964,0.732290909211658,0.735371747891776,0.000132752331264335,missense|LC,1047067405,1,47067405,
FUT2,ENSG00000176920,0.89109805561501,0.734641318773166,0.888503596654005,-0.000144860415654583,missense|LC,19048702888,19,48702888,
PRAMEF15,ENSG00000204501,0.891393780113549,0.924534243773499,0.698949727982171,0.0000216167811086559,missense|LC,1013318246,1,13318246,
PRRT3,ENSG00000163704,0.891487354678698,0.854642695611078,0.685629558461347,-0.0000804838336088781,missense|LC,3009940795,3,9940795,
RAMP3,ENSG00000122679,0.89150888703294,0.708574329807781,0.75729273493454,-0.000316162221641657,missense|LC,7045157767,7,45157767,
KRT27,ENSG00000171446,0.891653372337697,0.741596255100121,0.993406815792094,0.000138664808578877,missense|LC,17040771809,17,40771809,
MSL3,ENSG00000005302,0.891678248180313,0.946648203165924,0.739402361048085,0.0000334461182479182,missense|LC,23011758238,X,11758238,
SYNGR2,ENSG00000108639,0.891832724109899,0.729378221822665,0.784462957162559,-0.000139446201782672,missense|LC,17078164044,17,78164044,
KIAA1549L,ENSG00000110427,0.891887030859439,0.684819590640128,0.831033990151883,0.000152887132944162,missense|LC,11033542455,11,33542455,
SF3B6,ENSG00000115128,0.891988577610677,0.738108517992052,0.696741228159665,0.00205445727729248,missense|LC,2024062940,2,24062940,
SPEF2,ENSG00000152582,0.892018348230515,1,0.694516529993601,5.56187577778166e-7,missense|LC,5035617917,5,35617917,
CORO7-PAM16,ENSG00000103426,0.892101807734824,0.708351817037294,0.872588872360508,-0.000115680118713135,missense|LC,16004335253,16,4335253,
STAMBPL1,ENSG00000138134,0.892167888476625,0.897781172751434,0.74810921293105,0.0000798184669741028,missense|LC,10088901639,10,88901639,
SOCS1,ENSG00000185338,0.892233150181711,0.728357558152327,0.757918656829696,-0.00026782867068859,missense|LC,16011254692,16,11254692,
PRKACG,ENSG00000165059,0.892374137102064,0.696583276981876,0.749958697505264,-0.000324854075509834,missense|LC,9069008383,9,69008383,
MYLK4,ENSG00000145949,0.892470129440833,0.760202210581301,0.955209727837149,0.000179122504799314,missense|LC,6002671245,6,2671245,
SYDE2,ENSG00000097096,0.892576358895279,0.720140883915468,0.7364127798722,0.00011732414926169,missense|LC,1085159771,1,85159771,
TRIM13,ENSG00000204977,0.89258484316302,0.838826057426312,0.684260989331958,-0.000216378830884608,missense|LC,13050011837,13,50011837,
C4A,ENSG00000244731,0.892678139103296,0.747250379436587,0.814579700877752,0.000200066016169037,missense|LC,6031978834,6,31978834,
SHC4,ENSG00000185634,0.892763992817575,0.776016244645834,0.698811341229992,0.00018388101947071,missense|LC,15048825867,15,48825867,
CXorf65,ENSG00000204165,0.89279703928442,0.698873459212984,0.974246197278792,-0.00056645134686175,missense|LC,23071100648,X,71100648,
RPL10,ENSG00000147403,0.892848860932385,0.754117708004944,0.836638529350581,-0.000726580966717312,missense|LC,23154398435,X,154398435,
CMC1,ENSG00000187118,0.892948835990359,0.729446663584813,0.999291721468317,-0.000769851543214153,missense|LC,3028241291,3,28241291,
ACTR8,ENSG00000113812,0.893009013894898,0.763587207118116,0.780460015555789,0.000212361664010968,missense|LC,3053864705,3,53864705,
CST3,ENSG00000101439,0.893043687550938,0.704833009778651,0.701413147983718,-0.000490253041992334,missense|LC,20023633906,20,23633906,
ARFIP2,ENSG00000132254,0.893062376825259,0.698048154085625,0.735695429449066,-0.000453339939799268,missense|LC,11006477005,11,6477005,
IP6K2,ENSG00000068745,0.893199503141685,0.713759558639667,0.718606500471834,0.000375374548069907,missense|LC,3048683004,3,48683004,
MIF4GD,ENSG00000125457,0.893303445297315,0.708053332098402,0.87297217420354,0.000326079436262301,missense|LC,17075261471,17,75261471,
SPATA19,ENSG00000166118,0.893322958497963,0.867564845804215,0.700265543015393,0.000214142423825863,missense|LC,11133841969,11,133841969,
PITPNB,ENSG00000180957,0.893370753433532,0.919131672812104,0.743608364437808,0.000157682040575042,missense|LC,22027853579,22,27853579,
FOSL1,ENSG00000175592,0.893407095890209,0.75536320479166,0.854285129961295,0.000215283184823813,missense|LC,11065887514,11,65887514,
SNTB2,ENSG00000168807,0.893439883241958,0.961640591399439,0.702982651212665,0.0000413907895298655,missense|LC,16069187082,16,69187082,
OR56A3,ENSG00000184478,0.893944775052043,0.79229584067968,0.717459893904431,0.00023434223022837,missense|LC,11005947271,11,5947271,
C6orf223,ENSG00000181577,0.894245374104204,0.716982953809221,0.963554181001962,0.000182490811132881,missense|LC,6044000545,6,44000545,
CDC14B,ENSG00000081377,0.894346242276239,0.699087118819844,0.713799796598217,-0.000289755502201734,missense|LC,9096503692,9,96503692,
ZNF654,ENSG00000175105,0.894454296811681,0.726319947896184,0.743203903931939,-0.000111979075336444,missense|LC,3088055411,3,88055411,
RRM2B,ENSG00000048392,0.894463808591223,1,0.694927821246829,-0.00000446905722143266,missense|LC,8102208068,8,102208068,
USP1,ENSG00000162607,0.8945914984907,0.702958152467203,0.859300251871467,0.000196824899729933,missense|LC,1062439771,1,62439771,
PLAAT5,ENSG00000168004,0.894799847730968,0.812917403030647,0.738182792007107,-0.000123015478218551,missense|LC,11063463460,11,63463460,
PTPN22,ENSG00000134242,0.894903047573084,0.932800941122831,0.731466343947085,0.0000300290809985591,missense|LC,1113811558,1,113811558,
PRDM2,ENSG00000116731,0.894938598278506,0.899151028617041,0.704310283059868,0.0000316393190030535,missense|LC,1013715537,1,13715537,
ORM2,ENSG00000228278,0.89503496449411,0.718837790105859,0.902422625799832,-0.00018269815013262,missense|LC,9114324869,9,114324869,
VEZF1,ENSG00000136451,0.895038222703753,0.723270680722458,0.935854078948065,-0.00010672283021712,missense|LC,17057974382,17,57974382,
GPR83,ENSG00000123901,0.895046721727441,0.820485286231431,0.705880738658772,0.000121505123813066,missense|LC,11094380089,11,94380089,
MROH9,ENSG00000117501,0.895048874781405,0.734020883419292,0.91390040972619,0.000105971670655337,missense|LC,1170945477,1,170945477,
TRPV2,ENSG00000187688,0.895215980277733,0.794784448879789,0.705492051516542,0.000139568667275593,missense|LC,17016417578,17,16417578,
HPS1,ENSG00000107521,0.895246399251251,0.706440928873307,0.820828922808454,-0.000156024451174603,missense|LC,10098414868,10,98414868,
LGALSL,ENSG00000119862,0.895392873002253,0.727556030287403,0.815245445711949,-0.000456278889483209,missense|LC,2064454483,2,64454483,
MCM2,ENSG00000073111,0.895396530042913,0.836620536902004,0.733878246595031,0.0000768079516226218,missense|LC,3127598355,3,127598355,
SUCNR1,ENSG00000198829,0.895492098493607,0.985522572935664,0.695573883863529,0.0000228634494454729,missense|LC,3151879832,3,151879832,
HNRNPA2B1,ENSG00000122566,0.895984362564122,0.722691702942636,0.806307881975033,0.000550157761519944,missense|LC,7026184927,7,26184927,
TRAPPC3L,ENSG00000173626,0.89600723219121,0.810508118945512,0.766153925051383,-0.000201639437899587,missense|LC,6116496817,6,116496817,
GGA2,ENSG00000103365,0.896198210193177,0.70913587860529,0.873805412204753,-0.000202486619872383,missense|LC,16023467591,16,23467591,
TSPAN18,ENSG00000157570,0.896289639460714,0.710928807128565,0.702786861245485,-0.000364083005582694,missense|LC,11044897688,11,44897688,
TSPY2,ENSG00000168757,0.89629888214722,0.702714529869931,0.79936453959037,0.000945302934117587,missense|LC,24006246112,Y,6246112,
ARMH3,ENSG00000120029,0.896559467381916,0.732175267850627,0.84761354972817,0.000387175534919924,missense|LC,10101843448,10,101843448,
ENPP6,ENSG00000164303,0.896839754363299,0.72854323826565,0.830647923873452,-0.000142069588970547,missense|LC,4184091097,4,184091097,
METTL7A,ENSG00000185432,0.896919835606343,0.717320648886765,0.831721456431321,-0.000360365894337237,missense|LC,12050924905,12,50924905,
TMEM139,ENSG00000178826,0.8969208329093,0.749952826971334,0.989965113848073,-0.000129675778657167,missense|LC,7143285822,7,143285822,
PLXDC1,ENSG00000161381,0.897019549692003,0.804529351803834,0.765598670110775,-0.000118647951641515,missense|LC,17039067767,17,39067767,
TIMM9,ENSG00000100575,0.897030047607495,0.737592545486145,0.87545671454896,0.000761404737883454,missense|LC,14058407246,14,58407246,
AC006978.2,ENSG00000281593,0.897031335369599,0.750766923983688,0.928943677830906,-0.00449565124659711,missense|LC,7030362334,7,30362334,
COL10A1,ENSG00000123500,0.897394172823145,0.758909366571285,0.743796293562943,-0.000106823658989239,missense|LC,6116115679,6,116115679,
GPR173,ENSG00000184194,0.897405325124489,0.837272651760488,0.723027438300618,0.00017757845676969,missense|LC,23053076573,X,53076573,
COL9A1,ENSG00000112280,0.897422390276767,0.748625460996667,0.722013640932489,-0.00010330061337676,missense|LC,6070216816,6,70216816,
ZNF185,ENSG00000147394,0.897556888387908,0.695435110110863,0.851537768736345,0.000182424466914242,missense|LC,23152914451,X,152914451,
FGF23,ENSG00000118972,0.897851629481362,0.948956649130771,0.728153064180147,-0.0000694337967947533,missense|LC,12004370269,12,4370269,
CWC15,ENSG00000150316,0.897885893532479,0.754940341849853,0.720446193770356,-0.000539468904219324,missense|LC,11094963313,11,94963313,
ZNF239,ENSG00000196793,0.898080752002692,0.871131430936609,0.740107596665298,0.000102575743276458,missense|LC,10043556587,10,43556587,
DCAF8L2,ENSG00000189186,0.89828384677713,0.720580226596365,0.795916667628949,-0.000211298418279086,missense|LC,23027746825,X,27746825,
SPATA33,ENSG00000167523,0.898323978987532,0.883351304736659,0.697313753224122,-0.000214602227904785,missense|LC,16089653833,16,89653833,
TMEM150C,ENSG00000249242,0.898344904271605,0.874564508047266,0.765155657790648,-0.000114072555210931,missense|LC,4082485459,4,82485459,
IFI27,ENSG00000165949,0.898597513193269,0.769155676750089,0.878752329311953,-0.000244399376623422,missense|LC,14094111653,14,94111653,
FMO3,ENSG00000007933,0.898735992369723,0.758045866787262,0.844840497229941,-0.000155328453606376,missense|LC,1171092562,1,171092562,
TSPAN10,ENSG00000182612,0.898779271345779,0.727428999604319,0.789281776236265,0.000128255208340215,missense|LC,17081636796,17,81636796,
AC008770.2,ENSG00000267179,0.898785128499318,0.735340655587675,0.967918292341883,-0.000216883220945983,missense|LC,19011925106,19,11925106,
CCNE2,ENSG00000175305,0.8987923453869,0.713985886784673,0.724976430178436,-0.000413832222244253,missense|LC,8094876062,8,94876062,
B4GALNT4,ENSG00000182272,0.899249419293929,0.705284261677419,0.850062600372266,0.000133466365250619,missense|LC,11000369738,11,369738,
GPN1,ENSG00000198522,0.899256520679223,0.75787216727963,0.80630294931692,-0.000214904360844224,missense|LC,2027626921,2,27626921,
SPATA21,ENSG00000187144,0.89926774443005,0.792987069298933,0.697492378161191,0.000187839061475239,missense|LC,1016395017,1,16395017,
TTK,ENSG00000112742,0.899580331922069,0.736327229898596,0.899290139073621,-0.000186679273774849,missense|LC,6080005747,6,80005747,
SIX1,ENSG00000126778,0.899626906114699,0.887653097557144,0.737183921884778,-0.000146042743270759,missense|LC,14060646203,14,60646203,
TMPRSS11F,ENSG00000198092,0.899642583714721,0.78239443345332,0.735667651313309,-0.0000897710048919989,missense|LC,4068053824,4,68053824,
TRIM32,ENSG00000119401,0.899716937790683,1,0.739918526527149,4.55185009747855e-7,missense|LC,9116686614,9,116686614,
BRD7,ENSG00000166164,0.899773235650124,0.76398688587969,0.857567175885025,0.000143474057165215,missense|LC,16050314032,16,50314032,
COPZ1,ENSG00000111481,0.899812275790324,0.818452529673969,0.71734097464227,-0.000472641941497588,missense|LC,12054325038,12,54325038,
SMOC2,ENSG00000112562,0.899905047384901,0.764777389218394,0.972015054457565,-0.000109209143011035,missense|LC,6168441216,6,168441216,
CRCP,ENSG00000241258,0.899939382594108,0.906243619366114,0.745822895672518,-0.000138367628464095,missense|LC,7066114720,7,66114720,
LDLR,ENSG00000130164,0.900047925697309,0.764268811560905,0.863520933671647,0.000111135987522367,missense|LC,19011089485,19,11089485,
PWWP3A,ENSG00000160953,0.900112580621482,0.853418907426861,0.746211054689215,0.0000746561481352858,missense|LC,19001356317,19,1356317,
TCP10L2,ENSG00000166984,0.900191572440337,0.735839063940747,0.913580696639992,-0.000153245529196587,missense|LC,6167172017,6,167172017,
ECHDC1,ENSG00000093144,0.900310307357974,0.725295949007141,0.948452537171895,0.000306737382956709,missense|LC,6127285133,6,127285133,
OR51F1,ENSG00000280021,0.900332363714734,0.768893043487978,0.879119760645479,0.000158810775552964,missense|LC,11004768929,11,4768929,
ART5,ENSG00000167311,0.900450841471421,0.753021402408677,0.973612001921828,0.000115053739472055,missense|LC,11003638641,11,3638641,
DCAF12L1,ENSG00000198889,0.900565895175925,0.838567136790719,0.747028568794943,-0.000139066914074412,missense|LC,23126551124,X,126551124,
DNAJC7,ENSG00000168259,0.900629051929665,0.836558505820136,0.741508659868635,0.000202781863491046,missense|LC,17041971783,17,41971783,
NOS1,ENSG00000089250,0.900739835533438,0.825946487107277,0.720969629609119,-0.0000597742138272599,missense|LC,12117208201,12,117208201,
ANKRD62,ENSG00000181626,0.900745844327107,0.756184327515774,0.944180889933137,0.0000944129542151694,missense|LC,18012092397,18,12092397,
TYW1B,ENSG00000277149,0.900825889936824,0.754530332525643,0.810848768445553,-0.000116692455652467,missense|LC,7072574467,7,72574467,
MAML3,ENSG00000196782,0.900921259965773,0.722808897261752,0.719362051265185,0.0000873425958540219,missense|LC,4139719211,4,139719211,
DDHD1,ENSG00000100523,0.900995188373178,0.714197916106117,0.72797422185895,0.000153566247491317,missense|LC,14053046713,14,53046713,
SEC61A1,ENSG00000058262,0.900999871907398,0.714097323736905,0.925804544701081,0.000632831778060035,missense|LC,3128051528,3,128051528,
OR4F4,ENSG00000177693,0.901080908418594,0.725561041301223,0.751792068927824,-0.000491205005336663,missense|LC,15101922082,15,101922082,
MED12,ENSG00000184634,0.901105042181107,0.7088079075552,0.957046187514506,0.000153883698916503,missense|LC,23071118699,X,71118699,
PUSL1,ENSG00000169972,0.901189640745993,0.81314058693302,0.726580070859878,0.000121032041774732,missense|LC,1001303981,1,1303981,
CALD1,ENSG00000122786,0.901218727262645,0.729051926833087,0.910879029799567,0.000112904396607604,missense|LC,7134867704,7,134867704,
NDUFA10,ENSG00000130414,0.901252430326008,0.756614771515909,0.735191347326124,0.000660515959515438,missense|LC,2239958861,2,239958861,
IRS2,ENSG00000185950,0.901330138918893,0.775325085255001,0.746978972741837,-0.000064871111651291,missense|LC,13109756255,13,109756255,
LCTL,ENSG00000188501,0.901356998586345,0.730671248284895,0.799870577208085,0.000127975433192016,missense|LC,15066546551,15,66546551,
SPATA46,ENSG00000171722,0.90136896978157,0.739968876630344,0.878438343018608,-0.000218341688819327,missense|LC,1162373960,1,162373960,
BMP2K,ENSG00000138756,0.901483789549998,0.722443701800824,0.783573126511278,-0.0000789093154051256,missense|LC,4078776417,4,78776417,
P3R3URF,ENSG00000250719,0.901490615086506,0.72423637980199,0.786177173153325,-0.000464842935509127,missense|LC,1046176128,1,46176128,
C14orf28,ENSG00000179476,0.901707545857421,0.930143861585249,0.719803159737839,0.0000797515302649195,missense|LC,14044900349,14,44900349,
TRIM55,ENSG00000147573,0.901997164962077,0.828563486292178,0.74153833058262,0.0000922330846048827,missense|LC,8066127183,8,66127183,
KCNAB3,ENSG00000170049,0.90199925121708,0.74219615824942,0.931861782980712,0.000202318277336765,missense|LC,17007923034,17,7923034,
CHRNE,ENSG00000108556,0.902007523601344,0.998694842701167,0.747281414065146,-0.00000504917695975136,missense|LC,17004892776,17,4892776,
MICAL3,ENSG00000243156,0.902062440726237,0.982827602242036,0.70888735991907,-0.0000055856667140702,missense|LC,22017790657,22,17790657,
SF3A1,ENSG00000099995,0.902083500294267,0.868832861801131,0.754538759185473,0.000123002362261839,missense|LC,22030326943,22,30326943,
IFT22,ENSG00000128581,0.902098142665094,0.743014964757491,0.815234757801976,0.000339816787563814,missense|LC,7101315043,7,101315043,
KIR3DL1,ENSG00000167633,0.902255859022087,0.723886699683896,0.874906086128042,-0.0000794685375082164,missense|LC,19054813090,19,54813090,
NAGK,ENSG00000124357,0.902401979388065,0.727999432270098,0.724431756961826,-0.000160850155510598,missense|LC,2071068412,2,71068412,
RCBTB2,ENSG00000136161,0.902489833803544,0.904345791695774,0.751089055641524,0.000058375093100819,missense|LC,13048490032,13,48490032,
KCNH1,ENSG00000143473,0.90281512734277,0.74027745809089,0.782061795160808,0.000193129184628416,missense|LC,1210674235,1,210674235,
ZFP36L1,ENSG00000185650,0.902926893383771,0.731943343558907,0.992451273273833,0.000398452275052256,missense|LC,14068789522,14,68789522,
INPP5J,ENSG00000185133,0.903027997552147,0.725545578924404,0.968419893416052,0.000115189458165734,missense|LC,22031122963,22,31122963,
ARHGAP9,ENSG00000123329,0.903053487608069,0.736506764393822,0.898033810768451,-0.000115994267678143,missense|LC,12057467271,12,57467271,
PARPBP,ENSG00000185480,0.903063719999787,0.746199090072338,0.898060546779253,0.00012554238925648,missense|LC,12102115755,12,102115755,
ESCO2,ENSG00000171320,0.903503879053204,1,0.739922979114897,0.00000532334605492126,missense|LC,8027772431,8,27772431,
NAA40,ENSG00000110583,0.903549273776121,0.767207153135929,0.815165848730356,-0.000238761703364741,missense|LC,11063939016,11,63939016,
AFM,ENSG00000079557,0.903568680707354,0.710207381228733,0.818055901255297,-0.000250747656943877,missense|LC,4073481755,4,73481755,
SUDS3,ENSG00000111707,0.903570358353033,0.808942731396501,0.712459165754201,-0.000319782464681289,missense|LC,12118376543,12,118376543,
TMEM219,ENSG00000149932,0.903772805415553,0.93927390001353,0.725449571325854,-0.0000673819415800371,missense|LC,16029963043,16,29963043,
BCL2,ENSG00000171791,0.903976713318216,0.863041041608118,0.725939204755148,0.000285980766519007,missense|LC,18063302260,18,63302260,
ZIM2,ENSG00000269699,0.904011421973152,0.734944843588197,0.775457711712453,0.000115226017271349,missense|LC,19056774534,19,56774534,
TESMIN,ENSG00000132749,0.904051853324335,0.748360905468995,0.841607631852094,-0.0001667126462868,missense|LC,11068708231,11,68708231,
PRKCI,ENSG00000163558,0.904071638146086,0.721561225784451,0.7098014202085,0.000359072437905815,missense|LC,3170222598,3,170222598,
GLE1,ENSG00000119392,0.904136441897889,0.727940880354803,0.90701359221097,-0.00019079832772696,missense|LC,9128499969,9,128499969,
NKD2,ENSG00000145506,0.904275864818267,0.752460671675465,0.734952863568571,0.0000846804580497792,missense|LC,5001009408,5,1009408,
LETM1,ENSG00000168924,0.904277483015932,0.847381335558291,0.736388887848922,0.0000845264868887613,missense|LC,4001806480,4,1806480,
AIDA,ENSG00000186063,0.904318269938859,0.991569120494697,0.722686074211323,0.0000256040674426353,missense|LC,1222663925,1,222663925,
CREB3L3,ENSG00000060566,0.904361506944746,0.764788258487407,0.736715695495743,0.000152095189659299,missense|LC,19004153648,19,4153648,
EIF4ENIF1,ENSG00000184708,0.904373091532528,0.739316555728706,0.775735120446824,0.00012443399109672,missense|LC,22031439759,22,31439759,
GPR15,ENSG00000154165,0.904376900647895,0.734932296885085,0.99205876032853,-0.000195105788230341,missense|LC,3098531955,3,98531955,
MTERF3,ENSG00000156469,0.904406408017099,0.973574945023177,0.725992029555691,0.0000241081896797122,missense|LC,8096234430,8,96234430,
HNRNPH3,ENSG00000096746,0.904485686631487,0.791656270510197,0.708605653064945,-0.000451167319011071,missense|LC,10068337208,10,68337208,
GSTO2,ENSG00000065621,0.904516969347257,0.761981110585261,0.708876513929978,-0.00039912940332199,missense|LC,10104266089,10,104266089,
NEIL3,ENSG00000109674,0.904550312563717,0.752441956917086,0.999340072262252,-0.000100898104892644,missense|LC,4177309839,4,177309839,
SAMHD1,ENSG00000101347,0.904599076358765,0.72783582668695,0.877522832560978,-0.000245875021478781,missense|LC,20036887393,20,36887393,
INO80E,ENSG00000169592,0.904632813395428,0.981902255357554,0.766091171079809,-0.0000614419107139808,missense|LC,16029991244,16,29991244,
CC2D2A,ENSG00000048342,0.904675697880189,0.851863465437449,0.717628838162722,0.0000650262836025166,missense|LC,4015475868,4,15475868,
SSR4,ENSG00000180879,0.904739925336108,0.971456601040609,0.724420411732335,0.0000570271408528201,missense|LC,23153789705,X,153789705,
EHD2,ENSG00000024422,0.904759640490104,0.783571454234681,0.726474555734391,-0.000144528077947378,missense|LC,19047716504,19,47716504,
ZNF75A,ENSG00000162086,0.904883362130388,0.936304484174792,0.710722814375102,0.0000765639195592385,missense|LC,16003300471,16,3300471,
MC4R,ENSG00000166603,0.904935344245341,0.715128053262384,0.946216186562495,-0.000284155774312345,missense|LC,18060371278,18,60371278,
OR7G2,ENSG00000170923,0.905019382511828,0.743171805878259,0.741325069244603,-0.000302912192328108,missense|LC,19009102205,19,9102205,
ARPP21,ENSG00000172995,0.905031217118386,0.753594866571669,0.909946314060236,-0.000108211145993033,missense|LC,3035681701,3,35681701,
BAZ2B,ENSG00000123636,0.905035537210183,0.821953480435558,0.7367960764301,-0.0000661534764907417,missense|LC,2159320180,2,159320180,
PTPRG,ENSG00000144724,0.905116997423695,0.951723825382229,0.737518103733076,0.0000648258550305872,missense|LC,3061562221,3,61562221,
LEPR,ENSG00000116678,0.905184004496102,0.725570747350245,0.72436294049055,-0.000173740837818596,missense|LC,1065420620,1,65420620,
MAP3K9,ENSG00000006432,0.905223759506429,0.715302112065055,0.840266454676073,0.000136446547981528,missense|LC,14070730246,14,70730246,
OLA1,ENSG00000138430,0.905300532175116,0.753254706558411,0.911619442867603,-0.000280749593970448,missense|LC,2174075407,2,174075407,
NINL,ENSG00000101004,0.905306256592387,0.825523406971434,0.714919959193313,0.0000599525121261906,missense|LC,20025453385,20,25453385,
ADPRS,ENSG00000116863,0.905366349632652,0.954095075643941,0.741741191579356,0.0000338861472459486,missense|LC,1036084804,1,36084804,
DNAJC5,ENSG00000101152,0.905444633080388,0.741011851713947,0.764865949638504,0.000413626522088021,missense|LC,20063890127,20,63890127,
SEC14L3,ENSG00000100012,0.905562189903885,0.780419041398899,0.731957373801433,-0.00018656898041503,missense|LC,22030459229,22,30459229,
ENO4,ENSG00000188316,0.905614678852958,0.886516004158475,0.751874302901221,0.0000648677204196868,missense|LC,10116849429,10,116849429,
FHL2,ENSG00000115641,0.905729679632346,0.939438169407079,0.763442892241419,-0.0000520807089968252,missense|LC,2105361199,2,105361199,
RPLP1,ENSG00000137818,0.905731570609673,0.743213283660922,0.773626799058294,-0.000660758778391789,missense|LC,15069447821,15,69447821,
FNDC11,ENSG00000125531,0.905770446880268,0.729196071118173,0.807695440107638,-0.000192239818139521,missense|LC,20063555505,20,63555505,
PALM,ENSG00000099864,0.905897199159466,0.763311232484045,0.925812763004912,-0.000122168041087734,missense|LC,19000711125,19,711125,
LOXL1,ENSG00000129038,0.905981073831776,0.748543258301126,0.854532046115347,-0.000142303665813017,missense|LC,15073926662,15,73926662,
ERCC4,ENSG00000175595,0.906135519308756,0.732843533696673,0.817682712426795,0.000104142287857816,missense|LC,16013920092,16,13920092,
SLC15A3,ENSG00000110446,0.906394393718014,0.71110073355278,0.909220098600427,-0.000176622626351965,missense|LC,11060932085,11,60932085,
EPHA3,ENSG00000044524,0.906486033693297,0.723448809906604,0.752766660042271,-0.000173484326837929,missense|LC,3089107688,3,89107688,
SOS2,ENSG00000100485,0.906732523689276,0.719688500073549,0.823117704761004,-0.000162781053113649,missense|LC,14050112130,14,50112130,
PDE4C,ENSG00000105650,0.90698037352444,0.737727722604322,0.776559802388645,-0.000163467665370651,missense|LC,19018210762,19,18210762,
AC008397.2,ENSG00000285188,0.90698037352444,0.737727722604322,0.776559802388645,-0.000163467665370651,missense|LC,19018210762,19,18210762,
KRTAP21-3,ENSG00000231068,0.907186349766016,0.915118138226411,0.765126121557044,0.000130600816264842,missense|LC,21030718451,21,30718451,
KCTD14,ENSG00000151364,0.907400981238823,0.921755992016233,0.730824117282875,0.00007189613893511,missense|LC,11078016528,11,78016528,
ANGPT1,ENSG00000154188,0.907439015704445,0.925383835031865,0.723373825121667,0.0000870852131671467,missense|LC,8107251746,8,107251746,
RABEP2,ENSG00000177548,0.90746609171134,0.923497251878198,0.725218777273419,0.0000503847774000429,missense|LC,16028900497,16,28900497,
CEND1,ENSG00000184524,0.907557165556076,0.735469707174956,0.887321154381881,0.000410618841915471,missense|LC,11000788065,11,788065,
FANCI,ENSG00000140525,0.907964680770367,0.971577569224947,0.742102122712138,0.0000132995091471854,missense|LC,15089247596,15,89247596,
NAA11,ENSG00000156269,0.907982659805122,0.72598492267785,0.896629480282845,0.000402166888950339,missense|LC,4079325108,4,79325108,
NICN1,ENSG00000145029,0.908153279073408,0.729048634014838,0.976776431119071,0.000451551020704563,missense|LC,3049417334,3,49417334,
AC104452.1,ENSG00000283189,0.908153279073408,0.729048634014838,0.976776431119071,0.000451551020704563,missense|LC,3049412314,3,49412314,
AGR2,ENSG00000106541,0.908169412379418,0.810218453028092,0.721009660577055,-0.000488968094291781,missense|LC,7016792854,7,16792854,
CHCHD1,ENSG00000172586,0.90858920480993,0.760814943891598,0.726352349165676,-0.000642926348791441,missense|LC,10073781897,10,73781897,
HIF1AN,ENSG00000166135,0.908944228035059,0.715053550509786,0.885762720805793,-0.00056260290894796,missense|LC,10100535868,10,100535868,
IDO2,ENSG00000188676,0.909011511485742,0.774181638792795,0.762116019175805,0.000222680099415457,missense|LC,8039935135,8,39935135,
DDIAS,ENSG00000165490,0.90907456552057,1,0.75017445347145,0.00000261364854846513,missense|LC,11082900132,11,82900132,
SMIM8,ENSG00000111850,0.909130622418938,0.843546846474579,0.764465786416641,0.000191972100217785,missense|LC,6087336932,6,87336932,
GFY,ENSG00000261949,0.909235012302831,0.733069427141363,0.945651005511068,0.000188001934141282,missense|LC,19049422370,19,49422370,
AREG,ENSG00000109321,0.909290323927251,0.722170569439247,0.807443090395516,0.000375349220337183,missense|LC,4074445156,4,74445156,
AL033529.1,ENSG00000254553,0.909484577472621,0.755646710828835,0.927812864361268,-0.00019840105705061,missense|LC,1032470549,1,32470549,
NR0B2,ENSG00000131910,0.909557841191352,0.721845310756196,0.755570771881813,0.000298425611980444,missense|LC,1026911749,1,26911749,
SPANXN5,ENSG00000204363,0.909564151806228,0.896795632250381,0.749407502360494,-0.000508959866061847,missense|LC,23052796412,X,52796412,
CYRIB,ENSG00000153310,0.909603757668055,0.73399922721393,0.958646965481933,0.000744805939044919,missense|LC,8129842102,8,129842102,
SCARA3,ENSG00000168077,0.909873479338835,0.721157300651069,0.736995471948562,-0.000189116792668205,missense|LC,8027634100,8,27634100,
IRAG2,ENSG00000118308,0.909893262002094,0.851301821741539,0.750926739868252,-0.000156359173937703,missense|LC,12025069367,12,25069367,
PCNX4,ENSG00000126773,0.909893432394373,0.738967879843338,0.956121463918548,0.000103827687207276,missense|LC,14060107567,14,60107567,
SNX22,ENSG00000157734,0.910040598869436,0.737726435298452,0.764630197618305,0.000372131183623893,missense|LC,15064151691,15,64151691,
CNMD,ENSG00000136110,0.910313774655304,0.763339673346821,0.785449598324759,-0.000172214708569141,missense|LC,13052703560,13,52703560,
AL159163.1,ENSG00000249141,0.910563907327252,0.729921795776625,0.825825899582504,-0.000512943195392773,missense|LC,6166858190,6,166858190,
PRR7,ENSG00000131188,0.910690277039823,1,0.764941825638194,-0.00000926933028509057,missense|LC,5177441818,5,177441818,
CCDC149,ENSG00000181982,0.911067153709283,0.961840807973625,0.743533019942539,0.0000303294074802467,missense|LC,4024808302,4,24808302,
ADI1,ENSG00000182551,0.911098125580799,0.890989901677843,0.754085399784225,-0.0000805914240435169,missense|LC,2003498807,2,3498807,
RALGAPA1,ENSG00000174373,0.911382932276432,0.931910784676715,0.748714734531618,0.0000254651806012571,missense|LC,14035534088,14,35534088,
DNAJC14,ENSG00000135392,0.911416412818485,0.755901505502375,0.727334406744615,0.00019974473307229,missense|LC,12055817597,12,55817597,
ZNF721,ENSG00000182903,0.911572689234512,0.810099751618301,0.746052117618789,-0.0000679678829041229,missense|LC,4000441627,4,441627,
AC131160.1,ENSG00000283765,0.911782479455944,0.976824887716186,0.719558466279585,-0.0000322173706810053,missense|LC,3183810576,3,183810576,
CABCOCO1,ENSG00000183346,0.912105291099695,0.727387273087419,0.998091404692165,-0.000452450358724814,missense|LC,10061672748,10,61672748,
CPXM2,ENSG00000121898,0.912115808910314,0.738219510398117,0.910844782988251,-0.000101381868979232,missense|LC,10123746695,10,123746695,
EXOSC9,ENSG00000123737,0.912251689672935,0.721110697149966,0.900675461060191,0.000308232794891132,missense|LC,4121801356,4,121801356,
PFDN2,ENSG00000143256,0.912517822766347,0.746130170022647,0.768263132583432,0.000440401265185995,missense|LC,1161098449,1,161098449,
SLIT3,ENSG00000184347,0.912548236887507,0.92277807549034,0.728530257751097,0.0000394549048666564,missense|LC,5168666362,5,168666362,
PVALB,ENSG00000100362,0.912677367935675,1,0.733530254395442,-0.00000356790712526587,missense|LC,22036800812,22,36800812,
RBMS2,ENSG00000076067,0.912903980668298,1,0.733847148427473,0.00000138008099004326,missense|LC,12056522011,12,56522011,
PITPNA,ENSG00000174238,0.912905571644242,0.726352720650762,0.75226209423752,-0.000743573280421634,missense|LC,17001513411,17,1513411,
RASSF2,ENSG00000101265,0.913187161052869,0.736050200064052,0.793608100673614,0.000305646471622414,missense|LC,20004784204,20,4784204,
RBM44,ENSG00000177483,0.913249721847459,0.732110188152936,0.788690124967511,0.000132576076129199,missense|LC,2237813585,2,237813585,
CCDC114,ENSG00000105479,0.913255671362859,0.944899369225116,0.763656238049614,-0.0000289895791494562,missense|LC,19048296691,19,48296691,
MROH8,ENSG00000101353,0.913323181792825,0.765342703254,0.87905378607565,0.000137818258708362,missense|LC,20037102583,20,37102583,
ANXA3,ENSG00000138772,0.913368281136872,0.757297704028631,0.794483167930929,-0.000183800492919188,missense|LC,4078554418,4,78554418,
KLHL3,ENSG00000146021,0.913732134760558,0.728450150373764,0.743690453117626,-0.000301465571294771,missense|LC,5137622019,5,137622019,
ADRB1,ENSG00000043591,0.913735094864817,0.867866429552239,0.726506959634026,0.000113901763610146,missense|LC,10114044038,10,114044038,
PIP5KL1,ENSG00000167103,0.913923160185745,0.958795492945666,0.752182367605948,0.0000324719399130504,missense|LC,9127916303,9,127916303,
S100A8,ENSG00000143546,0.913956645495819,0.740438389877629,0.744972508344476,-0.00090625589881241,missense|LC,1153390040,1,153390040,
NDUFAF1,ENSG00000137806,0.913979516012479,0.76277609908668,0.790968540851397,-0.000166868160412926,missense|LC,15041387371,15,41387371,
NUTF2,ENSG00000102898,0.914026763317944,0.754905787249617,0.766337033903691,-0.00131405488050746,missense|LC,16067842465,16,67842465,
PTPRN2,ENSG00000155093,0.914127612660862,0.735221414227333,0.852159839227501,0.000211031861233905,missense|LC,7157540660,7,157540660,
CKMT1A,ENSG00000223572,0.91419532302428,0.913375270943004,0.730009785396267,0.000174962585754011,missense|LC,15043696176,15,43696176,
PELO,ENSG00000152684,0.914212027842226,0.722314507578283,0.734921844417443,0.000433366304940874,missense|LC,5052788286,5,52788286,
POLR2F,ENSG00000100142,0.91441361367954,0.755354245958316,0.787626778831257,-0.000397190544512272,missense|LC,22037951404,22,37951404,
KLF12,ENSG00000118922,0.914539902192952,0.822592802466807,0.723599240638866,0.000242279686006248,missense|LC,13073695422,13,73695422,
DNAJC18,ENSG00000170464,0.914589853888386,0.935117019478443,0.746416969679002,-0.0000590727041350052,missense|LC,5139414018,5,139414018,
CPEB2,ENSG00000137449,0.914634168653082,0.745981982183822,0.84655447387161,-0.0000920889002398564,missense|LC,4015002674,4,15002674,
ANAPC11,ENSG00000141552,0.914758704754356,0.748684781145197,0.793508932567684,-0.000455677239979287,missense|LC,17081888021,17,81888021,
AP3B2,ENSG00000103723,0.915169375707768,0.724062759159831,0.925057180813468,0.000200082347350481,missense|LC,15082659442,15,82659442,
SIKE1,ENSG00000052723,0.915205470041826,0.740810604090821,0.846397138603535,0.000405104274321921,missense|LC,1114774234,1,114774234,
CCDC66,ENSG00000180376,0.915220077046002,0.866276869678649,0.752712054189971,0.0000739327867964779,missense|LC,3056557122,3,56557122,
N4BP2L2,ENSG00000244754,0.915844222438274,0.826558069201418,0.761235623918213,0.000141237718230692,missense|LC,13032427836,13,32427836,
SPDYE1,ENSG00000136206,0.915936873256406,0.734634589546785,0.879044372098863,0.000241770732951728,missense|LC,7044000891,7,44000891,
TMEM87B,ENSG00000153214,0.916154097622597,0.880853533227262,0.731828693014363,-0.000103573496776677,missense|LC,2112055475,2,112055475,
EFCC1,ENSG00000114654,0.916452849818,0.742902326554409,0.827938630433,-0.000159281465907715,missense|LC,3129001481,3,129001481,
CTDP1,ENSG00000060069,0.916580668030298,0.763661198305396,0.726391585273641,0.000132514037894562,missense|LC,18079679852,18,79679852,
MMP11,ENSG00000099953,0.916818286987571,0.888069964978181,0.756774734179075,-0.0000546290102456412,missense|LC,22023767850,22,23767850,
DNM3,ENSG00000197959,0.917455992243018,0.83530581347133,0.737590185951602,-0.000349147068729721,missense|LC,1171841523,1,171841523,
NCCRP1,ENSG00000188505,0.917752621756135,0.96038914291933,0.740561555198861,-0.0000356610066328994,missense|LC,19039196891,19,39196891,
H2AC8,ENSG00000277075,0.918136177642113,0.870023243767673,0.731387465584839,0.000374486379298128,missense|LC,6026216151,6,26216151,
DERL3,ENSG00000099958,0.918139525108762,0.869469167054763,0.737591015537891,0.000173037987175443,missense|LC,22023833462,22,23833462,
GALNT16,ENSG00000100626,0.918192653135882,0.765458416339738,0.861050118354527,-0.000145359819215504,missense|LC,14069260230,14,69260230,
FAT1,ENSG00000083857,0.918307535249542,0.859455963601163,0.729559978976153,-0.0000260642829756343,missense|LC,4186588482,4,186588482,
RADX,ENSG00000147231,0.918326264967558,0.758379774880821,0.934628107979283,-0.000155044268046282,missense|LC,23106612008,X,106612008,
DDX5,ENSG00000108654,0.918574877620598,0.879135510513069,0.732207037406124,0.00016123035916183,missense|LC,17064496369,17,64496369,
NFYC,ENSG00000066136,0.918690698914797,0.739410968244713,0.768456730995875,0.000376452177305622,missense|LC,1040738840,1,40738840,
PRR32,ENSG00000183631,0.918787104380501,0.747089809805938,0.952561033774856,0.000179216284108716,missense|LC,23126819789,X,126819789,
ZNF585A,ENSG00000196967,0.918840968975998,0.917740524127728,0.76767085440308,-0.0000565520260508258,missense|LC,19037151502,19,37151502,
NPM1,ENSG00000181163,0.918851064681987,0.739757257848362,0.884142802525974,0.000449537285467388,missense|LC,5171387881,5,171387881,
RAP2A,ENSG00000125249,0.919444312983394,0.743794937220559,0.909885500103829,0.000713681782015919,missense|LC,13097434352,13,97434352,
OLFML2A,ENSG00000185585,0.919511757417688,0.802855725608413,0.746835523250537,-0.0000931906676677354,missense|LC,9124777256,9,124777256,
PRXL2B,ENSG00000157870,0.919707151755962,0.795224062707305,0.74897034977712,0.000222458120638933,missense|LC,1002586658,1,2586658,
NIBAN3,ENSG00000167483,0.919868412868024,0.760461262634863,0.979802955142143,0.000121078566713904,missense|LC,19017520833,19,17520833,
TTLL13P,ENSG00000213471,0.920085200093541,0.954849903784818,0.73088291745906,-0.0000332911877080082,missense|LC,15090250517,15,90250517,
ASZ1,ENSG00000154438,0.920399663600766,0.927033288061364,0.764638475273817,0.0000520065782099394,missense|LC,7117363521,7,117363521,
ZNF79,ENSG00000196152,0.920566710643295,0.736727777750509,0.935344684590582,0.00023531102405862,missense|LC,9127424656,9,127424656,
FBH1,ENSG00000134452,0.920765565002249,0.819710982462251,0.756239958005392,0.000122895313861817,missense|LC,10005889387,10,5889387,
UBALD2,ENSG00000185262,0.920994688253867,0.77072443272914,0.746203623108905,0.000688336773886429,missense|LC,17076265357,17,76265357,
AHDC1,ENSG00000126705,0.921097612321594,0.770102872129019,0.760298811466257,-0.0000776490098896866,missense|LC,1027547214,1,27547214,
SYK,ENSG00000165025,0.921118319126581,0.839150654926751,0.747984945668035,0.000166894457891094,missense|LC,9090843789,9,90843789,
DTNA,ENSG00000134769,0.921376563087665,0.808668196549392,0.762191387303423,0.000154538609465379,missense|LC,18034755912,18,34755912,
SLC22A4,ENSG00000197208,0.921404640706622,0.757175404343933,0.790792711585062,-0.000201900791126475,missense|LC,5132294493,5,132294493,
HVCN1,ENSG00000122986,0.921477116637526,0.782601091161044,0.767136544344207,0.000258524934470835,missense|LC,12110644857,12,110644857,
CFAP99,ENSG00000206113,0.921642902611861,0.897002528064593,0.758888093147823,-0.0000390988630225593,missense|LC,4002418195,4,2418195,
UBE2V1,ENSG00000244687,0.921738516011755,0.756351946884493,0.762125217306749,0.000520455640992445,missense|LC,20050082607,20,50082607,
C4orf54,ENSG00000248713,0.921846695758211,0.82082332989065,0.75384421077567,-0.0000557907067084353,missense|LC,4099649150,4,99649150,
DRAP1,ENSG00000175550,0.921846719677324,0.752786291352019,0.830429672174331,0.00036562145155664,missense|LC,11065917369,11,65917369,
CTDSPL2,ENSG00000137770,0.92199845280375,0.744300078974439,0.897354906024562,-0.000380606149796881,missense|LC,15044458941,15,44458941,
YTHDC2,ENSG00000047188,0.922065451334362,1,0.761619491343279,5.36342972501761e-7,missense|LC,5113513788,5,113513788,
PRPF31,ENSG00000105618,0.922235080186202,0.910454831736406,0.742527600353617,-0.0000929507555183525,missense|LC,19054114292,19,54114292,
APP,ENSG00000142192,0.922768091384149,0.958929143880436,0.740990929017649,0.0000475885667586118,missense|LC,21025881581,21,25881581,
IFNGR1,ENSG00000027697,0.923080539590066,0.747093489289756,0.78777479105856,-0.000269507673935038,missense|LC,6137197923,6,137197923,
WEE2,ENSG00000214102,0.923228975718786,0.741419351765665,0.95044958294538,-0.000248103206493477,missense|LC,7141708695,7,141708695,
ZXDB,ENSG00000198455,0.923399166997589,0.759786079473373,0.895757308184571,-0.0000823482918165009,missense|LC,23057591887,X,57591887,
CTRB1,ENSG00000168925,0.923451527862089,0.754274106350001,0.984987650542426,0.000348241259394987,missense|LC,16075218916,16,75218916,
CFAP61,ENSG00000089101,0.923558894951048,0.749201524487155,0.766934000443487,-0.000101411940830508,missense|LC,20020047683,20,20047683,
CCR5,ENSG00000160791,0.923646492003068,0.940051707095334,0.764644004875675,-0.0000305710552616914,missense|LC,3046372846,3,46372846,
NOTCH1,ENSG00000148400,0.92376210063812,0.786195866215042,0.742719068235929,-0.0000606449551434315,missense|LC,9136495974,9,136495974,
C16orf74,ENSG00000154102,0.923978288767974,0.778018111985415,0.764917002545324,-0.000765740849560963,missense|LC,16085707940,16,85707940,
CHST6,ENSG00000183196,0.924115310177456,0.925307690608629,0.748215117256739,-0.0000495467425801555,missense|LC,16075478563,16,75478563,
USP36,ENSG00000055483,0.924200387054388,0.78266673566705,0.75599786021891,-0.0000686168291713992,missense|LC,17078798282,17,78798282,
PYCR2,ENSG00000143811,0.925281691844181,0.825130131487327,0.742731106984493,0.000255820634652348,missense|LC,1225920373,1,225920373,
CYB5R1,ENSG00000159348,0.925284459192679,0.74603774671776,0.89561382862357,-0.000384880631089942,missense|LC,1202962423,1,202962423,
DPPA4,ENSG00000121570,0.925483413614529,0.806981129624492,0.761112927156875,0.000289364103291582,missense|LC,3109327951,3,109327951,
ATP6AP2,ENSG00000182220,0.925526697710158,0.965683336780418,0.749949432247548,-0.0000611284638114346,missense|LC,23040580975,X,40580975,
MCM8,ENSG00000125885,0.925803732971373,0.927136991736411,0.76454931600667,-0.0000309362779674708,missense|LC,20005946300,20,5946300,
SOX9,ENSG00000125398,0.925903751798061,0.97849475667546,0.767975679606583,-0.000024916937607139,missense|LC,17072121326,17,72121326,
B4GALT6,ENSG00000118276,0.926702161769024,0.745630821349079,0.780091902446277,-0.00035615259547255,missense|LC,18031625522,18,31625522,
REV3L,ENSG00000009413,0.927174991282429,0.978968138921193,0.748326047970807,0.00000782870354992592,missense|LC,6111299933,6,111299933,
CEBPZ,ENSG00000115816,0.927477369583412,0.801097192643303,0.768331132255799,0.0000807697253274253,missense|LC,2037201783,2,37201783,
CRYBG3,ENSG00000080200,0.92840555345089,0.804343135877447,0.75704389577886,0.0000396151146720795,missense|LC,3097822114,3,97822114,
TMEM248,ENSG00000106609,0.928874099260367,0.886591946090676,0.759165607804056,0.000165311806652125,missense|LC,7066941764,7,66941764,
FLACC1,ENSG00000155749,0.929244086697508,0.885942526732399,0.75514952166171,0.000107537481343162,missense|LC,2201284738,2,201284738,
M6PR,ENSG00000003056,0.929344109903977,0.761487686026455,0.959095995806446,-0.000337064061700828,missense|LC,12008936836,12,8936836,
ZMYM3,ENSG00000147130,0.930151634135323,0.759241473454287,0.745889256267596,0.000226914865232734,missense|LC,23071240850,X,71240850,
EIF2B1,ENSG00000111361,0.930373010594694,0.7599922653994,0.857877937418688,-0.0004038027889364,missense|LC,12123615407,12,123615407,
NLRP1,ENSG00000091592,0.930597975956737,0.839690571065854,0.768346757036929,0.0000444499274100891,missense|LC,17005512222,17,5512222,
USP38,ENSG00000170185,0.931296715919934,0.911557204012956,0.74906485065883,0.0000737227965573697,missense|LC,4143185347,4,143185347,
CD53,ENSG00000143119,0.932125705462514,0.911699888269807,0.764141916113869,-0.000159645923328701,missense|LC,1110891365,1,110891365,
TPRX1,ENSG00000178928,0.932532406524452,0.767067901768762,0.817365540490743,0.000150270821984183,missense|LC,19047801673,19,47801673,
ZNF410,ENSG00000119725,0.933207768694053,0.767922049014604,0.988403403131996,0.000296758569663269,missense|LC,14073882390,14,73882390,
CUL3,ENSG00000036257,0.933984468383809,0.759712657251737,0.798535463388838,0.000384617227484519,missense|LC,2224474172,2,224474172,
GDAP1L1,ENSG00000124194,0.93471621054393,0.765983443184932,0.791208916417664,0.000236884461656613,missense|LC,20044247257,20,44247257,
POLR3E,ENSG00000058600,0.935286550245618,0.830988541143612,0.763064794677975,0.000121424730513888,missense|LC,16022302912,16,22302912,
CHD5,ENSG00000116254,0.935836871232191,0.789891315081356,0.76841870285087,0.0000915507168238711,missense|LC,1006096770,1,6096770,
TSPAN6,ENSG00000000003,1,0.918401516486708,0.959526033101824,0.0000912817031674181,missense|LC,23100629912,X,100629912,
BAD,ENSG00000002330,1,0.957666564108924,0.85471302003638,0.0000645061424329642,missense|LC,11064264874,11,64264874,
MAD1L1,ENSG00000002822,1,0.953950226186563,0.778823943294893,0.0000341802506895972,missense|LC,7001815964,7,1815964,
SLC25A13,ENSG00000004864,1,0.796811399538589,0.927266578250941,0.000190534796204997,missense|LC,7096121112,7,96121112,
CIAPIN1,ENSG00000005194,1,0.931279236435603,0.871008852322767,-0.000050453868834294,missense|LC,16057429136,16,57429136,
PRKAR2B,ENSG00000005249,1,1,0.965889321058933,0.0000138959715225221,missense|LC,7107044818,7,107044818,
WDR54,ENSG00000005448,1,0.801347141974476,0.834927875448719,-0.000117663842999695,missense|LC,2074417293,2,74417293,
TMEM132A,ENSG00000006118,1,0.787812644758455,0.946712555171162,-0.0000596235480350155,missense|LC,11060919640,11,60919640,
CEACAM21,ENSG00000007129,1,0.940054834598814,0.976397529903167,-0.0000419355721492428,missense|LC,19041576179,19,41576179,
CEACAM7,ENSG00000007306,1,0.778309760208319,0.981303937097283,-0.000255755771569032,missense|LC,19041677373,19,41677373,
TSR3,ENSG00000007520,1,0.818852010873669,0.800476074988882,-0.000113003174848484,missense|LC,16001344246,16,1344246,
ADAM22,ENSG00000008277,1,0.907321710033967,0.984412875965975,0.000185937728897824,missense|LC,7087934391,7,87934391,
SS18L2,ENSG00000008324,1,0.856671884036947,0.961566613883287,-0.000312599525344266,missense|LC,3042590860,3,42590860,
ST3GAL1,ENSG00000008513,1,1,0.810512810501329,-0.00000310077605878338,missense|LC,8133459646,8,133459646,
SEC62,ENSG00000008952,1,0.822845491355648,0.816037362201065,0.0000967265606237273,missense|LC,3169966709,3,169966709,
AQR,ENSG00000021776,1,0.818428604595648,0.901903198304777,0.000108808525481617,missense|LC,15034856721,15,34856721,
TBPL1,ENSG00000028839,1,0.977733777107763,0.995706387071089,-0.0000235929638451438,missense|LC,6133980024,6,133980024,
IBSP,ENSG00000029559,1,0.982964549872066,0.947469196162191,0.0000169657186110255,missense|LC,4087802321,4,87802321,
FAM13B,ENSG00000031003,1,0.804510328252987,0.884842576068541,-0.000170880133329479,missense|LC,5137935790,5,137935790,
SH3YL1,ENSG00000035115,1,0.855873252964062,0.836874150031662,-0.000114575747557112,missense|LC,2000218749,2,218749,
ADSS2,ENSG00000035687,1,0.887579361094354,0.869862387149677,0.000159495953929798,missense|LC,1244409546,1,244409546,
CTNS,ENSG00000040531,1,0.904098179452917,0.944871090502458,-0.0000600574328003881,missense|LC,17003635963,17,3635963,
PHF23,ENSG00000040633,1,0.969289495258456,0.899986165192122,0.0000262775818347057,missense|LC,17007230038,17,7230038,
INPP4A,ENSG00000040933,1,1,0.778045908208355,0.00000201547080174115,missense|LC,2098519990,2,98519990,
KIAA0556,ENSG00000047578,1,0.98486174907648,0.836638497286407,-0.00000596834000490643,missense|LC,16027545275,16,27545275,
MRPS10,ENSG00000048544,1,0.797622420234319,0.983073459490049,0.000172887006865609,missense|LC,6042208253,6,42208253,
COL23A1,ENSG00000050767,1,0.836409462314012,0.786263360817205,0.0000792223437131393,missense|LC,5178232620,5,178232620,
MRTO4,ENSG00000053372,1,0.813187355247813,0.839522624544878,0.00020836757350278,missense|LC,1019251357,1,19251357,
NNAT,ENSG00000053438,1,0.918435216235787,0.990341374396859,-0.000271881331579065,missense|LC,20037518784,20,37518784,
USE1,ENSG00000053501,1,0.983487557795569,0.84005318528543,0.0000233025626160835,missense|LC,19017210358,19,17210358,
TRAPPC3,ENSG00000054116,1,0.772564744317003,0.931368709915098,-0.000402772721358317,missense|LC,1036137107,1,36137107,
FAM168A,ENSG00000054965,1,1,0.896122983063394,0.0000154060725214501,missense|LC,11073407470,11,73407470,
SLC6A16,ENSG00000063127,1,0.974210202944181,0.848317143069777,-0.0000122314029562832,missense|LC,19049290035,19,49290035,
ZNF275,ENSG00000063587,1,0.780979476390639,0.975517428489499,-0.000114101173731334,missense|LC,23153336611,X,153336611,
ST3GAL6,ENSG00000064225,1,0.820070456599877,0.862875125821288,0.000183601659568806,missense|LC,3098732769,3,98732769,
NTHL1,ENSG00000065057,1,0.891236183916113,0.777832451914203,-0.0000776132251507194,missense|LC,16002035321,16,2035321,
ANKRD44,ENSG00000065413,1,0.873507542340799,0.910809566377918,-0.000247882401321108,missense|LC,2196986621,2,196986621,
MPPED2,ENSG00000066382,1,0.903028634495144,0.886592696039421,0.000150035399358824,missense|LC,11030410025,11,30410025,
TRMT11,ENSG00000066651,1,0.961662188813705,0.95755042945189,0.0000698115465002166,missense|LC,6125986468,6,125986468,
IFT80,ENSG00000068885,1,0.957693267006521,0.943312260414033,-0.0000371747394772604,missense|LC,3160258423,3,160258423,
NUP133,ENSG00000069248,1,0.825629452027834,0.825997979552296,0.0000669274979024662,missense|LC,1229441840,1,229441840,
KCNAB2,ENSG00000069424,1,0.986532021232683,0.879332344608309,0.0000136573467949934,missense|LC,1006045923,1,6045923,
PLA2G10,ENSG00000069764,1,0.952329028239857,0.815426858505213,-0.000174392749725067,missense|LC,16014667557,16,14667557,
PIGB,ENSG00000069943,1,0.772145269884887,0.792193803551247,-0.000228341263328822,missense|LC,15055319131,15,55319131,
CNGB1,ENSG00000070729,1,0.886468530440099,0.870998553535057,-0.0000386672137866698,missense|LC,16057884045,16,57884045,
RPS6KA6,ENSG00000072133,1,0.814503208612425,0.795096937944347,0.000156116126368612,missense|LC,23084064211,X,84064211,
MARK2,ENSG00000072518,1,0.909734522611388,0.862190016087668,-0.0000611237914963998,missense|LC,11063839467,11,63839467,
LLGL2,ENSG00000073350,1,0.857297430001595,0.827701256769014,0.0000488865223854367,missense|LC,17075521356,17,75521356,
TSG101,ENSG00000074319,1,0.877591427335111,0.83912949960264,0.000149531783824114,missense|LC,11018475415,11,18475415,
SLC24A1,ENSG00000074621,1,0.812476191277354,0.854964875254284,0.0000805570899272853,missense|LC,15065624008,15,65624008,
ZNF532,ENSG00000074657,1,0.897968489067658,0.93077860671495,-0.0000415949516891514,missense|LC,18058916631,18,58916631,
ANO8,ENSG00000074855,1,0.951188777647896,0.790862530069744,-0.0000198079150659716,missense|LC,19017319489,19,17319489,
TIMM21,ENSG00000075336,1,0.904902419077053,0.970378296272404,0.0000937675959977215,missense|LC,18074147417,18,74147417,
REXO2,ENSG00000076043,1,0.981730848590413,0.777816891641375,-0.0000154149178024673,missense|LC,11114439401,11,114439401,
PAG1,ENSG00000076641,1,0.972103268752888,0.9144264762509,-0.0000337058629332079,missense|LC,8080976465,8,80976465,
DNAJC10,ENSG00000077232,1,0.902608315404002,0.835671215348789,0.0000378898390357561,missense|LC,2182718035,2,182718035,
SIRT6,ENSG00000077463,1,0.867641034129233,0.929326392280697,0.0000536924704948388,missense|LC,19004170069,19,4170069,
PCM1,ENSG00000078674,1,0.889442797957865,0.926177116956323,0.0000348325372901598,missense|LC,8017935619,8,17935619,
RIMS1,ENSG00000079841,1,0.917692039105349,0.886112397245027,0.000231646139069995,missense|LC,6071887026,6,71887026,
SCTR,ENSG00000080293,1,0.891913349663682,0.824578636953625,0.0000423931216227681,missense|LC,2119436832,2,119436832,
NDC80,ENSG00000080986,1,0.873832372543694,0.883524641279089,0.0000864317327596788,missense|LC,18002566758,18,2566758,
CACNA1S,ENSG00000081248,1,0.862699039698503,0.779688655835645,-0.0000388150357186717,missense|LC,1201039719,1,201039719,
ZNF510,ENSG00000081386,1,0.951249290012993,0.907042935369974,-0.000016558695501135,missense|LC,9096758689,9,96758689,
DUSP12,ENSG00000081721,1,0.95368718586319,0.790904650349651,0.0000331326564176857,missense|LC,1161749707,1,161749707,
ATP8B1,ENSG00000081923,1,1,0.818578150521447,-0.00000177788026361759,missense|LC,18057648415,18,57648415,
PALB2,ENSG00000083093,1,0.815949426186411,0.840987394801587,-0.0000773539796964976,missense|LC,16023603411,16,23603411,
SSH1,ENSG00000084112,1,0.923868305701051,0.880106919416209,0.0000323903426228797,missense|LC,12108787883,12,108787883,
WDR47,ENSG00000085433,1,0.930835096979908,0.828985831641691,-0.0000533932547888622,missense|LC,1108971311,1,108971311,
ABCB1,ENSG00000085563,1,0.992843989514486,0.887154444129044,0.00000767039449109469,missense|LC,7087504135,7,87504135,
CPNE3,ENSG00000085719,1,0.831000945038446,0.849357735929512,-0.0000921473585595224,missense|LC,8086514176,8,86514176,
EIF2AK1,ENSG00000086232,1,0.880308539794026,0.935304900557383,-0.0000802197527163864,missense|LC,7006017738,7,6017738,
SNX10,ENSG00000086300,1,0.961701003916051,0.854625626151705,0.0000816643570673902,missense|LC,7026346390,7,26346390,
NLK,ENSG00000087095,1,0.931009276162085,0.781113800971935,-0.0000583237000484574,missense|LC,17028042798,17,28042798,
UIMC1,ENSG00000087206,1,1,0.787524052734753,-0.00000216667704523863,missense|LC,5176905184,5,176905184,
CETP,ENSG00000087237,1,0.788646220150342,0.810361705858517,-0.00014078781342243,missense|LC,16056961944,16,56961944,
RTRAF,ENSG00000087302,1,0.820192478397893,0.872500799375593,0.000242159772494698,missense|LC,14051989545,14,51989545,
CNOT3,ENSG00000088038,1,0.98206476243507,0.863790702154782,-0.0000111105960010691,missense|LC,19054142901,19,54142901,
TPX2,ENSG00000088325,1,0.960981456767321,0.840344219082078,-0.0000203529665540543,missense|LC,20031757424,20,31757424,
MAPKAPK5,ENSG00000089022,1,0.995696152552971,0.961704784314196,-0.0000179464652138412,missense|LC,12111842660,12,111842660,
FXYD3,ENSG00000089356,1,0.983751737074955,0.933815390353659,0.0000134656926061767,missense|LC,19035116271,19,35116271,
ANKRD24,ENSG00000089847,1,0.988707343533229,0.794195692007795,-0.00000568473697820848,missense|LC,19004178987,19,4178987,
SLC9A1,ENSG00000090020,1,0.912646822903892,0.893400374183246,-0.00006513129407056,missense|LC,1027100249,1,27100249,
CCNK,ENSG00000090061,1,0.904120860983449,0.878921265471868,0.000121199518590982,missense|LC,14099492611,14,99492611,
RAB11FIP3,ENSG00000090565,1,0.792117738946756,0.823662623469404,-0.0000927574221553249,missense|LC,16000425959,16,425959,
TMEM101,ENSG00000091947,1,1,0.884517231340387,-0.0000128688351727243,missense|LC,17044006194,17,44006194,
SLC7A8,ENSG00000092068,1,0.932187336420774,0.942312818551895,0.0000382787797102247,missense|LC,14023127069,14,23127069,
TBL1Y,ENSG00000092377,1,0.819733814490663,0.839577151289128,0.000112951763145776,missense|LC,24007025052,Y,7025052,
COMT,ENSG00000093010,1,0.84475816109727,0.7940653505068,0.000172783689232548,missense|LC,22019941526,22,19941526,
EPB41L4B,ENSG00000095203,1,0.85736513503862,0.781585453591024,-0.0000737049620691956,missense|LC,9109166975,9,109166975,
PRTFDC1,ENSG00000099256,1,0.905438862820987,0.938726533174884,0.0000753387810992716,missense|LC,10024849769,10,24849769,
CBARP,ENSG00000099625,1,0.799484271170963,0.770497140070274,-0.0000936197784541195,missense|LC,19001223529,19,1223529,
TIMM13,ENSG00000099800,1,0.785890014402116,0.80844176945608,0.000613240831013263,missense|LC,19002421751,19,2421751,
IZUMO4,ENSG00000099840,1,0.980175661058247,0.940340203093538,0.0000148775921484373,missense|LC,19002096803,19,2096803,
MADCAM1,ENSG00000099866,1,0.833605247559002,0.784889305570644,0.000103346432536768,missense|LC,19000496426,19,496426,
DDT,ENSG00000099977,1,0.879242424337305,0.966317730925062,0.000278582797753119,missense|LC,22023969109,22,23969109,
SPECC1L,ENSG00000100014,1,0.804602358119856,0.811076034917253,-0.0000871743727608567,missense|LC,22024269379,22,24269379,
SLC35E4,ENSG00000100036,1,0.99694559220424,0.866975712257221,-0.00000674307558316248,missense|LC,22030636322,22,30636322,
HIRA,ENSG00000100084,1,0.79076486081567,0.912526829023564,-0.00014242853317164,missense|LC,22019331060,22,19331060,
SLC5A4,ENSG00000100191,1,1,0.926126775927497,-2.14427822501974e-7,missense|LC,22032218501,22,32218501,
CBY1,ENSG00000100211,1,0.905600509276573,0.909088273591728,0.000118739104037546,missense|LC,22038665666,22,38665666,
RASD2,ENSG00000100302,1,0.963699368466988,0.978286598330385,-0.0000688390671388659,missense|LC,22035546673,22,35546673,
CBX7,ENSG00000100307,1,0.971992209339689,0.877756410722317,0.0000510469480024444,missense|LC,22039133800,22,39133800,
KIAA0930,ENSG00000100364,1,0.980886040937294,0.827367920882077,0.0000243440611808754,missense|LC,22045197108,22,45197108,
CERK,ENSG00000100422,1,0.822335984306608,0.769680645877159,-0.0000796286536875418,missense|LC,22046679411,22,46679411,
ZBED4,ENSG00000100426,1,0.943172954069336,0.842394587334436,0.0000232427496541372,missense|LC,22049883530,22,49883530,
MLC1,ENSG00000100427,1,0.833133137477418,0.85375443082753,0.000104119027232447,missense|LC,22050055063,22,50055063,
AHSA1,ENSG00000100591,1,0.851746106272524,0.841452776590315,0.0000957631443885086,missense|LC,14077453231,14,77453231,
TELO2,ENSG00000100726,1,0.960200266981188,0.78174129112075,-0.0000162968952022263,missense|LC,16001488361,16,1488361,
PLTP,ENSG00000100979,1,0.774470223350872,0.947198451879936,-0.000116239541993436,missense|LC,20045893962,20,45893962,
GINS1,ENSG00000101003,1,0.95729019038521,0.838393256641615,0.0000725020312627807,missense|LC,20025407774,20,25407774,
NDUFAF5,ENSG00000101247,1,0.822758427126197,0.895057382057877,-0.000178130121046933,missense|LC,20013782431,20,13782431,
FERMT1,ENSG00000101311,1,0.89019595912055,0.796318420206226,0.0000602750678514284,missense|LC,20006077101,20,6077101,
CDK5RAP1,ENSG00000101391,1,0.775494733376442,0.971940898673829,0.000149074785049763,missense|LC,20033359007,20,33359007,
PXMP4,ENSG00000101417,1,0.785342032380315,0.943925942944563,0.000173932493062627,missense|LC,20033707581,20,33707581,
CST9L,ENSG00000101435,1,0.957669795149444,0.805152988414008,0.0000286220197774488,missense|LC,20023564915,20,23564915,
NOL4,ENSG00000101746,1,1,0.860970440926827,0.0000100310502661861,missense|LC,18033852781,18,33852781,
MCTS2P,ENSG00000101898,1,0.92912232787293,0.82573776748916,0.000256986082620742,missense|LC,20031544893,20,31544893,
PRPS2,ENSG00000101911,1,0.962205534189493,0.997804466784176,0.0000652184013505851,missense|LC,23012791407,X,12791407,
SYP,ENSG00000102003,1,0.795253243908307,0.927940282678021,-0.000193328016985761,missense|LC,23049183554,X,49183554,
RS1,ENSG00000102104,1,0.889093780171137,0.960336463589692,0.000112540908286365,missense|LC,23018634688,X,18634688,
PORCN,ENSG00000102312,1,1,0.885097912458573,0.00000999321709243305,missense|LC,23048509444,X,48509444,
MLNR,ENSG00000102539,1,0.788002734922652,0.886098242998241,0.000126479641086175,missense|LC,13049220270,13,49220270,
SUPT20H,ENSG00000102710,1,0.795115497368175,0.87403675885485,0.000112496367010406,missense|LC,13037004507,13,37004507,
MPG,ENSG00000103152,1,0.886510750909655,0.896080132330037,0.0000742092043020624,missense|LC,16000073852,16,73852,
XYLT1,ENSG00000103489,1,0.773106906978542,0.96433952031385,-0.0000950616131564062,missense|LC,16017108602,16,17108602,
SYT17,ENSG00000103528,1,0.848644190860802,0.919557772044644,0.000117503225234884,missense|LC,16019168518,16,19168518,
VPS35L,ENSG00000103544,1,0.956028096079462,0.932731867297281,0.0000192910728042038,missense|LC,16019551170,16,19551170,
CSK,ENSG00000103653,1,0.816503289033124,0.772051195943632,-0.000295938230401146,missense|LC,15074798196,15,74798196,
SPG11,ENSG00000104133,1,0.974375086581308,0.779223030705518,-0.0000080318664912061,missense|LC,15044557697,15,44557697,
RHOV,ENSG00000104140,1,0.881215833807039,0.782108018283286,0.000229511811201944,missense|LC,15040873014,15,40873014,
NBN,ENSG00000104320,1,0.930527271313312,0.808842263134272,0.0000351125510360082,missense|LC,8089935485,8,89935485,
LAPTM4B,ENSG00000104341,1,0.955258052227189,0.837890176156201,-0.0000340177362062156,missense|LC,8097775641,8,97775641,
IKBKB,ENSG00000104365,1,0.939131603252102,0.909468988539673,0.0000618189325883513,missense|LC,8042271353,8,42271353,
GDAP1,ENSG00000104381,1,0.82862088423227,0.926777210371452,-0.000181237027262718,missense|LC,8074350440,8,74350440,
UBXN8,ENSG00000104691,1,0.859303535233651,0.78737230409755,0.0000603552619828079,missense|LC,8030744111,8,30744111,
CD37,ENSG00000104894,1,0.979460968207621,0.810250287291825,-0.0000256258409258538,missense|LC,19049335508,19,49335508,
SGTA,ENSG00000104969,1,0.823222639781368,0.848664413900753,-0.000144883280724913,missense|LC,19002755323,19,2755323,
EPHX3,ENSG00000105131,1,0.905856141884766,0.861364703433183,0.0000740908551402379,missense|LC,19015227394,19,15227394,
PRX,ENSG00000105227,1,0.955830307067913,0.887087119465544,-0.0000138937732557359,missense|LC,19040389402,19,40389402,
RPS19,ENSG00000105372,1,0.853094351811944,0.816990705150014,0.000203114348972062,missense|LC,19041860735,19,41860735,
DBP,ENSG00000105516,1,0.798510490691623,0.794525574995088,0.000113890149851987,missense|LC,19048625030,19,48625030,
TNPO2,ENSG00000105576,1,0.782354978559417,0.881630014233497,0.000347182099193866,missense|LC,19012694503,19,12694503,
CADM4,ENSG00000105767,1,0.944571418639874,0.965072257783262,-0.0000454474428409914,missense|LC,19043623286,19,43623286,
SP4,ENSG00000105866,1,0.976371751720666,0.810142209629421,-0.0000166571979108733,missense|LC,7021428223,7,21428223,
CBLL1,ENSG00000105879,1,0.893964148475442,0.849883824943426,-0.000102851546356501,missense|LC,7107744046,7,107744046,
H2AZ2,ENSG00000105968,1,0.891600424485983,0.940795110981907,0.000259636801642568,missense|LC,7044830070,7,44830070,
LFNG,ENSG00000106003,1,0.883633971677304,0.845806644597728,-0.0000740097721776204,missense|LC,7002517811,7,2517811,
ANKRD7,ENSG00000106013,1,0.96895579291784,0.771333993850001,0.0000209029919435086,missense|LC,7118224516,7,118224516,
ZNHIT1,ENSG00000106400,1,0.941447859632789,0.885397597150143,-0.000126481978323148,missense|LC,7101213165,7,101213165,
POU6F2,ENSG00000106536,1,0.769280727936103,0.844127538522203,0.00012938932543877,missense|LC,7039006778,7,39006778,
TLE4,ENSG00000106829,1,0.798029582737657,0.99052649085532,-0.000114683338976062,missense|LC,9079572699,9,79572699,
SEC23IP,ENSG00000107651,1,0.886037080983273,0.895888875267916,-0.0000543488748701508,missense|LC,10119892680,10,119892680,
CUEDC2,ENSG00000107874,1,0.81084170402836,0.889578424464067,-0.000173258258923031,missense|LC,10102420044,10,102420044,
CYP2C18,ENSG00000108242,1,0.942824405703762,0.877359451520804,0.0000389034418646666,missense|LC,10094683766,10,94683766,
CRYBA1,ENSG00000108255,1,0.98541373232719,0.901431108625373,0.0000134671076299373,missense|LC,17029246783,17,29246783,
UTP6,ENSG00000108651,1,0.783779713760506,0.896018482616122,0.000123262455709796,missense|LC,17031856774,17,31856774,
KRT32,ENSG00000108759,1,0.937033806921901,0.825225972660033,-0.0000285138489284334,missense|LC,17041460022,17,41460022,
SMURF2,ENSG00000108854,1,0.901549126007941,0.815676147634542,0.0000988025131286587,missense|LC,17064537280,17,64537280,
PHF12,ENSG00000109118,1,0.886012098961958,0.88865281711397,0.0000585089547424519,missense|LC,17028900898,17,28900898,
TMEM33,ENSG00000109133,1,0.846052446527883,0.945548713894996,-0.000248865938422456,missense|LC,4041935396,4,41935396,
USP46,ENSG00000109189,1,0.847651459624926,0.90716496094669,-0.000274801448478325,missense|LC,4052597597,4,52597597,
MAPK10,ENSG00000109339,1,0.773162586974078,0.874371887246141,0.000396782617923287,missense|LC,4086017142,4,86017142,
CLCN3,ENSG00000109572,1,0.773642309678918,0.833814648097643,-0.000192658422633014,missense|LC,4169635845,4,169635845,
STIM2,ENSG00000109689,1,0.990446349120316,0.948551942533233,-0.0000320105002783791,missense|LC,4026860863,4,26860863,
CPT1A,ENSG00000110090,1,0.91457154344134,0.793214245807245,-0.0000407061339083346,missense|LC,11068750116,11,68750116,
HPX,ENSG00000110169,1,0.802738907212877,0.895113704560622,-0.000157002688486969,missense|LC,11006431094,11,6431094,
ANAPC15,ENSG00000110200,1,0.842504047985004,0.975363739075713,0.000611472633880856,missense|LC,11072103078,11,72103078,
RNF141,ENSG00000110315,1,0.806550698055448,0.790640511705809,0.00018775839711628,missense|LC,11010514833,11,10514833,
CEP126,ENSG00000110318,1,0.908791452414695,0.972042034678687,0.0000428408659719753,missense|LC,11101915144,11,101915144,
SOX6,ENSG00000110693,1,0.79272838084812,0.913266394921232,-0.000564483255035117,missense|LC,11015972731,11,15972731,
SLC11A2,ENSG00000110911,1,0.869007027242882,0.970411332852511,-0.0000914966788396562,missense|LC,12050985992,12,50985992,
PRR4,ENSG00000111215,1,0.821493591572677,0.826297801806532,-0.000387597752374527,missense|LC,12010845879,12,10845879,
MRPL51,ENSG00000111639,1,0.938751636610388,0.823754261120797,-0.0000390015413896748,missense|LC,12006492188,12,6492188,
ACRBP,ENSG00000111644,1,0.810523698761707,0.989447484337261,-0.000173767236936502,missense|LC,12006638155,12,6638155,
CLEC4A,ENSG00000111729,1,0.931528107354505,0.914890468830175,0.000105551075980747,missense|LC,12008123868,12,8123868,
FAM184A,ENSG00000111879,1,0.847462899579673,0.850868745429901,-0.0000936453075005973,missense|LC,6118960054,6,118960054,
SOBP,ENSG00000112320,1,0.899577155964343,0.98615568142834,0.0000404927768952817,missense|LC,6107490567,6,107490567,
ZBTB24,ENSG00000112365,1,0.826191438078099,0.795069310613771,-0.000080510370654417,missense|LC,6109465574,6,109465574,
NME5,ENSG00000112981,1,0.940829004221862,0.788415158351899,0.000059297620075332,missense|LC,5138115652,5,138115652,
MRPS27,ENSG00000113048,1,0.82333788230328,0.828033551373091,0.000127061220625466,missense|LC,5072220850,5,72220850,
PCDHB7,ENSG00000113212,1,0.95172236392977,0.827786480469867,0.0000156279278053403,missense|LC,5141172781,5,141172781,
PCDHB15,ENSG00000113248,1,0.837326824509163,0.895325611277166,0.0000400573699017564,missense|LC,5141241193,5,141241193,
CLINT1,ENSG00000113282,1,0.84483358888468,0.793877586977508,0.000101139809290944,missense|LC,5157787594,5,157787594,
IL12B,ENSG00000113302,1,0.979000451573048,0.846834049211782,0.0000177793262909036,missense|LC,5159316596,5,159316596,
AGXT2,ENSG00000113492,1,0.806205947525389,0.823205485641925,-0.000632128956418376,missense|LC,5034998670,5,34998670,
PRLR,ENSG00000113494,1,0.799722960170774,0.94059671896347,-0.0000925605696936401,missense|LC,5035064994,5,35064994,
IL4,ENSG00000113520,1,0.830913942547244,0.926005788838836,0.000312928074787759,missense|LC,5132673991,5,132673991,
PPWD1,ENSG00000113593,1,0.78654790881252,0.919834297569314,-0.000185700853283475,missense|LC,5065563197,5,65563197,
CEP70,ENSG00000114107,1,0.798478464297596,0.800410735521425,-0.000132941722953141,missense|LC,3138495021,3,138495021,
EIF1B,ENSG00000114784,1,0.938593223357984,0.970744631195469,-0.000555720950309754,missense|LC,3040309847,3,40309847,
TFCP2L1,ENSG00000115112,1,1,0.926856945022239,-0.00000255883772636449,missense|LC,2121224238,2,121224238,
REEP6,ENSG00000115255,1,0.920340419277853,0.839933722874175,-0.0000691224428750836,missense|LC,19001486795,19,1486795,
TACR1,ENSG00000115353,1,0.869882608979841,0.987367588848822,0.000117764991125308,missense|LC,2075049336,2,75049336,
CHMP3,ENSG00000115561,1,0.955955107817283,0.87308892660917,0.0000551611031023457,missense|LC,2086505662,2,86505662,
SLC9A2,ENSG00000115616,1,0.960353972305436,0.783803834207557,0.0000212096804150422,missense|LC,2102619763,2,102619763,
STRN,ENSG00000115808,1,0.917225358247948,0.790355354863272,-0.0000702646739330524,missense|LC,2036849355,2,36849355,
RMDN2,ENSG00000115841,1,0.777866500248787,0.912990150418042,-0.000148919815158538,missense|LC,2037950463,2,37950463,
DHCR24,ENSG00000116133,1,1,0.840424875903272,-0.00000337860243656699,missense|LC,1054852126,1,54852126,
ASH1L,ENSG00000116539,1,0.890722992444377,0.889959895623726,-0.000044878625169337,missense|LC,1155330324,1,155330324,
FBXO2,ENSG00000116661,1,0.783963822686118,0.772879262553721,0.000149103422542148,missense|LC,1011648566,1,11648566,
DNAJC6,ENSG00000116675,1,0.924760235880519,0.897494397001026,0.0000525974020946351,missense|LC,1065309459,1,65309459,
NCF2,ENSG00000116701,1,0.983609127052705,0.848942491850575,0.00000838644422917609,missense|LC,1183550685,1,183550685,
LGALS8,ENSG00000116977,1,0.977253867912787,0.982007394994465,0.0000271261181938964,missense|LC,1236526022,1,236526022,
GPR89A,ENSG00000117262,1,0.847720327980524,0.971155417748087,-0.000151101143611862,missense|LC,1145608032,1,145608032,
CD160,ENSG00000117281,1,0.841214158308901,0.853489165759964,-0.000110837672490802,missense|LC,1145728289,1,145728289,
EBNA1BP2,ENSG00000117395,1,0.978356963692812,0.88972874146222,-0.0000152568871536504,missense|LC,1043164355,1,43164355,
NEK2,ENSG00000117650,1,0.842716473137578,0.867910102701971,-0.000181956058705446,missense|LC,1211662720,1,211662720,
C1orf54,ENSG00000118292,1,0.858920844225161,0.802442048206251,-0.000357913042785056,missense|LC,1150263198,1,150263198,
SPCS2,ENSG00000118363,1,0.838363245911278,0.923912188698269,0.000431810722714629,missense|LC,11074949196,11,74949196,
ADGB,ENSG00000118492,1,0.815509334266352,0.890538036202908,-0.000066851047045855,missense|LC,6146598968,6,146598968,
MYB,ENSG00000118513,1,0.951091245991246,0.820294874101347,-0.0000507686885617738,missense|LC,6135181428,6,135181428,
WDR34,ENSG00000119333,1,0.882102669160724,0.932308651429459,0.000062328309298004,missense|LC,9128630237,9,128630237,
PTPA,ENSG00000119383,1,0.918317610416859,0.979038894668511,-0.000110642303934932,missense|LC,9129107693,9,129107693,
DCAF4,ENSG00000119599,1,0.832251352734584,0.838091413562712,0.0000829296383405595,missense|LC,14072929840,14,72929840,
FCF1,ENSG00000119616,1,0.975743704112697,0.907495422574104,0.0000228721310880906,missense|LC,14074713053,14,74713053,
IFT43,ENSG00000119650,1,0.866013288327567,0.785209685722227,-0.000226495497276625,missense|LC,14075980791,14,75980791,
GPR68,ENSG00000119714,1,0.958754461553809,0.903286654565151,0.0000284372693594728,missense|LC,14091233892,14,91233892,
IFIT3,ENSG00000119917,1,0.897495316839926,0.792420072985995,-0.0000530467838627089,missense|LC,10089327993,10,89327993,
PYROXD2,ENSG00000119943,1,0.782572371729919,0.83789992555989,-0.000102451254254685,missense|LC,10098383740,10,98383740,
SFRP5,ENSG00000120057,1,0.966153162087121,0.772234002589613,0.0000191230038151255,missense|LC,10097767460,10,97767460,
CXorf21,ENSG00000120280,1,0.849805073352008,0.99060188136351,-0.000130087854177632,missense|LC,23030559425,X,30559425,
TAF12,ENSG00000120656,1,0.914579109112356,0.97507399973295,0.0000639128985389874,missense|LC,1028603462,1,28603462,
PAIP2,ENSG00000120727,1,0.860334431277613,0.943811445180577,-0.000285608551623859,missense|LC,5139363694,5,139363694,
RNF170,ENSG00000120925,1,0.785715896017132,0.933635707972955,0.000175203240435272,missense|LC,8042850692,8,42850692,
FAM117A,ENSG00000121104,1,0.875322442874979,0.899203576897781,-0.000139987157890336,missense|LC,17049705336,17,49705336,
PLBD1,ENSG00000121316,1,0.889144250332346,0.779112185466253,0.0000761053495993325,missense|LC,12014503704,12,14503704,
B4GALT4,ENSG00000121578,1,0.962023121871968,0.833340059312232,-0.0000257635677331268,missense|LC,3119212467,3,119212467,
TNFSF10,ENSG00000121858,1,0.827428150763224,0.874818708823222,0.000195857777577079,missense|LC,3172506375,3,172506375,
ZSCAN20,ENSG00000121903,1,0.887487084282121,0.844132160752598,0.0000478890128879,missense|LC,1033479197,1,33479197,
GTDC1,ENSG00000121964,1,0.801076972259563,0.858953814050152,0.000234341614162873,missense|LC,2143947020,2,143947020,
FYTTD1,ENSG00000122068,1,0.775011146402785,0.874555387560138,-0.00025235724305741,missense|LC,3197749204,3,197749204,
INHBA,ENSG00000122641,1,1,0.779678118918792,-0.00000731915275373306,missense|LC,7041689583,7,41689583,
ARL4A,ENSG00000122644,1,0.804435348723675,0.996933064845427,-0.000386550303341826,missense|LC,7012688122,7,12688122,
CCDC91,ENSG00000123106,1,0.880868357508518,0.830781557168132,-0.000116219302319482,missense|LC,12028257172,12,28257172,
PRDX4,ENSG00000123131,1,0.985551946736422,0.979015351546356,-0.0000337108480698258,missense|LC,23023664464,X,23664464,
NEUROD4,ENSG00000123307,1,0.832856448009303,0.853970166541518,-0.000100938600648162,missense|LC,12055026361,12,55026361,
RAB9B,ENSG00000123570,1,0.936301336011367,0.980399265994493,-0.000177898619423985,missense|LC,23103825106,X,103825106,
ESX1,ENSG00000123576,1,0.975387533033355,0.784966168149572,0.0000140633050100868,missense|LC,23104250143,X,104250143,
TTC21B,ENSG00000123607,1,0.823007223630945,0.973886623919621,0.000064134433231026,missense|LC,2165874689,2,165874689,
RAP2C,ENSG00000123728,1,0.936526109309621,0.923164861141912,-0.000162130322695018,missense|LC,23132214091,X,132214091,
SNX21,ENSG00000124104,1,0.954191227201123,0.805074869595486,-0.0000235116994766416,missense|LC,20045833807,20,45833807,
SLC12A5,ENSG00000124140,1,0.939638881211857,0.873442859687757,-0.0000441486579142695,missense|LC,20046021587,20,46021587,
CHD6,ENSG00000124177,1,0.961895879669293,0.839958473437969,0.000012966939213787,missense|LC,20041403190,20,41403190,
SRSF6,ENSG00000124193,1,0.789070923773174,0.816602462811991,0.000202075521214599,missense|LC,20043457971,20,43457971,
SPDEF,ENSG00000124664,1,0.866500072078953,0.850384256405178,0.0000735537475394851,missense|LC,6034538187,6,34538187,
KCNK17,ENSG00000124780,1,0.874093400108357,0.940094614271593,0.0000600215262258434,missense|LC,6039299373,6,39299373,
ARMC7,ENSG00000125449,1,0.980361771944415,0.913774952802084,0.0000272204008177216,missense|LC,17075104969,17,75104969,
AMOT,ENSG00000126016,1,0.771236730403956,0.814305176257787,-0.000119367790080586,missense|LC,23112778520,X,112778520,
CAPNS1,ENSG00000126247,1,1,0.882083583289863,-2.67481851694197e-7,missense|LC,19036140855,19,36140855,
IRF3,ENSG00000126456,1,0.917348524435076,0.852406718742238,0.0000487875200609569,missense|LC,19049654595,19,49654595,
SCAF1,ENSG00000126461,1,0.825803796140127,0.871462962767802,-0.0000583405313948014,missense|LC,19049639880,19,49639880,
CFP,ENSG00000126759,1,0.975948251935852,0.945637192748671,-0.0000197235200058958,missense|LC,23047619234,X,47619234,
ELK1,ENSG00000126767,1,0.784625200316295,0.881982344213227,-0.000152644990445128,missense|LC,23047636779,X,47636779,
EDN2,ENSG00000127129,1,0.973925789170846,0.93142089573035,0.000020197889091819,missense|LC,1041479354,1,41479354,
IDUA,ENSG00000127415,1,0.877182308034885,0.846078338452389,0.0000827812695971135,missense|LC,4000986999,4,986999,
OR7C2,ENSG00000127529,1,0.971842817799495,0.771652006015158,-0.0000180742969973434,missense|LC,19014941370,19,14941370,
TNFRSF19,ENSG00000127863,1,0.887915826158142,0.833720995981028,-0.0000713847856543479,missense|LC,13023590148,13,23590148,
RNF6,ENSG00000127870,1,0.837091421074067,0.909479661097852,-0.000067451381787555,missense|LC,13026213765,13,26213765,
GNG11,ENSG00000127920,1,0.887355716337427,0.993634826545469,-0.00024275801744671,missense|LC,7093922107,7,93922107,
RFPL2,ENSG00000128253,1,0.890271401240023,0.983547662432091,-0.000054927180876541,missense|LC,22032190684,22,32190684,
CDC42EP1,ENSG00000128283,1,0.983452562594507,0.950310912836314,-0.0000119063446849399,missense|LC,22037566324,22,37566324,
NDUFA5,ENSG00000128609,1,1,0.78510519191326,0.0000160588610084597,missense|LC,7123542082,7,123542082,
CALML4,ENSG00000129007,1,0.900380541503414,0.855793374556028,0.0000604445981289369,missense|LC,15068193972,15,68193972,
BBOX1,ENSG00000129151,1,0.929348947722348,0.868371723216263,-0.0000384622197105025,missense|LC,11027055350,11,27055350,
PHF20L1,ENSG00000129292,1,0.949612631311234,0.809090480805146,-0.0000274465770253938,missense|LC,8132777809,8,132777809,
SAT1,ENSG00000130066,1,0.832702984405218,0.930070784521849,0.000142918050158096,missense|LC,23023783313,X,23783313,
XPO7,ENSG00000130227,1,0.929616028931032,0.769452651458666,-0.0000844543656498108,missense|LC,8021966731,8,21966731,
DKC1,ENSG00000130826,1,0.907991454576063,0.910262461383178,0.0000765953688792184,missense|LC,23154762879,X,154762879,
COX7B,ENSG00000131174,1,0.825721625335767,0.880495512687863,0.000540196006580591,missense|LC,23077895244,X,77895244,
RPL27,ENSG00000131469,1,0.845413919605559,0.929242741830649,0.000809209817717425,missense|LC,17042998706,17,42998706,
NDUFA2,ENSG00000131495,1,0.959805224769661,0.845263597374243,-0.0000777799077141233,missense|LC,5140641602,5,140641602,
NINJ1,ENSG00000131669,1,0.827607818115177,0.958877291251094,0.000214321737290258,missense|LC,9093124805,9,93124805,
MAP1B,ENSG00000131711,1,0.843573749771894,0.7769205898343,0.0000620672425082197,missense|LC,5072107448,5,72107448,
KRT34,ENSG00000131737,1,0.89326140563981,0.796447669561425,0.0000442512993779378,missense|LC,17041378016,17,41378016,
TNS4,ENSG00000131746,1,1,0.901375978287046,-0.0000034928471085941,missense|LC,17040477462,17,40477462,
CHD1L,ENSG00000131778,1,0.842908495478958,0.866482045434842,0.0000625248169834232,missense|LC,1147242588,1,147242588,
LRRC41,ENSG00000132128,1,0.991620081984733,0.95987356630155,0.00000907267660176502,missense|LC,1046272462,1,46272462,
SCLY,ENSG00000132330,1,0.835167267545944,0.793575543294604,-0.0000758323496284087,missense|LC,2238060986,2,238060986,
RAP1GAP2,ENSG00000132359,1,0.828790229957265,0.998871631190429,-0.00024011733526448,missense|LC,17002796431,17,2796431,
GRSF1,ENSG00000132463,1,0.921915977184327,0.837365704770559,0.0000633650234938206,missense|LC,4070824317,4,70824317,
TRIM47,ENSG00000132481,1,0.966390129062551,0.908473040670931,-0.0000232523764177498,missense|LC,17075874405,17,75874405,
KHDC4,ENSG00000132680,1,0.924108163775873,0.899150778922543,0.0000677612054354179,missense|LC,1155910409,1,155910409,
SYT4,ENSG00000132872,1,0.931245435436318,0.857519814319305,0.0000764280559536594,missense|LC,18043270258,18,43270258,
GPR12,ENSG00000132975,1,0.906732284164293,0.821296363220145,-0.0000867531224557072,missense|LC,13026758691,13,26758691,
TMCC2,ENSG00000133069,1,0.792956189447385,0.806179542788113,0.000134105177306698,missense|LC,1205228497,1,205228497,
NTS,ENSG00000133636,1,0.939956505008551,0.954426784470721,-0.0000587355871336885,missense|LC,12085874367,12,85874367,
EMC7,ENSG00000134153,1,0.896632466999613,0.927190646744607,0.0000596679709368681,missense|LC,15034084227,15,34084227,
RBM17,ENSG00000134453,1,0.815607842674568,0.908429938548423,0.000303996261284566,missense|LC,10006096964,10,6096964,
APC,ENSG00000134982,1,0.944167195072482,0.846106840186042,0.0000154306725220257,missense|LC,5112737758,5,112737758,
NREP,ENSG00000134986,1,0.770529620377814,0.863055992071123,-0.000164907637638939,missense|LC,5111730826,5,111730826,
OSTF1,ENSG00000134996,1,1,0.809282993591281,0.00000351537709847697,missense|LC,9075088602,9,75088602,
RFK,ENSG00000135002,1,0.821858870843122,0.866406053737234,0.000266640428482095,missense|LC,9076387333,9,76387333,
GOLM1,ENSG00000135052,1,0.857587645323228,0.845603086434718,0.0000581553027446475,missense|LC,9086021860,9,86021860,
PAN2,ENSG00000135473,1,0.87411571643575,0.950034868656226,0.0000548761338685095,missense|LC,12056311228,12,56311228,
ZC3H10,ENSG00000135482,1,0.956753106206543,0.984472561739227,0.0000520081621037614,missense|LC,12056116698,12,56116698,
MIP,ENSG00000135517,1,0.979900376112354,0.943396191821981,-0.000036637415528501,missense|LC,12056451223,12,56451223,
AGT,ENSG00000135744,1,1,0.772499570431743,-0.00000167935772614112,missense|LC,1230703046,1,230703046,
GPR55,ENSG00000135898,1,0.924869271543382,0.867256936439805,0.0000844144867320202,missense|LC,2230909931,2,230909931,
PCDH8,ENSG00000136099,1,0.811690446238631,0.816781260386194,-0.0001065235251588,missense|LC,13052844491,13,52844491,
MED4,ENSG00000136146,1,0.904257745263129,0.949196863562738,-0.0000886101197025566,missense|LC,13048077066,13,48077066,
MARCHF7,ENSG00000136536,1,0.826921746018999,0.984997697973855,-0.000115156677750067,missense|LC,2159728967,2,159728967,
KCTD3,ENSG00000136636,1,0.783050030313904,0.820281579802977,0.000186689283431176,missense|LC,1215567617,1,215567617,
RALGPS1,ENSG00000136828,1,0.886167265585691,0.817831442739114,0.000324319633842172,missense|LC,9126962212,9,126962212,
SLC2A8,ENSG00000136856,1,0.971301962386191,0.823480596589611,-0.0000216585099826892,missense|LC,9127393019,9,127393019,
XPA,ENSG00000136936,1,0.870083911903045,0.79147348884645,0.000153396507801268,missense|LC,9097671063,9,97671063,
ENPP2,ENSG00000136960,1,0.910329271327919,0.917124163912132,-0.0000370406921795802,missense|LC,8119557467,8,119557467,
DSCC1,ENSG00000136982,1,0.795888238753719,0.929148249235136,0.000144380316842164,missense|LC,8119831638,8,119831638,
APTX,ENSG00000137074,1,0.775491428578984,0.94810001297045,-0.000109230040932175,missense|LC,9032973427,9,32973427,
CCL21,ENSG00000137077,1,0.896398920564096,0.879465699226905,-0.000184843724366495,missense|LC,9034709294,9,34709294,
TMEM8B,ENSG00000137103,1,0.889719824136733,0.879074517758238,0.000066199100159413,missense|LC,9035825132,9,35825132,
ZSCAN9,ENSG00000137185,1,0.965576841099678,0.80568513683284,-0.0000264565337657231,missense|LC,6028227017,6,28227017,
PI15,ENSG00000137558,1,0.843357867490938,0.997138175759478,0.000123179121887288,missense|LC,8074825184,8,74825184,
CFAP300,ENSG00000137691,1,0.832300006899062,0.83688673944857,0.000145866042666792,missense|LC,11102047406,11,102047406,
FXYD2,ENSG00000137731,1,0.915989100572229,0.993035838919729,-0.0000871240367210903,missense|LC,11117820558,11,117820558,
LRRC49,ENSG00000137821,1,0.940029565606826,0.77339942489931,-0.0000674857126058189,missense|LC,15070892626,15,70892626,
BCL2L10,ENSG00000137875,1,0.824106992905566,0.805303956276011,-0.000164045040271669,missense|LC,15052109750,15,52109750,
KYAT3,ENSG00000137944,1,0.794808672118273,0.951800216678869,0.000156417075802204,missense|LC,1088936146,1,88936146,
CGREF1,ENSG00000138028,1,0.874097981431608,0.901767504986279,-0.000089472400332432,missense|LC,2027096678,2,27096678,
RBP4,ENSG00000138207,1,0.986958898542802,0.832356830318121,-0.0000179980000306889,missense|LC,10093587149,10,93587149,
ADAMTS14,ENSG00000138316,1,0.934386690104974,0.84348343008965,0.0000215699799862541,missense|LC,10070672804,10,70672804,
CCDC54,ENSG00000138483,1,0.828121230708122,0.921416107163713,0.0000941095743551162,missense|LC,3107377505,3,107377505,
INTS12,ENSG00000138785,1,0.905126158200303,0.779818400139237,0.0000605760013070977,missense|LC,4105677658,4,105677658,
PAPSS1,ENSG00000138801,1,0.916588960199135,0.884693670868715,0.0000613514314813101,missense|LC,4107614166,4,107614166,
MAPK8IP3,ENSG00000138834,1,0.872294256258383,0.979972210643095,0.0000675709676560938,missense|LC,16001706248,16,1706248,
RNF185,ENSG00000138942,1,0.838772549077741,0.913369125913914,0.000138704852640914,missense|LC,22031187008,22,31187008,
ETFBKMT,ENSG00000139160,1,0.924596249561103,0.905858178429345,0.0000515946405879211,missense|LC,12031661882,12,31661882,
NDUFA9,ENSG00000139180,1,0.947737350204731,0.804221450555496,0.0000534107700286614,missense|LC,12004649026,12,4649026,
PIANP,ENSG00000139200,1,0.788415593787413,0.990912873719374,0.00016436985964676,missense|LC,12006694917,12,6694917,
SLC38A4,ENSG00000139209,1,0.824000547049777,0.923655552539404,-0.000102134075673938,missense|LC,12046766683,12,46766683,
TMEM132B,ENSG00000139364,1,0.821940136322837,0.85398005793907,-0.0000841249962966928,missense|LC,12125326616,12,125326616,
N4BP2L1,ENSG00000139597,1,0.994752073608098,0.851099549863511,0.0000177907275706996,missense|LC,13032396793,13,32396793,
ZNF740,ENSG00000139651,1,0.910317859779913,0.91848001089164,-0.0000637523726277016,missense|LC,12053179720,12,53179720,
SLAIN1,ENSG00000139737,1,0.805562387933866,0.898640934702812,-0.0000922435112578702,missense|LC,13077697785,13,77697785,
FBLN5,ENSG00000140092,1,0.813361672402696,0.944666683999533,-0.000125120165137793,missense|LC,14091870151,14,91870151,
WARS1,ENSG00000140105,1,0.917464414857217,0.793484312283807,-0.0000627400237150235,missense|LC,14100328820,14,100328820,
GCNT3,ENSG00000140297,1,0.778004612954793,0.81824873778288,0.000118964751658466,missense|LC,15059618217,15,59618217,
SEC11A,ENSG00000140612,1,0.985237372697036,0.89574446577494,0.0000374488668076146,missense|LC,15084669857,15,84669857,
GLYR1,ENSG00000140632,1,0.916087186198109,0.778067853486673,-0.000108283561681744,missense|LC,16004798205,16,4798205,
SLC5A2,ENSG00000140675,1,0.890243099919094,0.857698837920898,-0.0000462942282516553,missense|LC,16031483044,16,31483044,
TGFB1I1,ENSG00000140682,1,0.938556124193519,0.850465793339418,0.0000597423612307167,missense|LC,16031472160,16,31472160,
CMTM3,ENSG00000140931,1,0.873967150385578,0.884262685101949,-0.000110452966481177,missense|LC,16066604723,16,66604723,
NOL3,ENSG00000140939,1,0.82168693221412,0.952611266662214,0.000188156826486178,missense|LC,16067165546,16,67165546,
COPS3,ENSG00000141030,1,0.786281823684951,0.990184104544141,-0.000327647973729487,missense|LC,17017247036,17,17247036,
LRRC46,ENSG00000141294,1,0.96772530937801,0.997413689941039,0.0000363326935571107,missense|LC,17047826672,17,47826672,
RMC1,ENSG00000141452,1,0.7946023371602,0.957658583865722,-0.000103580650608067,missense|LC,18023503562,18,23503562,
ERBB2,ENSG00000141736,1,0.885719906036762,0.832046818730363,-0.0000447022825499251,missense|LC,17039699467,17,39699467,
IFITM3,ENSG00000142089,1,0.798701458795661,0.928935033553995,-0.00017057938440965,missense|LC,11000314798,11,314798,
COL6A2,ENSG00000142173,1,0.936603333312554,0.859947723742326,-0.0000181310514685367,missense|LC,21046111426,21,46111426,
EMP3,ENSG00000142227,1,0.972163893020206,0.909806751577954,0.0000656174266657984,missense|LC,19048326775,19,48326775,
ZNF473,ENSG00000142528,1,0.88342088513013,0.872098258264181,-0.0000407627445368201,missense|LC,19050030957,19,50030957,
FAM71E1,ENSG00000142530,1,1,0.864760282105411,-3.59062608067434e-7,missense|LC,19050461794,19,50461794,
CYP4B1,ENSG00000142973,1,0.769284466389074,0.796543094352311,0.000170445949120788,missense|LC,1046798991,1,46798991,
MINDY1,ENSG00000143409,1,0.779564991804475,0.948342586056659,0.000176109692607106,missense|LC,1150994436,1,150994436,
C1orf43,ENSG00000143612,1,0.811038623875637,0.949907951296464,0.000124032705086205,missense|LC,1154205536,1,154205536,
GATAD2B,ENSG00000143614,1,0.830912059524083,0.933122934033553,-0.000108607085460016,missense|LC,1153810103,1,153810103,
DEGS1,ENSG00000143753,1,0.969114723569046,0.895876549685111,-0.0000283704265410595,missense|LC,1224183250,1,224183250,
PKP4,ENSG00000144283,1,0.988186850294707,0.925042126794296,0.00000667385821410161,missense|LC,2158456335,2,158456335,
VGLL4,ENSG00000144560,1,0.884469145867538,0.832110480358726,0.000127134801619537,missense|LC,3011554709,3,11554709,
RAB5A,ENSG00000144566,1,1,0.90950273354195,0.0000102830248486004,missense|LC,3019950810,3,19950810,
ITGA9,ENSG00000144668,1,0.945537086168227,0.827456163931957,0.0000246014554012041,missense|LC,3037452300,3,37452300,
FAM86B2,ENSG00000145002,1,0.964211085491352,0.792253229572773,0.0000233394579224413,missense|LC,8012424846,8,12424846,
STXBP5L,ENSG00000145087,1,0.998955966095277,0.941345673586504,-0.0000505590258898773,missense|LC,3120909504,3,120909504,
EAF2,ENSG00000145088,1,0.852691244980598,0.975246997950736,-0.000101278796354989,missense|LC,3121835215,3,121835215,
RPL37,ENSG00000145592,1,0.998792731749015,0.850300632065683,0.00004631452440468,missense|LC,5040832448,5,40832448,
SSBP2,ENSG00000145687,1,0.886402121148953,0.771961659140186,0.000113644603314609,missense|LC,5081420435,5,81420435,
ATG12,ENSG00000145782,1,0.777706646572818,0.789034828072276,0.000414025775055929,missense|LC,5115831733,5,115831733,
YIPF5,ENSG00000145817,1,0.819052444745542,0.816713534645762,-0.000170143363544749,missense|LC,5144158364,5,144158364,
GLRA1,ENSG00000145888,1,0.984758627405475,0.875599780281216,-0.0000234818680123335,missense|LC,5151822638,5,151822638,
FAM217A,ENSG00000145975,1,0.796665359447042,0.986864095942066,-0.0000919913231570967,missense|LC,6004068599,6,4068599,
H2BC1,ENSG00000146047,1,0.90428526288491,0.925962362939698,0.0000915333347838188,missense|LC,6025726056,6,25726056,
DAAM2,ENSG00000146122,1,0.809138117089583,0.802226987449264,-0.0000529993832815867,missense|LC,6039855955,6,39855955,
CCZ1B,ENSG00000146574,1,0.815286685823672,0.978021047459176,0.000132873218224368,missense|LC,7006796681,7,6796681,
SYTL5,ENSG00000147041,1,0.823051320035807,0.822475049296984,-0.000091804019936271,missense|LC,23038033890,X,38033890,
EBP,ENSG00000147155,1,0.855358202109984,0.866737338212203,-0.0000978959399674688,missense|LC,23048517157,X,48517157,
NSDHL,ENSG00000147383,1,0.83518289462135,0.787895406787505,-0.000109974085476077,missense|LC,23152827809,X,152827809,
ATP6V1B2,ENSG00000147416,1,0.82311980166954,0.929932639895793,-0.000110117742141111,missense|LC,8020197259,8,20197259,
DOK2,ENSG00000147443,1,0.899516657798724,0.914322065056868,0.0000497488897355484,missense|LC,8021909201,8,21909201,
PLPBP,ENSG00000147471,1,0.836029978870122,0.783759285117547,0.000132592024314312,missense|LC,8037762450,8,37762450,
PMP2,ENSG00000147588,1,0.97217584228941,0.792483677400755,-0.0000183681645141276,missense|LC,8081443370,8,81443370,
RPL7,ENSG00000147604,1,0.945461232006559,0.859344941326425,0.0000455998338436718,missense|LC,8073291001,8,73291001,
IFNA5,ENSG00000147873,1,0.774129644042965,0.985852849444212,0.000130169424335792,missense|LC,9021304587,9,21304587,
SIGMAR1,ENSG00000147955,1,0.946665320618639,0.799793332536338,0.0000561784980923788,missense|LC,9034635506,9,34635506,
INIP,ENSG00000148153,1,0.914350902532097,0.949095681752577,0.000138568776255184,missense|LC,9112687520,9,112687520,
RPL7A,ENSG00000148303,1,0.91043215395703,0.920031714410487,0.0000679512870447569,missense|LC,9133343218,9,133343218,
CIZ1,ENSG00000148337,1,0.89806812283816,0.944409913471629,0.0000476749052581654,missense|LC,9128163362,9,128163362,
SH3GLB2,ENSG00000148341,1,0.941897057908222,0.968482120882204,-0.0000321381506828544,missense|LC,9129003042,9,129003042,
COMMD3,ENSG00000148444,1,0.982894157115732,0.793532516029229,-0.0000204009543131713,missense|LC,10022316279,10,22316279,
TMEM236,ENSG00000148483,1,0.853102301422125,0.910429008032337,0.0000510560022435571,missense|LC,10017752162,10,17752162,
CDHR1,ENSG00000148600,1,0.922055633201261,0.806480056614268,0.0000300685878859176,missense|LC,10084194682,10,84194682,
FUOM,ENSG00000148803,1,0.902169055400367,0.787486448913412,0.0000597571077925797,missense|LC,10133350159,10,133350159,
GSTO1,ENSG00000148834,1,0.785266172619446,0.77524738341252,0.000138197110977103,missense|LC,10104254857,10,104254857,
SAA4,ENSG00000148965,1,0.917734400714913,0.833134396921572,0.0000621794920192932,missense|LC,11018231369,11,18231369,
RPS3,ENSG00000149273,1,0.801271303235436,0.953161786504778,-0.000113830716387415,missense|LC,11075399470,11,75399470,
LSM14B,ENSG00000149657,1,0.944187930617669,0.832800185548571,0.0000402870987874049,missense|LC,20062122563,20,62122563,
TRPT1,ENSG00000149743,1,0.868391639187549,0.782243864920112,-0.0000956092399528882,missense|LC,11064219178,11,64219178,
TAOK2,ENSG00000149930,1,0.971816183180631,0.788821581700591,0.0000186056835439344,missense|LC,16029971323,16,29971323,
FCGR1A,ENSG00000150337,1,0.903170782318363,0.952590137684154,-0.0000643023896921487,missense|LC,1149782691,1,149782691,
RILPL2,ENSG00000150977,1,0.928508136867771,0.915949137850266,0.000113352441411511,missense|LC,12123407426,12,123407426,
ANK3,ENSG00000151150,1,0.808946125381543,0.891878810954226,0.0000409147154975557,missense|LC,10060042604,10,60042604,
RAD9B,ENSG00000151164,1,0.919569481600036,0.978892394613854,-0.000100553347998764,missense|LC,12110498757,12,110498757,
TWF1,ENSG00000151239,1,0.96990834298069,0.805925206785956,0.000028788132873459,missense|LC,12043795496,12,43795496,
SLC25A31,ENSG00000151475,1,0.82595208902512,0.986364842805516,0.000122941045983501,missense|LC,4127730462,4,127730462,
VTI1A,ENSG00000151532,1,0.790985086989873,0.808768717931669,-0.000265147727741039,missense|LC,10112442215,10,112442215,
VENTX,ENSG00000151650,1,0.832139560579329,0.803464594235313,-0.000124019541855503,missense|LC,10133237783,10,133237783,
ACSL1,ENSG00000151726,1,0.946055495296042,0.881663446896747,0.0000324242832526356,missense|LC,4184757007,4,184757007,
SCHIP1,ENSG00000151967,1,0.83369188354485,0.892386030872558,-0.000559652190334687,missense|LC,3159839864,3,159839864,
POU4F1,ENSG00000152192,1,0.8789358277433,0.817452873035077,0.0000596326308510461,missense|LC,13078601263,13,78601263,
KCNK13,ENSG00000152315,1,0.853483407903515,0.882926081480306,0.0000665828585624564,missense|LC,14090060280,14,90060280,
OLAH,ENSG00000152463,1,0.949045380101571,0.822799167166891,0.000036152199874006,missense|LC,10015047205,10,15047205,
PTPRR,ENSG00000153233,1,0.910826643499098,0.957276610092209,-0.00004778123003678,missense|LC,12070635566,12,70635566,
CD96,ENSG00000153283,1,0.969698667754514,0.819302284732683,-0.0000185459191378335,missense|LC,3111542180,3,111542180,
SPACA7,ENSG00000153498,1,0.796803435210997,0.899188981950112,-0.000199266552190367,missense|LC,13112376235,13,112376235,
DGKE,ENSG00000153933,1,0.873957211791696,0.794304608147174,0.0000591778870843671,missense|LC,17056834696,17,56834696,
MSI2,ENSG00000153944,1,0.776475825567021,0.833569816227759,-0.000221325727811724,missense|LC,17057256747,17,57256747,
ASB17,ENSG00000154007,1,0.955562366833433,0.997611261813515,0.000082945567528935,missense|LC,1075918907,1,75918907,
ENAH,ENSG00000154380,1,0.852598818538674,0.969429181726012,0.0000659241035533526,missense|LC,1225497696,1,225497696,
ATP5PF,ENSG00000154723,1,1,0.93757894621989,0.0000451652383879276,missense|LC,21025724561,21,25724561,
CXXC1,ENSG00000154832,1,0.847114674083732,0.875453255508731,-0.000184026085577767,missense|LC,18050279769,18,50279769,
ZFYVE27,ENSG00000155256,1,0.819701285113588,0.931822124112568,0.0000867997111779306,missense|LC,10097738390,10,97738390,
OTOA,ENSG00000155719,1,0.953577035649111,0.909136544843833,0.0000284927371278824,missense|LC,16021678479,16,21678479,
SLC26A2,ENSG00000155850,1,0.836787822593771,0.903149546752967,0.000102973922345723,missense|LC,5149977632,5,149977632,
TRIM42,ENSG00000155890,1,0.810316276007259,0.870078361537469,-0.0000733139777721134,missense|LC,3140678166,3,140678166,
RAET1L,ENSG00000155918,1,0.8728269386249,0.958422209145048,-0.0000572123657256173,missense|LC,6150020186,6,150020186,
MICU3,ENSG00000155970,1,0.843876703206521,0.840153754337094,-0.0000842153763757334,missense|LC,8017027252,8,17027252,
ALX3,ENSG00000156150,1,0.809801792031548,0.784052223862976,-0.000159238476179917,missense|LC,1110060647,1,110060647,
ZNF689,ENSG00000156853,1,0.869154378045379,0.958778566612668,0.000138605052860978,missense|LC,16030604176,16,30604176,
FRRS1,ENSG00000156869,1,0.777056650240363,0.945489156398716,-0.000120805746916028,missense|LC,1099708868,1,99708868,
ADGRG4,ENSG00000156920,1,0.871273580307144,0.88508690144445,0.0000281223200309815,missense|LC,23136296766,X,136296766,
SST,ENSG00000157005,1,0.928033367592437,0.909388494564215,-0.0000789528235057057,missense|LC,3187669000,3,187669000,
STEAP2,ENSG00000157214,1,0.919674328106231,0.840297368874872,0.0000564497732208687,missense|LC,7090224990,7,90224990,
DGKI,ENSG00000157680,1,0.905585363261937,0.957934655662705,-0.0000478010979316483,missense|LC,7137391179,7,137391179,
PEX10,ENSG00000157911,1,1,0.910746461336956,0.00000130852967879371,missense|LC,1002399387,1,2399387,
AUTS2,ENSG00000158321,1,0.953344838884349,0.914125288288667,-0.0000353056785080836,missense|LC,7069599543,7,69599543,
ALAS2,ENSG00000158578,1,0.889797604522873,0.770437435881707,-0.0000523945817821888,missense|LC,23055006455,X,55006455,
APOA2,ENSG00000158874,1,0.781339828398864,0.950647436160783,-0.000317132583655607,missense|LC,1161217955,1,161217955,
CCAR2,ENSG00000158941,1,0.780932711267946,0.796851697193842,0.000104022921992636,missense|LC,8022599665,8,22599665,
CFAP298,ENSG00000159079,1,0.793028311087934,0.996086625935268,-0.000125386371218341,missense|LC,21032601853,21,32601853,
PAXBP1,ENSG00000159086,1,0.858205526936691,0.793285886982246,-0.0000981679960795905,missense|LC,21032734913,21,32734913,
DONSON,ENSG00000159147,1,0.866519597053775,0.957549792105598,0.0000604969891500796,missense|LC,21033572552,21,33572552,
LAD1,ENSG00000159166,1,0.930217041746909,0.825552029297385,-0.0000390709369450578,missense|LC,1201381815,1,201381815,
TNNI1,ENSG00000159173,1,0.772366359560357,0.798385360998969,0.00026264139935572,missense|LC,1201399212,1,201399212,
SPATC1L,ENSG00000160284,1,0.872130676698999,0.922174315625978,-0.0000566188640682225,missense|LC,21046161285,21,46161285,
UBE2Q1,ENSG00000160714,1,0.861672006048162,0.995468128634454,-0.000101459777703499,missense|LC,1154543833,1,154543833,
CHRNB2,ENSG00000160716,1,0.883228117062163,0.894307644240999,-0.0000847630291768753,missense|LC,1154567952,1,154567952,
OR7G1,ENSG00000161807,1,0.855699425544893,0.95207933211495,-0.000137317155158454,missense|LC,19009114801,19,9114801,
TAMALIN,ENSG00000161835,1,0.915112123580282,0.977622290216177,0.0000860078376468594,missense|LC,12052006929,12,52006929,
SPC24,ENSG00000161888,1,0.892076509374179,0.833700592079091,-0.000134324956817953,missense|LC,19011147149,19,11147149,
RNASEK-C17orf49,ENSG00000161939,1,0.799460587569096,0.821061742063827,-0.000222410564806546,missense|LC,17007009690,17,7009690,
HS3ST6,ENSG00000162040,1,0.920501019559739,0.87542160107512,0.0000315703461867678,missense|LC,16001911469,16,1911469,
CLPB,ENSG00000162129,1,0.819984307252159,0.984112155568496,-0.0000827490877443659,missense|LC,11072293258,11,72293258,
CZIB,ENSG00000162384,1,0.939781749366715,0.969316225349198,-0.0000515527306701171,missense|LC,1053209953,1,53209953,
TMEM82,ENSG00000162460,1,0.902964947939978,0.838423761608071,0.0000381741327605725,missense|LC,1015737840,1,15737840,
PDPN,ENSG00000162493,1,0.861376964106971,0.912371770271704,0.0000927190735482786,missense|LC,1013583743,1,13583743,
EXTL2,ENSG00000162694,1,0.890730613113109,0.964921534899351,-0.000113832286863202,missense|LC,1100873853,1,100873853,
KCNJ9,ENSG00000162728,1,0.824438637535118,0.780153587028134,-0.000337093734406105,missense|LC,1160083922,1,160083922,
NCSTN,ENSG00000162736,1,0.955081210400564,0.819700460607119,0.0000310735391608284,missense|LC,1160339845,1,160339845,
NBPF20,ENSG00000162825,1,0.911312289795992,0.826082942803278,0.0000891284647870874,missense|LC,1145291351,1,145291351,
CFAP36,ENSG00000163001,1,0.904769626125303,0.919913081439235,-0.000123404280927629,missense|LC,2055519727,2,55519727,
ZSWIM2,ENSG00000163012,1,0.958618485774278,0.771274073885796,-0.0000200381054054795,missense|LC,2186827915,2,186827915,
BBS5,ENSG00000163093,1,0.838138616558532,0.957261724018868,0.0000779228357010651,missense|LC,2169479459,2,169479459,
HPGDS,ENSG00000163106,1,0.867972623542139,0.818166761919554,0.0000556976223725728,missense|LC,4094299404,4,94299404,
MSX1,ENSG00000163132,1,0.779882687747904,0.977660395894594,-0.000224102653959096,missense|LC,4004859801,4,4859801,
SMCP,ENSG00000163206,1,0.907370746943026,0.845454697389985,0.000107013543959903,missense|LC,1152884350,1,152884350,
SPRR2D,ENSG00000163216,1,0.864996533552928,0.948945746120298,-0.000275019250018576,missense|LC,1153039955,1,153039955,
ANTXR2,ENSG00000163297,1,0.974041489851671,0.88315818139462,0.0000420857042759666,missense|LC,4079977582,4,79977582,
COX18,ENSG00000163626,1,0.90890651042369,0.884401176752202,0.000054927180279692,missense|LC,4073058085,4,73058085,
SYNPR,ENSG00000163630,1,0.807716992621664,0.842015794413957,0.000150251335226033,missense|LC,3063278409,3,63278409,
CLRN1,ENSG00000163646,1,1,0.812502506817831,0.00000394031938231495,missense|LC,3150927939,3,150927939,
RPP14,ENSG00000163684,1,0.886993203803275,0.884710896773928,-0.00014369463690523,missense|LC,3058310264,3,58310264,
GYG1,ENSG00000163754,1,0.908616057940921,0.897751757271455,0.0000613036078285542,missense|LC,3148986543,3,148986543,
FBXO40,ENSG00000163833,1,0.789205079977972,0.819891022379084,-0.0000899427645761497,missense|LC,3121620484,3,121620484,
RPL39L,ENSG00000163923,1,0.880695386059686,0.815526970006797,0.000203977874076127,missense|LC,3187121068,3,187121068,
RFT1,ENSG00000163933,1,0.834382014709174,0.796879628650863,0.0000951357405221161,missense|LC,3053091819,3,53091819,
EDIL3,ENSG00000164176,1,0.863371334789251,0.917080384717801,-0.000355291167343584,missense|LC,5083943293,5,83943293,
STARD4,ENSG00000164211,1,0.850140835252489,0.997892436556853,0.000241278098112386,missense|LC,5111499816,5,111499816,
CMBL,ENSG00000164237,1,0.884101261288365,0.909394484661753,0.00012520353542623,missense|LC,5010280396,5,10280396,
RICTOR,ENSG00000164327,1,0.787386762849266,0.913076212104769,-0.0000941379140545898,missense|LC,5038942285,5,38942285,
FAM170A,ENSG00000164334,1,0.825927576104772,0.918492143521822,0.000116507126032262,missense|LC,5119629726,5,119629726,
CCDC127,ENSG00000164366,1,0.806538002986843,0.957621030602231,-0.00013380900308442,missense|LC,5000191870,5,191870,
FOXQ1,ENSG00000164379,1,0.827143599704815,0.849189970798786,0.0000845047788615234,missense|LC,6001312542,6,1312542,
CALHM4,ENSG00000164451,1,0.856830339180004,0.923614705984074,-0.000204079918380835,missense|LC,6116540285,6,116540285,
PDSS2,ENSG00000164494,1,0.854493021441151,0.775326051725876,0.000100386068225134,missense|LC,6107154559,6,107154559,
BMT2,ENSG00000164603,1,0.975076962354587,0.987194929337172,-0.0000407745577999489,missense|LC,7112821662,7,112821662,
DEFA5,ENSG00000164816,1,1,0.925311234152067,-0.00000639039549386052,missense|LC,8007055384,8,7055384,
SLC7A13,ENSG00000164893,1,1,0.870906853008899,0.00000262550142378785,missense|LC,8086214382,8,86214382,
FMC1,ENSG00000164898,1,0.78447880813945,0.958308527076477,0.000391972029892346,missense|LC,7139341219,7,139341219,
PHAX,ENSG00000164902,1,0.838658225482502,0.865763098955743,0.00011989559315965,missense|LC,5126600903,5,126600903,
C9orf24,ENSG00000164972,1,0.8810808979976,0.860140584927681,0.000168032122870882,missense|LC,9034379068,9,34379068,
WNK2,ENSG00000165238,1,0.884484592128026,0.904741790223394,-0.0000393193581792308,missense|LC,9093184934,9,93184934,
ZNF367,ENSG00000165244,1,0.780115136571962,0.930414366728963,-0.000164798437670449,missense|LC,9096383409,9,96383409,
MICU2,ENSG00000165487,1,0.919470122178004,0.86611887890431,-0.0000511367704476101,missense|LC,13021493212,13,21493212,
STK32C,ENSG00000165752,1,0.797890891727215,0.923138470843418,0.000208725790072394,missense|LC,10132202531,10,132202531,
SLC39A2,ENSG00000165794,1,0.92113301101648,0.977096409657856,-0.000185880923932635,missense|LC,14020994495,14,20994495,
CASP7,ENSG00000165806,1,1,0.797734643567082,0.00000915158082575589,missense|LC,10113679703,10,113679703,
HSPA12A,ENSG00000165868,1,0.770722405518302,0.805301494145214,0.000139094599992784,missense|LC,10116668186,10,116668186,
IFI27L1,ENSG00000165948,1,0.81917232056084,0.844145364133981,-0.000471802652439218,missense|LC,14094078938,14,94078938,
ABTB2,ENSG00000166016,1,0.774300520042878,0.818633259906535,-0.00012138901149689,missense|LC,11034146048,11,34146048,
R3HCC1L,ENSG00000166024,1,0.915665786219409,0.947607285725962,0.0000289543201207044,missense|LC,10098163346,10,98163346,
CMTM5,ENSG00000166091,1,1,0.775196823157511,0.00000587229126698021,missense|LC,14023372900,14,23372900,
PPP1R14D,ENSG00000166143,1,0.898639539556785,0.910446794109863,-0.0000788395148470525,missense|LC,15040810577,15,40810577,
TBATA,ENSG00000166220,1,0.78066976388841,0.962553429372537,-0.000138212999285071,missense|LC,10070771176,10,70771176,
ZNF202,ENSG00000166261,1,0.917640679932973,0.813835838958656,-0.000054224395861882,missense|LC,11123725887,11,123725887,
APBB1,ENSG00000166313,1,0.775924819785953,0.783999789875275,-0.0000900011924023256,missense|LC,11006390445,11,6390445,
TAF10,ENSG00000166337,1,0.853899042337363,0.862773231104956,0.000120011281091194,missense|LC,11006601294,11,6601294,
TPP1,ENSG00000166340,1,0.964770131600537,0.966438332127502,-0.0000248198339142324,missense|LC,11006607970,11,6607970,
OR10A5,ENSG00000166363,1,0.955132459897945,0.774430820163976,0.0000247066479515763,missense|LC,11006845678,11,6845678,
ATP9B,ENSG00000166377,1,0.935197688870791,0.776911259654343,-0.0000271444811442702,missense|LC,18079069336,18,79069336,
SERPINB7,ENSG00000166396,1,0.835163546320372,0.779626265864932,0.000136665187777107,missense|LC,18063782320,18,63782320,
MCM7,ENSG00000166508,1,0.801416859769559,0.917085585055645,-0.0000927250237181855,missense|LC,7100088895,7,100088895,
TVP23A,ENSG00000166676,1,0.955821405612832,0.830169881073229,0.0000502393262432755,missense|LC,16010761709,16,10761709,
CIAO2A,ENSG00000166797,1,0.836885501871922,0.954873024726235,-0.000236011984283686,missense|LC,15064071305,15,64071305,
LDHD,ENSG00000166816,1,0.94245108490256,0.848463314210074,-0.0000307695817863369,missense|LC,16075112252,16,75112252,
PLIN1,ENSG00000166819,1,0.954373093521238,0.961091714119143,-0.0000190682986802545,missense|LC,15089665494,15,89665494,
ATP23,ENSG00000166896,1,0.962485571834603,0.880666498877585,-0.0000265566088840402,missense|LC,12057941569,12,57941569,
AKTIP,ENSG00000166971,1,0.797289651505594,0.810219924688594,0.000157284177175918,missense|LC,16053490070,16,53490070,
TEF,ENSG00000167074,1,1,0.824230486597259,0.00000805630841974488,missense|LC,22041381803,22,41381803,
FBXO22,ENSG00000167196,1,0.779607509346781,0.891632093977339,-0.000159272534044912,missense|LC,15075899378,15,75899378,
MVD,ENSG00000167508,1,0.857247233011584,0.795119642275961,-0.0000792125695098696,missense|LC,16088647024,16,88647024,
CORO6,ENSG00000167549,1,0.913799852882561,0.8643678169784,-0.0000779439134308472,missense|LC,17029610612,17,29610612,
PROSER3,ENSG00000167595,1,0.939517951637108,0.773261933553809,0.0000382416121662639,missense|LC,19035753167,19,35753167,
NFKBID,ENSG00000167604,1,0.884410458809653,0.972461392964268,-0.00018417344692628,missense|LC,19035888513,19,35888513,
SERPINF2,ENSG00000167711,1,0.960512413353801,0.802672784392809,0.0000313506841589573,missense|LC,17001742633,17,1742633,
OR8J3,ENSG00000167822,1,0.796399061114516,0.933676578164801,0.000183660763966569,missense|LC,11056136751,11,56136751,
RPSA,ENSG00000168028,1,0.869183908500687,0.85709548650097,0.000284234387576829,missense|LC,3039407581,3,39407581,
RAB4A,ENSG00000168118,1,0.823874851982695,0.912694673044863,0.000180366488861924,missense|LC,1229271222,1,229271222,
POLR2J3,ENSG00000168255,1,0.86043287504222,0.952034507654081,0.000120016167389313,missense|LC,7102541571,7,102541571,
MGAT2,ENSG00000168282,1,0.856577658466181,0.80771536359493,-0.000110874003772241,missense|LC,14049618729,14,49618729,
MLKL,ENSG00000168404,1,0.952765756165784,0.921935766557512,0.0000155041195915521,missense|LC,16074668256,16,74668256,
LGI3,ENSG00000168481,1,0.860853925031937,0.774668760468732,-0.000105330207818772,missense|LC,8022148101,8,22148101,
CRYGA,ENSG00000168582,1,0.774237986135404,0.851110434081289,-0.000133489510389552,missense|LC,2208160776,2,208160776,
TNIP2,ENSG00000168884,1,0.903779582439925,0.998891158515553,0.0000538524806060616,missense|LC,4002742151,4,2742151,
PPIC,ENSG00000168938,1,0.815379424160786,0.898093922872217,-0.000114868428929891,missense|LC,5123023708,5,123023708,
CEP120,ENSG00000168944,1,0.873538029633943,0.791162861250019,0.0000491903931252074,missense|LC,5123346471,5,123346471,
CA5B,ENSG00000169239,1,0.916326460425513,0.894621715967719,0.0000863809514608328,missense|LC,23015749940,X,15749940,
CD52,ENSG00000169442,1,0.87023514620445,0.773095321583311,-0.000108550915761498,missense|LC,1026317964,1,26317964,
SPRR1B,ENSG00000169469,1,0.843597424890852,0.982312885173507,0.000291536882017884,missense|LC,1153032226,1,153032226,
SPRR1A,ENSG00000169474,1,1,0.940221990217649,-0.0000060243011073838,missense|LC,1152985231,1,152985231,
HNRNPF,ENSG00000169813,1,0.947085552060743,0.965837274417867,-0.0000571144982863886,missense|LC,10043386555,10,43386555,
TACR3,ENSG00000169836,1,0.916844541037749,0.974052606023857,-0.0000470363728044637,missense|LC,4103589588,4,103589588,
GSX1,ENSG00000169840,1,0.959948649702018,0.845319000402734,-0.0000374952003974117,missense|LC,13027792606,13,27792606,
ZNF768,ENSG00000169957,1,0.922889703370434,0.925650192060023,-0.000062073183567028,missense|LC,16030519831,16,30519831,
ALCAM,ENSG00000170017,1,0.783925582861123,0.930107990303281,-0.000136884149984403,missense|LC,3105367323,3,105367323,
SERPINA9,ENSG00000170054,1,0.853565752180629,0.994420790137744,-0.0000968532870467784,missense|LC,14094463043,14,94463043,
ZNF778,ENSG00000170100,1,0.896967395612416,0.828426801059351,0.0000324767236691787,missense|LC,16089221030,16,89221030,
HSPB2,ENSG00000170276,1,0.773980659136591,0.851417219952993,-0.000147490387361498,missense|LC,11111908695,11,111908695,
ELP5,ENSG00000170291,1,0.911025162724805,0.86118200616666,0.000121481196638373,missense|LC,17007247288,17,7247288,
STX8,ENSG00000170310,1,0.788046497498774,0.874133231001006,0.000154524695170401,missense|LC,17009250509,17,9250509,
TMEM182,ENSG00000170417,1,0.987934239940501,0.775236231636036,-0.0000246788130169966,missense|LC,2102762166,2,102762166,
KRT8,ENSG00000170421,1,0.805123031072027,0.788144417484478,-0.0000874123027980524,missense|LC,12052897374,12,52897374,
ARMC10,ENSG00000170632,1,0.937849512983575,0.919874494928087,-0.0000301751326287245,missense|LC,7103074159,7,103074159,
KCNS3,ENSG00000170745,1,0.854924079541846,0.91774634734676,-0.00012532062295781,missense|LC,2017930907,2,17930907,
OR4D5,ENSG00000171014,1,0.982191300811895,0.881088347378739,-0.0000179710869876043,missense|LC,11123939589,11,123939589,
NAIF1,ENSG00000171169,1,0.896372557504061,0.984942658326388,0.0000674167254034245,missense|LC,9128063358,9,128063358,
FAM241B,ENSG00000171224,1,0.986438000820141,0.889065659930821,0.0000151891748258324,missense|LC,10069630552,10,69630552,
CHD7,ENSG00000171316,1,0.886071725441381,0.793272228113483,-0.000034627798202595,missense|LC,8060741385,8,60741385,
KRT9,ENSG00000171403,1,0.840545275955555,0.843186071155113,0.0000742923134589059,missense|LC,17041567093,17,41567093,
MRPL36,ENSG00000171421,1,0.789946300320971,0.890194017535368,-0.000316274975442867,missense|LC,5001798535,5,1798535,
DLK2,ENSG00000171462,1,1,0.928266362541658,-0.00000729617584592281,missense|LC,6043445356,6,43445356,
ZIK1,ENSG00000171649,1,0.769620836092709,0.908537292627243,-0.000262078224134865,missense|LC,19057584181,19,57584181,
SRGAP2C,ENSG00000171943,1,1,0.872094693324631,-0.0000149333433256451,missense|LC,1121183356,1,121183356,
ZNF556,ENSG00000172000,1,0.855219126434004,0.968572051365559,0.000068288531094928,missense|LC,19002867309,19,2867309,
ID4,ENSG00000172201,1,0.894425017134653,0.769834189903992,0.000101142473236453,missense|LC,6019837662,6,19837662,
MACROD2,ENSG00000172264,1,0.947205827932758,0.985631770903008,0.000192173750356112,missense|LC,20013990443,20,13990443,
OR10V1,ENSG00000172289,1,0.91662670344929,0.849980235906217,0.0000404543293104549,missense|LC,11059712871,11,59712871,
C2CD2L,ENSG00000172375,1,0.832945779816303,0.776900972688813,0.000113376608716754,missense|LC,11119107688,11,119107688,
AFF1,ENSG00000172493,1,0.894655070151642,0.97781465297024,-0.000791134900447405,missense|LC,4086948459,4,86948459,
ZNF596,ENSG00000172748,1,0.822160444817082,0.994088852339577,0.0000964455833439078,missense|LC,8000240791,8,240791,
NBEA,ENSG00000172915,1,0.805172409736125,0.951097287433456,-0.000422815340529894,missense|LC,13034942736,13,34942736,
ADCK5,ENSG00000173137,1,0.92911602288394,0.804866103737215,-0.0000516634153048034,missense|LC,8144373970,8,144373970,
CYSLTR1,ENSG00000173198,1,0.946444983512749,0.769476183496548,-0.0000400397953151292,missense|LC,23078272654,X,78272654,
CCR9,ENSG00000173585,1,1,0.943153684554258,-0.00000767604932939502,missense|LC,3045894863,3,45894863,
PSMD1,ENSG00000173692,1,1,0.865958089896536,-0.00000237436279033551,missense|LC,2231056906,2,231056906,
SPATA3,ENSG00000173699,1,1,0.956950446601718,-0.00000165039481954861,missense|LC,2230996132,2,230996132,
WFIKKN2,ENSG00000173714,1,0.829573642550563,0.930413316142032,-0.0000923554881177784,missense|LC,17050835840,17,50835840,
C1orf100,ENSG00000173728,1,0.905988520881463,0.945381906333234,0.0000556691680367739,missense|LC,1244364642,1,244364642,
TRHR,ENSG00000174417,1,0.80800607471371,0.822286745901402,-0.000166116584482209,missense|LC,8109087428,8,109087428,
FAM241A,ENSG00000174749,1,0.945070581788283,0.789285457211264,-0.0000824381312652885,missense|LC,4112145462,4,112145462,
ZIC4,ENSG00000174963,1,0.940875995735231,0.911125342381432,-0.0000275920376091733,missense|LC,3147390814,3,147390814,
CLTB,ENSG00000175416,1,0.878513797339153,0.834306937043051,0.000196212051231886,missense|LC,5176388197,5,176388197,
RFESD,ENSG00000175449,1,0.799659709653339,0.953526722222669,-0.000310016071392454,missense|LC,5095652142,5,95652142,
SART1,ENSG00000175467,1,0.858242232245064,0.806825617588808,0.000063133653807219,missense|LC,11065958823,11,65958823,
C11orf68,ENSG00000175573,1,0.925136042288655,0.92193070733044,0.0000716690466644472,missense|LC,11065917369,11,65917369,
PRM1,ENSG00000175646,1,0.990998568615833,0.846314810737761,-0.00000749541435766683,missense|LC,16011275851,16,11275851,
SLC35E3,ENSG00000175782,1,0.841578206290889,0.890411115248747,0.000186863939520061,missense|LC,12068741736,12,68741736,
CBLL2,ENSG00000175809,1,0.910411029318546,0.800693074465878,-0.0000600277430609457,missense|LC,23022272948,X,22272948,
B3GALT6,ENSG00000176022,1,0.855965616960218,0.851954710526703,-0.000107520731439798,missense|LC,1001228365,1,1228365,
OR11H6,ENSG00000176219,1,0.790657882010093,0.871531433673116,0.000112690777674342,missense|LC,14020223690,14,20223690,
OR10H4,ENSG00000176231,1,0.803760258536702,0.809138926596634,-0.000138285691825986,missense|LC,19015948980,19,15948980,
CNBD1,ENSG00000176571,1,0.936979647408984,0.842706132326376,-0.0000509798010044714,missense|LC,8086866453,8,86866453,
PFN4,ENSG00000176732,1,1,0.919973533011248,0.00000224098110510164,missense|LC,2024115518,2,24115518,
OR51V1,ENSG00000176742,1,0.933946425187491,0.842869551626807,-0.0000426882303826924,missense|LC,11005199674,11,5199674,
RUFY1,ENSG00000176783,1,0.888257831513583,0.912339583936618,0.0000535285393017238,missense|LC,5179550514,5,179550514,
TYMS,ENSG00000176890,1,0.874134229026007,0.901512657916982,-0.0000774455251271613,missense|LC,18000657675,18,657675,
SCN4B,ENSG00000177098,1,1,0.85182248251021,-0.0000112425154914751,missense|LC,11118136996,11,118136996,
SPACA4,ENSG00000177202,1,0.831234497076677,0.821167155524112,0.000179486929231033,missense|LC,19048603393,19,48603393,
ST8SIA3,ENSG00000177511,1,0.771965092236176,0.861235715808012,-0.000268860233019549,missense|LC,18057352793,18,57352793,
TEX44,ENSG00000177673,1,0.968583615747553,0.784841943249537,0.0000101079496173505,missense|LC,2231592902,2,231592902,
NAALADL2,ENSG00000177694,1,0.957880965496773,0.935578154703143,0.000617262317331616,missense|LC,3174859363,3,174859363,
TMEM94,ENSG00000177728,1,0.970476679388595,0.799820774392965,-0.0000156671487946951,missense|LC,17075476511,17,75476511,
YIPF7,ENSG00000177752,1,0.781563195147564,0.940423313405385,-0.000270689733191691,missense|LC,4044622337,4,44622337,
CHID1,ENSG00000177830,1,0.819540376226084,0.984530375423781,0.00014837236645574,missense|LC,11000864332,11,864332,
ZNF518A,ENSG00000177853,1,0.843301007112156,0.805222206257684,-0.0000473464375223882,missense|LC,10096156236,10,96156236,
ZNF619,ENSG00000177873,1,0.913137223244958,0.951016904150517,0.0000375855808484105,missense|LC,3040477905,3,40477905,
ODF3,ENSG00000177947,1,0.992180822188345,0.954756809019551,-0.0000143406334733433,missense|LC,11000193065,11,193065,
SPINK6,ENSG00000178172,1,0.972135721616094,0.80879842751859,0.000129800966017074,missense|LC,5148203035,5,148203035,
LCORL,ENSG00000178177,1,0.846102190672934,0.859199722053259,0.000282378670076178,missense|LC,4017880633,4,17880633,
SHISA3,ENSG00000178343,1,0.954626191716873,0.945327992054577,0.0000642896451371551,missense|LC,4042397977,4,42397977,
CALML3,ENSG00000178363,1,1,0.917084323508577,-0.0000266386831259987,missense|LC,10005525039,10,5525039,
NEUROG2,ENSG00000178403,1,0.769419534771734,0.934042673474949,-0.000225628389849198,missense|LC,4112514587,4,112514587,
NT5DC1,ENSG00000178425,1,0.889254083682679,0.935694994641397,0.0000821506115292405,missense|LC,6116100876,6,116100876,
GLDC,ENSG00000178445,1,0.90774025442344,0.875373239541216,0.0000243447335079837,missense|LC,9006532984,9,6532984,
RNF186,ENSG00000178828,1,0.848775056184435,0.989161357852562,-0.000088142739407687,missense|LC,1019814341,1,19814341,
RFLNA,ENSG00000178882,1,0.988963762623718,1,-0.0000130822906226886,missense|LC,12123973099,12,123973099,
CYBC1,ENSG00000178927,1,0.842088958742858,0.896128087876751,0.000151011484736552,missense|LC,17082439350,17,82439350,
ZBTB7A,ENSG00000178951,1,0.770479524872443,0.913027694007442,-0.000175639974233608,missense|LC,19004047655,19,4047655,
GIMAP7,ENSG00000179144,1,1,0.971323354152166,0.00000468068032466231,missense|LC,7150512763,7,150512763,
ZNF664,ENSG00000179195,1,0.97365431984387,1,0.0000250441663926726,missense|LC,12123973099,12,123973099,
ELMOD2,ENSG00000179387,1,0.791174248251277,0.790916037362144,-0.000154058679743878,missense|LC,4140524517,4,140524517,
PDXDC1,ENSG00000179889,1,0.805092040399132,0.890319146610257,0.00116598557442314,missense|LC,16014974644,16,14974644,
TRNAU1AP,ENSG00000180098,1,0.86962567213719,0.876210355283713,0.000105892375381417,missense|LC,1028553017,1,28553017,
ALX1,ENSG00000180318,1,0.942425758871692,0.984011399168929,-0.000033486039394966,missense|LC,12085280205,12,85280205,
DEFB119,ENSG00000180483,1,0.825198873880946,0.786197993873581,0.000183465194509451,missense|LC,20031388968,20,31388968,
ZSCAN4,ENSG00000180532,1,0.81859801749018,0.88461075450935,-0.000186401427355595,missense|LC,19057676062,19,57676062,
MB21D2,ENSG00000180611,1,0.992680251808441,0.847235819712767,-0.0000149426448315903,missense|LC,3192798287,3,192798287,
OR56B4,ENSG00000180919,1,0.840392618163603,0.781123301378929,0.000104081996823608,missense|LC,11006107698,11,6107698,
TRAPPC5,ENSG00000181029,1,0.86928462500883,0.943949927942587,0.000235404145165452,missense|LC,19007677019,19,7677019,
TMIE,ENSG00000181585,1,0.897089212686987,0.929356555745573,0.0000882262274556952,missense|LC,3046701414,3,46701414,
PHLDA2,ENSG00000181649,1,0.803202499528528,0.934583053506876,-0.000328997350459069,missense|LC,11002924933,11,2924933,
CLDN7,ENSG00000181885,1,0.931796480805768,0.983388562759347,0.0000802245213106261,missense|LC,17007256777,17,7256777,
ZNF329,ENSG00000181894,1,0.963966769529964,0.853261913156849,0.0000234796688350052,missense|LC,19058127804,19,58127804,
OR4P4,ENSG00000181927,1,0.894640558327893,0.955224425653731,0.0000533980428454126,missense|LC,11055638359,11,55638359,
EXT1,ENSG00000182197,1,0.898634335719342,0.805245271408916,-0.000115007351297021,missense|LC,8117799624,8,117799624,
PGBD4,ENSG00000182405,1,0.946226913652124,0.998922636862835,-0.000037931313915142,missense|LC,15034101522,15,34101522,
MXRA7,ENSG00000182534,1,0.933714276707992,0.934206383047024,0.0000786698230003049,missense|LC,17076677552,17,76677552,
ANXA2,ENSG00000182718,1,0.904345710273359,0.80071581125256,-0.000107212961760385,missense|LC,15060347554,15,60347554,
PAQR7,ENSG00000182749,1,0.852623767449381,0.950340093691186,0.0000813728238772831,missense|LC,1025859191,1,25859191,
AC135068.1,ENSG00000182974,1,0.805483106826494,0.834689443637372,0.000365847268817318,missense|LC,15021638240,15,21638240,
CAMK1D,ENSG00000183049,1,0.9190007134521,0.889087623801083,0.000109991482703693,missense|LC,10012349772,10,12349772,
ARHGEF37,ENSG00000183111,1,0.901903187250321,0.775927078966111,-0.0000574524190930368,missense|LC,5149597678,5,149597678,
ANKRD20A2P,ENSG00000183148,1,0.976505703542861,0.972608047361716,-0.0000256178334856816,missense|LC,9040223348,9,40223348,
SPDYE4,ENSG00000183318,1,1,0.771254133854229,0.00000302371125890529,missense|LC,17008753106,17,8753106,
COA5,ENSG00000183513,1,0.919052189422233,0.945842005313889,-0.00019366979707626,missense|LC,2098600688,2,98600688,
PSMG1,ENSG00000183527,1,0.98079572649802,0.890990738040861,-0.0000156144080353379,missense|LC,21039175424,21,39175424,
OPCML,ENSG00000183715,1,0.810366011984444,0.908121538167281,-0.000201839909475751,missense|LC,11132420136,11,132420136,
LHFPL6,ENSG00000183722,1,0.844651673792753,0.835583519912025,-0.000298286692721892,missense|LC,13039343883,13,39343883,
TMPRSS2,ENSG00000184012,1,0.980409330951222,0.798822097362742,-0.0000104812227194342,missense|LC,21041466046,21,41466046,
ADRA2C,ENSG00000184160,1,0.879387416799389,0.939691675118526,-0.0000919442806613595,missense|LC,4003766498,4,3766498,
UBE2F,ENSG00000184182,1,0.811695430797419,0.99252492453815,0.000492390579974898,missense|LC,2237967014,2,237967014,
KCNJ12,ENSG00000184185,1,0.875600397041847,0.869063392066749,-0.0000850394568992008,missense|LC,17021415198,17,21415198,
KRTAP19-1,ENSG00000184351,1,0.913178880008521,0.90285238725887,-0.0000644919911724508,missense|LC,21030479959,21,30479959,
H2BC21,ENSG00000184678,1,0.851182160610897,0.885675357622438,-0.000199991402535792,missense|LC,1149886114,1,149886114,
SERINC4,ENSG00000184716,1,0.881372250888538,0.899765423916677,-0.000064203460549609,missense|LC,15043792321,15,43792321,
SMIM10,ENSG00000184785,1,0.841223790979927,0.79601868554556,0.00044147816554356,missense|LC,23134990969,X,134990969,
FMNL1,ENSG00000184922,1,0.868289094531418,0.951741582394235,-0.0000572349993829216,missense|LC,17045222029,17,45222029,
TMEM106A,ENSG00000184988,1,0.853713622452417,0.786175028829814,-0.000124150235469582,missense|LC,17043209503,17,43209503,
FLRT2,ENSG00000185070,1,0.852053833891467,0.807023513805644,0.0000757422184087673,missense|LC,14085621439,14,85621439,
FAM43A,ENSG00000185112,1,0.812032413037093,0.810785272867637,0.000192189549184271,missense|LC,3194686713,3,194686713,
PURA,ENSG00000185129,1,0.936679017051945,0.860074363327267,-0.000074626933204189,missense|LC,5140114221,5,140114221,
DLK1,ENSG00000185559,1,0.860228762230852,0.954705469423534,0.000100680608040348,missense|LC,14100726969,14,100726969,
C6orf201,ENSG00000185689,1,0.778321403699817,0.927666031822988,0.000170350671864025,missense|LC,6004074378,6,4074378,
THNSL1,ENSG00000185875,1,0.982674249902758,0.904023079590139,-0.00000625795532282102,missense|LC,10025015776,10,25015776,
SETD4,ENSG00000185917,1,0.773603258511174,0.858331478524713,0.000149193215738177,missense|LC,21036036017,21,36036017,
LEMD1,ENSG00000186007,1,0.897340690772395,0.940194381941713,0.0000556404611229835,missense|LC,1205381588,1,205381588,
CD300LF,ENSG00000186074,1,0.779537421548475,0.908377486372223,-0.000129693744300832,missense|LC,17074695001,17,74695001,
OR5D18,ENSG00000186119,1,0.855058309860477,0.855293051578101,0.000097554748027699,missense|LC,11055819597,11,55819597,
TAS2R42,ENSG00000186136,1,0.811731756141035,0.834210739821977,0.000268902361149542,missense|LC,12011185950,12,11185950,
ZNRF1,ENSG00000186187,1,0.834478978603834,0.858164686402789,-0.000175397759977629,missense|LC,16074999600,16,74999600,
KLHL32,ENSG00000186231,1,0.88026841842269,0.897169000720553,-0.000442337614361254,missense|LC,6096967001,6,96967001,
KDM4D,ENSG00000186280,1,0.83717837814865,0.797339995629086,-0.0000775825200443548,missense|LC,11094969942,11,94969942,
GPAT2,ENSG00000186281,1,0.837717160270577,0.796639517474526,0.0000923952668305682,missense|LC,2096019081,2,96019081,
C5orf38,ENSG00000186493,1,0.967520582260945,0.820881191775542,-0.0000391745666491841,missense|LC,5002747510,5,2747510,
DEFB105A,ENSG00000186562,1,0.785020454340882,1,-0.000783801993897418,missense|LC,8007823274,8,7823274,
FOXD2,ENSG00000186564,1,1,0.840360561198704,0.00000228903453019024,missense|LC,1047438021,1,47438021,
ZNF732,ENSG00000186777,1,0.980188892294212,0.838438409858081,-0.0000124732924215138,missense|LC,4000271043,4,271043,
HYAL3,ENSG00000186792,1,0.824926164599464,0.94036020688723,0.000105527852110689,missense|LC,3050288137,3,50288137,
C1QL4,ENSG00000186897,1,0.795876854468621,0.909094182948397,0.0002617353874077,missense|LC,12049327420,12,49327420,
FAM183A,ENSG00000186973,1,0.963525185976547,0.771264789456186,0.0000421707369218024,missense|LC,1043145197,1,43145197,
SHTN1,ENSG00000187164,1,0.987542452509798,0.879344238009452,-0.0000193252561218324,missense|LC,10116879245,10,116879245,
MT1X,ENSG00000187193,1,0.979734492953301,0.942912817028579,-0.000102014961901241,missense|LC,16056682441,16,56682441,
FNBP1,ENSG00000187239,1,0.889914202918111,0.831883833560558,-0.0000747248901763989,missense|LC,9129890481,9,129890481,
LUZP2,ENSG00000187398,1,0.904723089376691,0.897077785350046,0.000112447707160618,missense|LC,11024497158,11,24497158,
COL4A1,ENSG00000187498,1,0.925782062989364,0.932173972649003,-0.000033591563272455,missense|LC,13110150298,13,110150298,
ISG15,ENSG00000187608,1,0.847911960418958,0.874449738515398,0.000183926237647748,missense|LC,1001013496,1,1013496,
ZFP69B,ENSG00000187801,1,0.911567240322147,0.894338432093604,-0.0000312289782744167,missense|LC,1040450839,1,40450839,
P2RX2,ENSG00000187848,1,0.910009079949036,0.801832495617312,-0.0000549979107058252,missense|LC,12132618727,12,132618727,
LDLRAD2,ENSG00000187942,1,1,0.991930606287931,0.0000136439136504026,missense|LC,1021812397,1,21812397,
C11orf95,ENSG00000188070,1,0.949009259158638,0.954708949140542,0.00003354759014363,missense|LC,11063756074,11,63756074,
FAM25A,ENSG00000188100,1,0.817610956394324,0.825947532810809,0.000353186531812414,missense|LC,10087020189,10,87020189,
AD000671.1,ENSG00000188223,1,0.788152793379693,0.921750586292698,-0.00123006761075293,missense|LC,19035740951,19,35740951,
RUFY4,ENSG00000188282,1,0.858147163512265,0.835840718006482,-0.0000616224518899287,missense|LC,2218070543,2,218070543,
PRR19,ENSG00000188368,1,0.966338462271627,0.850743528476265,-0.000023923417431188,missense|LC,19042309525,19,42309525,
HBA2,ENSG00000188536,1,0.833093217667637,0.907392372704793,0.000610790189543003,missense|LC,16000173239,16,173239,
DUSP28,ENSG00000188542,1,0.873099354765918,0.776530636101223,-0.000141508979510538,missense|LC,2240557077,2,240557077,
KRTAP1-1,ENSG00000188581,1,0.772928118194624,0.955461492212196,0.000112860393026855,missense|LC,17041040768,17,41040768,
CFAP54,ENSG00000188596,1,0.847830855844386,0.968765563417463,-0.0000393624917379788,missense|LC,12096489523,12,96489523,
MTF1,ENSG00000188786,1,0.777909204360689,0.938421015220026,0.000115075896226872,missense|LC,1037806716,1,37806716,
NHLRC3,ENSG00000188811,1,0.779850358914582,0.866636325526366,-0.000110307868279395,missense|LC,13039034084,13,39034084,
JPT1,ENSG00000189159,1,0.809165927116361,0.961711683379508,-0.000156896104621865,missense|LC,17075130380,17,75130380,
MAOA,ENSG00000189221,1,0.971944394234858,0.793244108087423,0.0000346867736301124,missense|LC,23043656301,X,43656301,
VN1R2,ENSG00000196131,1,0.891229828401621,0.824145973310246,-0.0000680078337978091,missense|LC,19053258511,19,53258511,
BECN2,ENSG00000196289,1,0.801676548784098,0.944868061990788,0.000102281883578544,missense|LC,1241957635,1,241957635,
MYO6,ENSG00000196586,1,0.829216260984916,0.978340724414959,0.0000679590598680644,missense|LC,6075817510,6,75817510,
HRH1,ENSG00000196639,1,0.851559904778542,0.937418344647547,0.0000790850938299408,missense|LC,3011258956,3,11258956,
ZNF763,ENSG00000197054,1,0.88304305183434,0.970759124326061,0.0000995813936037498,missense|LC,19011965097,19,11965097,
KIAA1671,ENSG00000197077,1,0.96819129620053,0.788333442972423,0.0000109307111841193,missense|LC,22025027975,22,25027975,
MAGEA6,ENSG00000197172,1,0.98639767722039,0.958864213929197,-0.000007975142945048,missense|LC,23152766631,X,152766631,
EOLA1,ENSG00000197620,1,0.780652365784123,0.861282714993914,0.000143031795842997,missense|LC,23149541724,X,149541724,
DPP4,ENSG00000197635,1,0.808583757302693,0.8818874141809,-0.000247913216980879,missense|LC,2161993236,2,161993236,
CR1L,ENSG00000197721,1,0.92803900448136,0.872676235792488,0.0000390649136709568,missense|LC,1207645159,1,207645159,
LHFPL5,ENSG00000197753,1,0.994626207124959,0.881713183660364,0.0000195494946171199,missense|LC,6035795021,6,35795021,
NRAP,ENSG00000197893,1,0.7842972460172,0.950391143874116,-0.0000602428857035098,missense|LC,10113584082,10,113584082,
SULT1C4,ENSG00000198075,1,0.971177729101338,0.952054293723823,-0.0000470622324184831,missense|LC,2108378265,2,108378265,
ADH4,ENSG00000198099,1,0.939801890686287,0.936111783831874,-0.0000352539813333699,missense|LC,4099124407,4,99124407,
MAN1A2,ENSG00000198162,1,0.975343205390202,0.8382186064071,0.00002958264035802,missense|LC,1117368099,1,117368099,
SLC29A3,ENSG00000198246,1,0.859072098773906,0.788210784224811,0.0000687546213007804,missense|LC,10071322663,10,71322663,
MAFK,ENSG00000198517,1,0.909581644036023,0.834985760634482,-0.000182111835249179,missense|LC,7001537297,7,1537297,
ZNF43,ENSG00000198521,1,0.831639916501894,0.893628628970612,-0.0000727933894921055,missense|LC,19021807524,19,21807524,
ARC,ENSG00000198576,1,0.891125484776194,0.770740056046198,-0.000145744608679382,missense|LC,8142613009,8,142613009,
MAGEA1,ENSG00000198681,1,0.941592760309896,0.785474691952973,-0.0000397941623713246,missense|LC,23153182349,X,153182349,
RASSF9,ENSG00000198774,1,0.890805695993681,0.872430708258063,0.0000751880793886257,missense|LC,12085804611,12,85804611,
UBE2J1,ENSG00000198833,1,0.790089886565716,0.873446217239341,0.000319951633100854,missense|LC,6089329591,6,89329591,
GRK5,ENSG00000198873,1,0.785785019072854,0.973765447368856,0.000193987696764978,missense|LC,10119207836,10,119207836,
CR1,ENSG00000203710,1,0.844433328858482,0.794263687315523,0.0000514053340254247,missense|LC,1207496131,1,207496131,
GPR52,ENSG00000203737,1,0.91765145246334,0.947317825887685,-0.000102384844965432,missense|LC,1174448058,1,174448058,
SPANXN1,ENSG00000203923,1,0.769525355359787,0.947353730830417,0.000545429317239593,missense|LC,23145247532,X,145247532,
C1orf185,ENSG00000204006,1,0.845121116728694,0.914272153520459,0.0000773496400741474,missense|LC,1051112413,1,51112413,
BMPR2,ENSG00000204217,1,0.805379026426765,0.771808222008604,0.000150648473812456,missense|LC,2202377403,2,202377403,
HSD17B8,ENSG00000204228,1,0.806917999598413,0.770166909784407,-0.000186060999218948,missense|LC,6033200128,6,33200128,
CARD16,ENSG00000204397,1,0.878234315782757,0.781616487383547,-0.0000995349806216964,missense|LC,11105041339,11,105041339,
TRIM49C,ENSG00000204449,1,0.776671638430967,0.929196675135876,-0.000105164458894191,missense|LC,11090035111,11,90035111,
OR2J2,ENSG00000204700,1,0.900674155334962,0.821412719992502,0.00011612345743325,missense|LC,6029173613,6,29173613,
INSYN2B,ENSG00000204767,1,0.842466284440126,0.855389832556458,-0.0000900279580492858,missense|LC,5169864211,5,169864211,
KRTAP4-8,ENSG00000204880,1,0.852152651567592,0.947597844372133,-0.000107905336349277,missense|LC,17041097388,17,41097388,
ZNF783,ENSG00000204946,1,0.835973423105443,0.988645037593312,0.0000893471164555433,missense|LC,7149262233,7,149262233,
ZNF425,ENSG00000204947,1,0.860576381378451,0.817997140326808,0.0000620395430113618,missense|LC,7149103491,7,149103491,
MS4A13,ENSG00000204979,1,0.934660865919753,0.814616512351869,0.000104279660016768,missense|LC,11060518015,11,60518015,
TMEM170B,ENSG00000205269,1,0.849763576507401,0.91597214368985,-0.000348794010534817,missense|LC,6011538226,6,11538226,
MUC12,ENSG00000205277,1,0.773083676153959,0.858196811810367,-0.0000309205022357156,missense|LC,7100964625,7,100964625,
SMN2,ENSG00000205571,1,0.849350740955095,0.865641085464786,0.000143463896448971,missense|LC,5070076489,5,70076489,
MFSD2B,ENSG00000205639,1,0.900804701221348,0.955980327115492,-0.0000581762575620916,missense|LC,2024010085,2,24010085,
CYS1,ENSG00000205795,1,0.853428338917249,0.991007567417633,-0.000187499084851937,missense|LC,2010052157,2,10052157,
ATP10A,ENSG00000206190,1,0.981004483775469,0.773007318494593,0.00000615253370910466,missense|LC,15025679265,15,25679265,
TSSK2,ENSG00000206203,1,0.862920926687735,0.868850138376508,0.000065156765062925,missense|LC,22019131331,22,19131331,
HACD2,ENSG00000206527,1,0.888409806569019,0.96986741369317,0.000192374106328604,missense|LC,3123494859,3,123494859,
XKR4,ENSG00000206579,1,0.820892311638807,0.826100921030858,0.000208230814498269,missense|LC,8055102311,8,55102311,
IGLJ1,ENSG00000211674,1,0.925935749969422,0.855132884527596,0.000265645003407301,missense|LC,22022893676,22,22893676,
IGHV4-28,ENSG00000211952,1,0.816290114908149,0.892312863444746,-0.000100350095808579,missense|LC,14106324208,14,106324208,
KRTAP4-11,ENSG00000212721,1,0.990564908655918,0.774968328799325,0.00000966582601962546,missense|LC,17041117594,17,41117594,
KRTAP4-9,ENSG00000212722,1,0.874178136813587,0.801695966016744,0.0000933827342554043,missense|LC,17041101741,17,41101741,
RNF208,ENSG00000212864,1,0.94118918826589,0.958022719242438,-0.0000414896970323688,missense|LC,9137215254,9,137215254,
LINGO4,ENSG00000213171,1,0.945031276471571,0.837702729367063,-0.0000243269214634919,missense|LC,1151800845,1,151800845,
CSH2,ENSG00000213218,1,0.782942121502344,0.787743811728396,0.000158054718031994,missense|LC,17063871986,17,63871986,
TSGA13,ENSG00000213265,1,0.946066973089546,0.989682917100849,0.0000537193424431141,missense|LC,7130666854,7,130666854,
KRTAP2-4,ENSG00000213417,1,0.953388486799007,0.794795523604465,0.0000269043891243069,missense|LC,17041060116,17,41060116,
TREX1,ENSG00000213689,1,0.883285838533231,0.875662009703944,0.0000807032207394542,missense|LC,3048463616,3,48463616,
MEF2B,ENSG00000213999,1,0.900419451956195,0.786908666776676,0.000122036995500307,missense|LC,19019145598,19,19145598,
IQCJ,ENSG00000214216,1,0.895622627741151,0.792445883347239,0.000176250022027891,missense|LC,3159069327,3,159069327,
NPIPA8,ENSG00000214940,1,0.885872666424761,0.831637779010927,-0.00144359657606986,missense|LC,16018321109,16,18321109,
C16orf90,ENSG00000215131,1,0.973105129879775,0.862387717871505,-0.0000170670900770533,missense|LC,16003493752,16,3493752,
MSMP,ENSG00000215183,1,0.874494809298909,0.86058307355133,-0.000153497272759892,missense|LC,9035748325,9,35748325,
PEX26,ENSG00000215193,1,1,0.907068145586354,-0.00000382974243396339,missense|LC,22018078336,22,18078336,
TMEM242,ENSG00000215712,1,0.846371641814802,0.981368870706681,0.000154583731974192,missense|LC,6157292867,6,157292867,
CYB5RL,ENSG00000215883,1,0.796048776316852,0.911683383516851,-0.000126421181096678,missense|LC,1054174520,1,54174520,
CCDC7,ENSG00000216937,1,0.97462778717168,0.913878635611171,-0.0000106820069556301,missense|LC,10032451646,10,32451646,
OR2A5,ENSG00000221836,1,0.863074305468658,0.908359748107761,-0.000101604109189029,missense|LC,7144050365,7,144050365,
OR6X1,ENSG00000221931,1,0.905670211038263,0.80995168035106,0.0000858459018681305,missense|LC,11123753538,11,123753538,
OR4C12,ENSG00000221954,1,0.786808799082019,0.985784525995144,0.000293234088533727,missense|LC,11049981556,11,49981556,
TRIM49D1,ENSG00000223417,1,0.867207462803018,0.809938878047869,-0.000272685567174996,missense|LC,11089911391,11,89911391,
PLEKHM1,ENSG00000225190,1,1,0.826991262063662,1.93960941516662e-7,missense|LC,17045437818,17,45437818,
MROH5,ENSG00000226807,1,0.791287580870618,0.92299802187307,-0.0000591490269592026,missense|LC,8141430853,8,141430853,
ERVMER34-1,ENSG00000226887,1,0.88842964177887,0.958446976358471,0.000756279746801492,missense|LC,4052743754,4,52743754,
WDR46,ENSG00000227057,1,1,0.876403554805434,-0.00000144539170999571,missense|LC,6033275775,6,33275775,
LYRM9,ENSG00000232859,1,0.930556998362134,0.789109133968232,-0.000189716071262447,missense|LC,17027879375,17,27879375,
PIRT,ENSG00000233670,1,0.936977043107972,0.803933365835097,-0.0000628763519356968,missense|LC,17010825120,17,10825120,
ANKRD34C,ENSG00000235711,1,0.96247273206591,0.837098889046614,-0.0000183189989312088,missense|LC,15079293285,15,79293285,
OR5H14,ENSG00000236032,1,0.850293834765858,0.816197304830819,-0.0000637969941883386,missense|LC,3098149282,3,98149282,
CKMT1B,ENSG00000237289,1,0.94663659168492,0.852956767374544,-0.0000350132326905734,missense|LC,15043596343,15,43596343,
RNF223,ENSG00000237330,1,0.925468119021827,0.932114882943375,-0.000032741257207993,missense|LC,1001071748,1,1071748,
KLHL41,ENSG00000239474,1,0.917412081865666,0.977967631501227,-0.0000463036613888006,missense|LC,2169504763,2,169504763,
SMKR1,ENSG00000240204,1,0.78635331059984,0.78510656951626,0.000359083322681451,missense|LC,7129502691,7,129502691,
UGT1A9,ENSG00000241119,1,0.85833169890693,0.854166624287571,0.0000817494387459625,missense|LC,2233671737,2,233671737,
CDRT1,ENSG00000241322,1,1,0.851469571211985,-0.0000066537790420473,missense|LC,17015588814,17,15588814,
ARHGAP8,ENSG00000241484,1,0.820027693677508,0.82560583136168,-0.0000469179506382663,missense|LC,22044786336,22,44786336,
UGT1A8,ENSG00000242366,1,0.844754783653738,0.788793785516456,-0.0000886316770819305,missense|LC,2233617551,2,233617551,
RBMY1E,ENSG00000242389,1,0.983287165891867,0.99872167049593,-0.000191492568922885,missense|LC,24021903973,Y,21903973,
AC006254.1,ENSG00000243696,1,0.990690315162542,0.970790692215709,-0.000019411079838663,missense|LC,3052808433,3,52808433,
GSTA1,ENSG00000243955,1,0.855013535206812,0.954154030932246,-0.000110595357332774,missense|LC,6052791767,6,52791767,
NFS1,ENSG00000244005,1,0.80254939545032,0.910920491590357,0.000122559662206148,missense|LC,20035669561,20,35669561,
TMEM199,ENSG00000244045,1,0.913999659228688,0.821799271938237,0.0000828683027316693,missense|LC,17028352887,17,28352887,
IFITM10,ENSG00000244242,1,0.860164594989741,0.799751963746189,-0.0000703507863644923,missense|LC,11001735179,11,1735179,
CFHR1,ENSG00000244414,1,0.883522493626624,0.906313030747575,0.000123776728846144,missense|LC,1196825462,1,196825462,
CCDC13,ENSG00000244607,1,0.887993412883568,0.953161696795681,0.0000572416056091932,missense|LC,3042700759,3,42700759,
PTCHD4,ENSG00000244694,1,0.876224385273504,0.97230159165,0.000103305141614978,missense|LC,6047878239,6,47878239,
TARM1,ENSG00000248385,1,0.993979556375078,0.780487597749788,0.00000612655893774668,missense|LC,19054069946,19,54069946,
POU5F2,ENSG00000248483,1,0.946187870268894,0.781297446360095,-0.0000468382261382456,missense|LC,5093740484,5,93740484,
USP17L17,ENSG00000249104,1,0.938913343448405,0.917926237645262,-0.0000503289193235869,missense|LC,4009239201,4,9239201,
FER1L5,ENSG00000249715,1,0.843984703209352,0.907834487535718,-0.0000515789661297531,missense|LC,2096642748,2,96642748,
AC092647.5,ENSG00000249773,1,0.898973960851089,0.788082321969607,0.000122446681382522,missense|LC,7055912593,7,55912593,
ATP6V1E2,ENSG00000250565,1,0.856687695359711,0.909906101023907,0.000123916269414412,missense|LC,2046511965,2,46511965,
AC068580.4,ENSG00000250644,1,0.780096900450251,0.950751178601858,0.000107204278000254,missense|LC,11001747598,11,1747598,
AP000350.4,ENSG00000251357,1,0.904893910470081,0.952279920478661,-0.0000551450196456866,missense|LC,22023857352,22,23857352,
PYDC2,ENSG00000253548,1,0.943968517936661,0.782760910393782,0.00011405546750229,missense|LC,3191461108,3,191461108,
HSPB2-C11orf52,ENSG00000254445,1,0.773980659136591,0.851417219952993,-0.000147490387361498,missense|LC,11111908695,11,111908695,
SAA2-SAA4,ENSG00000255071,1,0.937146092562491,0.78543858325897,-0.000045510190392129,missense|LC,11018231427,11,18231427,
HTD2,ENSG00000255154,1,0.820412096593651,0.790675424417508,-0.00177000957005188,missense|LC,3058310264,3,58310264,
FXYD6-FXYD2,ENSG00000255245,1,0.958695566936675,0.993890101924067,0.0000451388546526476,missense|LC,11117820558,11,117820558,
OR52B2,ENSG00000255307,1,1,0.932693684296732,-0.0000048046872700985,missense|LC,11006169278,11,6169278,
AC005833.1,ENSG00000255639,1,0.879594150005906,0.902725467103425,-0.0000841780437839453,missense|LC,12004649026,12,4649026,
AL117348.2,ENSG00000255835,1,0.8994607011891,0.983953316774783,0.000125769310755018,missense|LC,1225886550,1,225886550,
TAS2R20,ENSG00000255837,1,0.848759404483949,0.876018950409679,0.000184098487616824,missense|LC,12010996853,12,10996853,
DNAAF4,ENSG00000256061,1,0.858076547284566,0.91702706014877,0.0000901095433553988,missense|LC,15055430304,15,55430304,
AC018523.2,ENSG00000256206,1,0.881148214834627,0.897317189550449,0.000409891837452823,missense|LC,11014490550,11,14490550,
AL357673.1,ENSG00000256407,1,0.913160200427989,0.957655298192543,-0.000118157963501339,missense|LC,1054139466,1,54139466,
AP003108.2,ENSG00000256591,1,0.932937805125076,0.790700903041704,-0.00011049620935417,missense|LC,11061429186,11,61429186,
OR11H12,ENSG00000257115,1,0.858243819847811,0.885965985346646,0.0000567763698835722,missense|LC,14018601090,14,18601090,
ZNF878,ENSG00000257446,1,0.856550295986346,0.783244830475915,0.0000905040160796915,missense|LC,19012043718,19,12043718,
INAFM1,ENSG00000257704,1,0.779122245990081,0.859501089812671,-0.000203853446316249,missense|LC,19047270334,19,47270334,
CHURC1,ENSG00000258289,1,0.840563226769178,0.973241129384012,0.000109921879371896,missense|LC,14064914230,14,64914230,
SPECC1L-ADORA2A,ENSG00000258555,1,1,0.803308219732602,0.0000016956610236197,missense|LC,22024269379,22,24269379,
UBE2F-SCLY,ENSG00000258984,1,0.820486336372956,0.990792276190259,0.000471328097568741,missense|LC,2237967077,2,237967077,
ZHX1-C8orf76,ENSG00000259305,1,1,0.839253693615159,-0.00000260417626202706,missense|LC,8123226077,8,123226077,
TBC1D3G,ENSG00000260287,1,0.884011670443463,0.943354837544353,-0.00225294823286236,missense|LC,17036327445,17,36327445,
TMEM249,ENSG00000261587,1,0.945253608280412,0.899006567615168,0.0000321802689808398,missense|LC,8144353229,8,144353229,
CORO7,ENSG00000262246,1,0.959935230010319,0.882228284805424,-0.000017030029976375,missense|LC,16004351178,16,4351178,
AC018512.1,ENSG00000262560,1,0.964287102380249,0.936653222348971,0.0000732074183229316,missense|LC,15043768461,15,43768461,
NBPF11,ENSG00000263956,1,0.81363197683049,0.807736579128566,0.0000743744733483912,missense|LC,1148103513,1,148103513,
AC004805.1,ENSG00000266076,1,0.978700898140066,0.803317784747182,0.000162377368440797,missense|LC,17065533838,17,65533838,
AC005697.1,ENSG00000266202,1,0.930556998362134,0.789109133968232,-0.000189716071262447,missense|LC,17027798678,17,27798678,
EDDM13,ENSG00000267710,1,1,0.953718548657844,-0.00000238037581331347,missense|LC,19056272792,19,56272792,
SSX4,ENSG00000268009,1,0.876887192998055,0.862659815996415,0.000218167781427407,missense|LC,23048384501,X,48384501,
CT45A1,ENSG00000268940,1,0.991024507051164,0.913091462827221,0.0000574416275781853,missense|LC,23135718946,X,135718946,
AC010319.2,ENSG00000269035,1,0.798543939106369,0.896485526747881,0.0000961072513072899,missense|LC,19017436367,19,17436367,
MAGIX,ENSG00000269313,1,0.882257277837192,0.893131537521133,0.0000441679966282,missense|LC,23049163695,X,49163695,
SPIB,ENSG00000269404,1,0.786985603211353,0.915561195263591,0.000218071565308159,missense|LC,19050413941,19,50413941,
AL603832.3,ENSG00000271810,1,0.939415140889814,0.978838067790396,-0.0000895638214758099,missense|LC,1112697940,1,112697940,
NUDT3,ENSG00000272325,1,0.909909240467422,0.858696820620461,0.000157790157290256,missense|LC,6034288630,6,34288630,
IFNL4,ENSG00000272395,1,0.947627875696138,0.943701624802099,-0.0000633489488104767,missense|LC,19039243536,19,39243536,
MUSTN1,ENSG00000272573,1,0.962553664914859,0.940297004277829,-0.0000363284327781832,missense|LC,3052829033,3,52829033,
AL121845.2,ENSG00000273047,1,0.852065295252912,0.806270908071893,-0.000165967854713616,missense|LC,20063733272,20,63733272,
AL121845.3,ENSG00000273154,1,0.96308357332549,0.813594625977299,-0.0000416717093069784,missense|LC,20063733101,20,63733101,
ZBTB8B,ENSG00000273274,1,0.969395515941495,0.917391988903124,-0.0000266234885851159,missense|LC,1032470549,1,32470549,
CASTOR2,ENSG00000274070,1,0.87489248607909,0.895382588727411,0.000144964260309929,missense|LC,7075007874,7,75007874,
C8orf89,ENSG00000274443,1,0.892017372644581,0.800043082860617,-0.00012193558435106,missense|LC,8073241383,8,73241383,
SEBOX,ENSG00000274529,1,0.830093949646559,0.850557125269163,0.00016744878579898,missense|LC,17028359261,17,28359261,
H2AC12,ENSG00000274997,1,0.933392434120099,0.851903548892814,-0.0000495539794464913,missense|LC,6027146273,6,27146273,
ZNF280B,ENSG00000275004,1,0.777528013231012,0.800934685774122,0.000137334093649987,missense|LC,22022487698,22,22487698,
AC018630.2,ENSG00000275778,1,0.887337711260827,0.788710536720591,-0.000287242025149055,missense|LC,12010845879,12,10845879,
DUSP14,ENSG00000276023,1,1,0.837110780462874,-0.0000073332220768184,missense|LC,17037512204,17,37512204,
KCNE1B,ENSG00000276289,1,0.782633430866221,0.931756563458707,-0.000570870026583741,missense|LC,21007819486,21,7819486,
AL021997.3,ENSG00000276302,1,0.792831917873103,0.981455595252847,-0.000258931960022044,missense|LC,6028271853,6,28271853,
CCL14,ENSG00000276409,1,0.977227438646264,0.88429904334971,-0.0000287616152745465,missense|LC,17035981301,17,35981301,
OR12D2,ENSG00000280236,1,1,0.89880172523208,-5.86276798443654e-7,missense|LC,6029396690,6,29396690,
AC006059.2,ENSG00000280571,1,0.907184253112321,0.954525083467539,0.0000474533220835225,missense|LC,3042700759,3,42700759,
ADORA3,ENSG00000282608,1,0.927075405191162,0.993086471556554,-0.0000714630548438899,missense|LC,1111499340,1,111499340,
AC020907.6,ENSG00000285526,1,0.81621413896704,0.914428106833184,0.00013337606344566,missense|LC,19035116164,19,35116164,
AC253536.7,ENSG00000285762,1,0.879242424337305,0.966317730925062,0.000278582797753119,missense|LC,22023969109,22,23969109,
AC012488.2,ENSG00000286165,1,0.809038208348385,0.849911073897985,-0.000220977601150987,missense|LC,2189666040,2,189666040,
AC242628.1,ENSG00000288626,1,0.831003156410224,0.920563925884684,0.000809274833968673,missense|LC,1147611763,1,147611763,
KDM5D,ENSG00000012817,,,,,missense|LC,NaN,,,
TNK2,ENSG00000061938,,,,,missense|LC,NaN,,,
DDX3Y,ENSG00000067048,,,,,missense|LC,NaN,,,
FKBP7,ENSG00000079150,,,,,missense|LC,NaN,,,
OSBPL6,ENSG00000079156,,,,,missense|LC,NaN,,,
GANAB,ENSG00000089597,,,,,missense|LC,NaN,,,
CERS4,ENSG00000090661,,,,,missense|LC,NaN,,,
PCDH11Y,ENSG00000099715,,,,,missense|LC,NaN,,,
HNRNPM,ENSG00000099783,,,,,missense|LC,NaN,,,
MARCHF2,ENSG00000099785,,,,,missense|LC,NaN,,,
SCGB2A2,ENSG00000110484,,,,,missense|LC,NaN,,,
FBXO5,ENSG00000112029,,,,,missense|LC,NaN,,,
MTRF1L,ENSG00000112031,,,,,missense|LC,NaN,,,
ACAP2,ENSG00000114331,,,,,missense|LC,NaN,,,
USP9Y,ENSG00000114374,,,,,missense|LC,NaN,,,
PLEKHA3,ENSG00000116095,,,,,missense|LC,NaN,,,
RHOU,ENSG00000116574,,,,,missense|LC,NaN,,,
MYCT1,ENSG00000120279,,,,,missense|LC,NaN,,,
SCGB1D2,ENSG00000124935,,,,,missense|LC,NaN,,,
SCGB2A1,ENSG00000124939,,,,,missense|LC,NaN,,,
AHNAK,ENSG00000124942,,,,,missense|LC,NaN,,,
SYNE1,ENSG00000131018,,,,,missense|LC,NaN,,,
CCL25,ENSG00000131142,,,,,missense|LC,NaN,,,
PRAM1,ENSG00000133246,,,,,missense|LC,NaN,,,
ZNF414,ENSG00000133250,,,,,missense|LC,NaN,,,
WDR74,ENSG00000133316,,,,,missense|LC,NaN,,,
ADAMTS10,ENSG00000142303,,,,,missense|LC,NaN,,,
MYO1F,ENSG00000142347,,,,,missense|LC,NaN,,,
FBN3,ENSG00000142449,,,,,missense|LC,NaN,,,
ARF1,ENSG00000143761,,,,,missense|LC,NaN,,,
GUK1,ENSG00000143774,,,,,missense|LC,NaN,,,
C1orf35,ENSG00000143793,,,,,missense|LC,NaN,,,
MUC4,ENSG00000145113,,,,,missense|LC,NaN,,,
VIP,ENSG00000146469,,,,,missense|LC,NaN,,,
TUT1,ENSG00000149016,,,,,missense|LC,NaN,,,
SCGB1A1,ENSG00000149021,,,,,missense|LC,NaN,,,
SLC22A8,ENSG00000149452,,,,,missense|LC,NaN,,,
MTA2,ENSG00000149480,,,,,missense|LC,NaN,,,
ROM1,ENSG00000149489,,,,,missense|LC,NaN,,,
EML3,ENSG00000149499,,,,,missense|LC,NaN,,,
INCENP,ENSG00000149503,,,,,missense|LC,NaN,,,
B3GAT3,ENSG00000149541,,,,,missense|LC,NaN,,,
WNT3A,ENSG00000154342,,,,,missense|LC,NaN,,,
OBSCN,ENSG00000154358,,,,,missense|LC,NaN,,,
TRIM11,ENSG00000154370,,,,,missense|LC,NaN,,,
TMSB4Y,ENSG00000154620,,,,,missense|LC,NaN,,,
RBM45,ENSG00000155636,,,,,missense|LC,NaN,,,
TTN,ENSG00000155657,,,,,missense|LC,NaN,,,
ASRGL1,ENSG00000162174,,,,,missense|LC,NaN,,,
GNG3,ENSG00000162188,,,,,missense|LC,NaN,,,
UBXN1,ENSG00000162191,,,,,missense|LC,NaN,,,
LBHD1,ENSG00000162194,,,,,missense|LC,NaN,,,
TTC9C,ENSG00000162222,,,,,missense|LC,NaN,,,
TAF6L,ENSG00000162227,,,,,missense|LC,NaN,,,
NXF1,ENSG00000162231,,,,,missense|LC,NaN,,,
STX5,ENSG00000162236,,,,,missense|LC,NaN,,,
MRPL55,ENSG00000162910,,,,,missense|LC,NaN,,,
TRIM17,ENSG00000162931,,,,,missense|LC,NaN,,,
CCDC141,ENSG00000163492,,,,,missense|LC,NaN,,,
ANGPTL4,ENSG00000167772,,,,,missense|LC,NaN,,,
AC010323.1,ENSG00000167774,,,,,missense|LC,NaN,,,
CD320,ENSG00000167775,,,,,missense|LC,NaN,,,
ZNF558,ENSG00000167785,,,,,missense|LC,NaN,,,
BSCL2,ENSG00000168000,,,,,missense|LC,NaN,,,
POLR2G,ENSG00000168002,,,,,missense|LC,NaN,,,
SLC3A2,ENSG00000168003,,,,,missense|LC,NaN,,,
H3-4,ENSG00000168148,,,,,missense|LC,NaN,,,
RNF187,ENSG00000168159,,,,,missense|LC,NaN,,,
SCGB1D1,ENSG00000168515,,,,,missense|LC,NaN,,,
CHRM1,ENSG00000168539,,,,,missense|LC,NaN,,,
TMEM223,ENSG00000168569,,,,,missense|LC,NaN,,,
MBD3L1,ENSG00000170948,,,,,missense|LC,NaN,,,
XXYLT1,ENSG00000173950,,,,,missense|LC,NaN,,,
MUC20,ENSG00000176945,,,,,missense|LC,NaN,,,
LRRN4CL,ENSG00000177363,,,,,missense|LC,NaN,,,
PRKRA,ENSG00000180228,,,,,missense|LC,NaN,,,
MUC16,ENSG00000181143,,,,,missense|LC,NaN,,,
H2AW,ENSG00000181218,,,,,missense|LC,NaN,,,
OR2Z1,ENSG00000181733,,,,,missense|LC,NaN,,,
ACTL9,ENSG00000181786,,,,,missense|LC,NaN,,,
IBA57,ENSG00000181873,,,,,missense|LC,NaN,,,
UTY,ENSG00000183878,,,,,missense|LC,NaN,,,
PPP1R2,ENSG00000184203,,,,,missense|LC,NaN,,,
INTS5,ENSG00000185085,,,,,missense|LC,NaN,,,
RAB11B,ENSG00000185236,,,,,missense|LC,NaN,,,
TMEM179B,ENSG00000185475,,,,,missense|LC,NaN,,,
ZBTB3,ENSG00000185670,,,,,missense|LC,NaN,,,
KANK3,ENSG00000186994,,,,,missense|LC,NaN,,,
APOD,ENSG00000189058,,,,,missense|LC,NaN,,,
H2BU1,ENSG00000196890,,,,,missense|LC,NaN,,,
SCGB1D4,ENSG00000197745,,,,,missense|LC,NaN,,,
SLC22A6,ENSG00000197901,,,,,missense|LC,NaN,,,
GJC2,ENSG00000198835,,,,,missense|LC,NaN,,,
PJVK,ENSG00000204311,,,,,missense|LC,NaN,,,
UQCC3,ENSG00000204922,,,,,missense|LC,NaN,,,
HNRNPUL2,ENSG00000214753,,,,,missense|LC,NaN,,,
CSKMT,ENSG00000214756,,,,,missense|LC,NaN,,,
RPS28,ENSG00000233927,,,,,missense|LC,NaN,,,
HNRNPUL2-BSCL2,ENSG00000234857,,,,,missense|LC,NaN,,,
EEF1G,ENSG00000254772,,,,,missense|LC,NaN,,,
AP001458.2,ENSG00000255432,,,,,missense|LC,NaN,,,
AP002990.1,ENSG00000255508,,,,,missense|LC,NaN,,,
NDUFA7,ENSG00000267855,,,,,missense|LC,NaN,,,
C11orf98,ENSG00000278615,,,,,missense|LC,NaN,,,
